"","station_id","stationname","date","daytype","rides","date_ymd","month","month_char","year","day","day_of_week","loc","lineColor"
"50",40040,"Quincy/Wells","12/03/2017","U",1142,2017-12-03,12,"Dec",2017,3,"Sunday","(41.878723, -87.63374)","orange"
"115",40040,"Quincy/Wells","12/19/2017","W",8056,2017-12-19,12,"Dec",2017,19,"Tuesday","(41.878723, -87.63374)","orange"
"126",40040,"Quincy/Wells","12/28/2017","W",5122,2017-12-28,12,"Dec",2017,28,"Thursday","(41.878723, -87.63374)","orange"
"160",40040,"Quincy/Wells","12/07/2017","W",8099,2017-12-07,12,"Dec",2017,7,"Thursday","(41.878723, -87.63374)","orange"
"169",40040,"Quincy/Wells","12/13/2017","W",8000,2017-12-13,12,"Dec",2017,13,"Wednesday","(41.878723, -87.63374)","orange"
"241",40040,"Quincy/Wells","12/06/2017","W",8346,2017-12-06,12,"Dec",2017,6,"Wednesday","(41.878723, -87.63374)","orange"
"296",40040,"Quincy/Wells","12/27/2017","W",4917,2017-12-27,12,"Dec",2017,27,"Wednesday","(41.878723, -87.63374)","orange"
"590",40040,"Quincy/Wells","12/24/2017","U",578,2017-12-24,12,"Dec",2017,24,"Sunday","(41.878723, -87.63374)","orange"
"649",40040,"Quincy/Wells","12/15/2017","W",6924,2017-12-15,12,"Dec",2017,15,"Friday","(41.878723, -87.63374)","orange"
"669",40040,"Quincy/Wells","12/05/2017","W",8513,2017-12-05,12,"Dec",2017,5,"Tuesday","(41.878723, -87.63374)","orange"
"853",40040,"Quincy/Wells","12/14/2017","W",7892,2017-12-14,12,"Dec",2017,14,"Thursday","(41.878723, -87.63374)","orange"
"1200",40040,"Quincy/Wells","12/25/2017","U",658,2017-12-25,12,"Dec",2017,25,"Monday","(41.878723, -87.63374)","orange"
"1341",40040,"Quincy/Wells","12/20/2017","W",7734,2017-12-20,12,"Dec",2017,20,"Wednesday","(41.878723, -87.63374)","orange"
"1385",40040,"Quincy/Wells","12/01/2017","W",7666,2017-12-01,12,"Dec",2017,1,"Friday","(41.878723, -87.63374)","orange"
"1520",40040,"Quincy/Wells","12/21/2017","W",6974,2017-12-21,12,"Dec",2017,21,"Thursday","(41.878723, -87.63374)","orange"
"1532",40040,"Quincy/Wells","12/26/2017","W",3326,2017-12-26,12,"Dec",2017,26,"Tuesday","(41.878723, -87.63374)","orange"
"1681",40040,"Quincy/Wells","12/23/2017","A",1028,2017-12-23,12,"Dec",2017,23,"Saturday","(41.878723, -87.63374)","orange"
"1972",40040,"Quincy/Wells","12/11/2017","W",8324,2017-12-11,12,"Dec",2017,11,"Monday","(41.878723, -87.63374)","orange"
"2217",40040,"Quincy/Wells","12/18/2017","W",7866,2017-12-18,12,"Dec",2017,18,"Monday","(41.878723, -87.63374)","orange"
"2287",40040,"Quincy/Wells","12/04/2017","W",8357,2017-12-04,12,"Dec",2017,4,"Monday","(41.878723, -87.63374)","orange"
"2833",40040,"Quincy/Wells","12/22/2017","W",4538,2017-12-22,12,"Dec",2017,22,"Friday","(41.878723, -87.63374)","orange"
"2860",40040,"Quincy/Wells","12/08/2017","W",7291,2017-12-08,12,"Dec",2017,8,"Friday","(41.878723, -87.63374)","orange"
"2905",40040,"Quincy/Wells","12/02/2017","A",1322,2017-12-02,12,"Dec",2017,2,"Saturday","(41.878723, -87.63374)","orange"
"3167",40040,"Quincy/Wells","12/09/2017","A",1263,2017-12-09,12,"Dec",2017,9,"Saturday","(41.878723, -87.63374)","orange"
"3224",40040,"Quincy/Wells","12/17/2017","U",974,2017-12-17,12,"Dec",2017,17,"Sunday","(41.878723, -87.63374)","orange"
"3253",40040,"Quincy/Wells","12/31/2017","U",1082,2017-12-31,12,"Dec",2017,31,"Sunday","(41.878723, -87.63374)","orange"
"3539",40040,"Quincy/Wells","12/16/2017","A",1219,2017-12-16,12,"Dec",2017,16,"Saturday","(41.878723, -87.63374)","orange"
"3752",40040,"Quincy/Wells","12/29/2017","W",4404,2017-12-29,12,"Dec",2017,29,"Friday","(41.878723, -87.63374)","orange"
"4346",40040,"Quincy/Wells","12/12/2017","W",8381,2017-12-12,12,"Dec",2017,12,"Tuesday","(41.878723, -87.63374)","orange"
"4467",40040,"Quincy/Wells","12/30/2017","A",1377,2017-12-30,12,"Dec",2017,30,"Saturday","(41.878723, -87.63374)","orange"
"4491",40040,"Quincy/Wells","12/10/2017","U",920,2017-12-10,12,"Dec",2017,10,"Sunday","(41.878723, -87.63374)","orange"
"4711",40040,"Quincy/Wells","03/04/2018","U",1084,2018-03-04,3,"Mar",2018,4,"Sunday","(41.878723, -87.63374)","orange"
"4860",40040,"Quincy/Wells","02/23/2018","W",7327,2018-02-23,2,"Feb",2018,23,"Friday","(41.878723, -87.63374)","orange"
"4872",40040,"Quincy/Wells","01/01/2018","U",873,2018-01-01,1,"Jan",2018,1,"Monday","(41.878723, -87.63374)","orange"
"5065",40040,"Quincy/Wells","03/01/2018","W",7678,2018-03-01,3,"Mar",2018,1,"Thursday","(41.878723, -87.63374)","orange"
"5392",40040,"Quincy/Wells","01/09/2018","W",8331,2018-01-09,1,"Jan",2018,9,"Tuesday","(41.878723, -87.63374)","orange"
"5500",40040,"Quincy/Wells","02/09/2018","W",4694,2018-02-09,2,"Feb",2018,9,"Friday","(41.878723, -87.63374)","orange"
"5630",40040,"Quincy/Wells","01/04/2018","W",8106,2018-01-04,1,"Jan",2018,4,"Thursday","(41.878723, -87.63374)","orange"
"5717",40040,"Quincy/Wells","01/30/2018","W",8168,2018-01-30,1,"Jan",2018,30,"Tuesday","(41.878723, -87.63374)","orange"
"5840",40040,"Quincy/Wells","03/29/2018","W",7682,2018-03-29,3,"Mar",2018,29,"Thursday","(41.878723, -87.63374)","orange"
"6058",40040,"Quincy/Wells","02/16/2018","W",7263,2018-02-16,2,"Feb",2018,16,"Friday","(41.878723, -87.63374)","orange"
"6203",40040,"Quincy/Wells","02/14/2018","W",8201,2018-02-14,2,"Feb",2018,14,"Wednesday","(41.878723, -87.63374)","orange"
"6286",40040,"Quincy/Wells","02/02/2018","W",7169,2018-02-02,2,"Feb",2018,2,"Friday","(41.878723, -87.63374)","orange"
"6897",40040,"Quincy/Wells","02/18/2018","U",1331,2018-02-18,2,"Feb",2018,18,"Sunday","(41.878723, -87.63374)","orange"
"7240",40040,"Quincy/Wells","02/11/2018","U",976,2018-02-11,2,"Feb",2018,11,"Sunday","(41.878723, -87.63374)","orange"
"7516",40040,"Quincy/Wells","01/25/2018","W",8154,2018-01-25,1,"Jan",2018,25,"Thursday","(41.878723, -87.63374)","orange"
"7593",40040,"Quincy/Wells","02/06/2018","W",7942,2018-02-06,2,"Feb",2018,6,"Tuesday","(41.878723, -87.63374)","orange"
"8111",40040,"Quincy/Wells","02/25/2018","U",1071,2018-02-25,2,"Feb",2018,25,"Sunday","(41.878723, -87.63374)","orange"
"8489",40040,"Quincy/Wells","03/02/2018","W",7144,2018-03-02,3,"Mar",2018,2,"Friday","(41.878723, -87.63374)","orange"
"8812",40040,"Quincy/Wells","01/02/2018","W",7196,2018-01-02,1,"Jan",2018,2,"Tuesday","(41.878723, -87.63374)","orange"
"8858",40040,"Quincy/Wells","03/28/2018","W",8132,2018-03-28,3,"Mar",2018,28,"Wednesday","(41.878723, -87.63374)","orange"
"9125",40040,"Quincy/Wells","01/03/2018","W",7864,2018-01-03,1,"Jan",2018,3,"Wednesday","(41.878723, -87.63374)","orange"
"9535",40040,"Quincy/Wells","03/30/2018","W",5980,2018-03-30,3,"Mar",2018,30,"Friday","(41.878723, -87.63374)","orange"
"9650",40040,"Quincy/Wells","03/17/2018","A",2174,2018-03-17,3,"Mar",2018,17,"Saturday","(41.878723, -87.63374)","orange"
"9656",40040,"Quincy/Wells","02/22/2018","W",8030,2018-02-22,2,"Feb",2018,22,"Thursday","(41.878723, -87.63374)","orange"
"9693",40040,"Quincy/Wells","03/18/2018","U",1317,2018-03-18,3,"Mar",2018,18,"Sunday","(41.878723, -87.63374)","orange"
"9834",40040,"Quincy/Wells","03/19/2018","W",8377,2018-03-19,3,"Mar",2018,19,"Monday","(41.878723, -87.63374)","orange"
"9871",40040,"Quincy/Wells","01/31/2018","W",7870,2018-01-31,1,"Jan",2018,31,"Wednesday","(41.878723, -87.63374)","orange"
"9891",40040,"Quincy/Wells","03/24/2018","A",1458,2018-03-24,3,"Mar",2018,24,"Saturday","(41.878723, -87.63374)","orange"
"9970",40040,"Quincy/Wells","03/31/2018","A",1367,2018-03-31,3,"Mar",2018,31,"Saturday","(41.878723, -87.63374)","orange"
"10019",40040,"Quincy/Wells","03/14/2018","W",8122,2018-03-14,3,"Mar",2018,14,"Wednesday","(41.878723, -87.63374)","orange"
"10184",40040,"Quincy/Wells","01/24/2018","W",8219,2018-01-24,1,"Jan",2018,24,"Wednesday","(41.878723, -87.63374)","orange"
"10260",40040,"Quincy/Wells","01/28/2018","U",995,2018-01-28,1,"Jan",2018,28,"Sunday","(41.878723, -87.63374)","orange"
"10346",40040,"Quincy/Wells","03/27/2018","W",8065,2018-03-27,3,"Mar",2018,27,"Tuesday","(41.878723, -87.63374)","orange"
"10371",40040,"Quincy/Wells","02/20/2018","W",7997,2018-02-20,2,"Feb",2018,20,"Tuesday","(41.878723, -87.63374)","orange"
"10452",40040,"Quincy/Wells","03/16/2018","W",7842,2018-03-16,3,"Mar",2018,16,"Friday","(41.878723, -87.63374)","orange"
"10454",40040,"Quincy/Wells","01/06/2018","A",1011,2018-01-06,1,"Jan",2018,6,"Saturday","(41.878723, -87.63374)","orange"
"10750",40040,"Quincy/Wells","03/25/2018","U",1298,2018-03-25,3,"Mar",2018,25,"Sunday","(41.878723, -87.63374)","orange"
"10809",40040,"Quincy/Wells","01/23/2018","W",8245,2018-01-23,1,"Jan",2018,23,"Tuesday","(41.878723, -87.63374)","orange"
"11093",40040,"Quincy/Wells","01/10/2018","W",8170,2018-01-10,1,"Jan",2018,10,"Wednesday","(41.878723, -87.63374)","orange"
"11292",40040,"Quincy/Wells","03/06/2018","W",8120,2018-03-06,3,"Mar",2018,6,"Tuesday","(41.878723, -87.63374)","orange"
"11334",40040,"Quincy/Wells","02/04/2018","U",846,2018-02-04,2,"Feb",2018,4,"Sunday","(41.878723, -87.63374)","orange"
"11345",40040,"Quincy/Wells","01/11/2018","W",8166,2018-01-11,1,"Jan",2018,11,"Thursday","(41.878723, -87.63374)","orange"
"11638",40040,"Quincy/Wells","01/22/2018","W",7945,2018-01-22,1,"Jan",2018,22,"Monday","(41.878723, -87.63374)","orange"
"11731",40040,"Quincy/Wells","02/26/2018","W",8067,2018-02-26,2,"Feb",2018,26,"Monday","(41.878723, -87.63374)","orange"
"11738",40040,"Quincy/Wells","02/19/2018","W",4706,2018-02-19,2,"Feb",2018,19,"Monday","(41.878723, -87.63374)","orange"
"11936",40040,"Quincy/Wells","01/08/2018","W",8267,2018-01-08,1,"Jan",2018,8,"Monday","(41.878723, -87.63374)","orange"
"12070",40040,"Quincy/Wells","01/26/2018","W",7378,2018-01-26,1,"Jan",2018,26,"Friday","(41.878723, -87.63374)","orange"
"12140",40040,"Quincy/Wells","03/08/2018","W",8072,2018-03-08,3,"Mar",2018,8,"Thursday","(41.878723, -87.63374)","orange"
"12178",40040,"Quincy/Wells","03/22/2018","W",8014,2018-03-22,3,"Mar",2018,22,"Thursday","(41.878723, -87.63374)","orange"
"12221",40040,"Quincy/Wells","02/28/2018","W",8105,2018-02-28,2,"Feb",2018,28,"Wednesday","(41.878723, -87.63374)","orange"
"12438",40040,"Quincy/Wells","01/07/2018","U",804,2018-01-07,1,"Jan",2018,7,"Sunday","(41.878723, -87.63374)","orange"
"12581",40040,"Quincy/Wells","02/10/2018","A",1140,2018-02-10,2,"Feb",2018,10,"Saturday","(41.878723, -87.63374)","orange"
"12718",40040,"Quincy/Wells","03/26/2018","W",8235,2018-03-26,3,"Mar",2018,26,"Monday","(41.878723, -87.63374)","orange"
"12851",40040,"Quincy/Wells","03/11/2018","U",1201,2018-03-11,3,"Mar",2018,11,"Sunday","(41.878723, -87.63374)","orange"
"13228",40040,"Quincy/Wells","03/20/2018","W",8328,2018-03-20,3,"Mar",2018,20,"Tuesday","(41.878723, -87.63374)","orange"
"13432",40040,"Quincy/Wells","03/09/2018","W",7371,2018-03-09,3,"Mar",2018,9,"Friday","(41.878723, -87.63374)","orange"
"13459",40040,"Quincy/Wells","01/12/2018","W",7472,2018-01-12,1,"Jan",2018,12,"Friday","(41.878723, -87.63374)","orange"
"13501",40040,"Quincy/Wells","01/21/2018","U",878,2018-01-21,1,"Jan",2018,21,"Sunday","(41.878723, -87.63374)","orange"
"13757",40040,"Quincy/Wells","03/12/2018","W",8190,2018-03-12,3,"Mar",2018,12,"Monday","(41.878723, -87.63374)","orange"
"13765",40040,"Quincy/Wells","01/16/2018","W",8329,2018-01-16,1,"Jan",2018,16,"Tuesday","(41.878723, -87.63374)","orange"
"13924",40040,"Quincy/Wells","02/27/2018","W",8108,2018-02-27,2,"Feb",2018,27,"Tuesday","(41.878723, -87.63374)","orange"
"14017",40040,"Quincy/Wells","01/17/2018","W",8245,2018-01-17,1,"Jan",2018,17,"Wednesday","(41.878723, -87.63374)","orange"
"14043",40040,"Quincy/Wells","02/24/2018","A",1292,2018-02-24,2,"Feb",2018,24,"Saturday","(41.878723, -87.63374)","orange"
"14561",40040,"Quincy/Wells","02/03/2018","A",1114,2018-02-03,2,"Feb",2018,3,"Saturday","(41.878723, -87.63374)","orange"
"14760",40040,"Quincy/Wells","01/18/2018","W",7783,2018-01-18,1,"Jan",2018,18,"Thursday","(41.878723, -87.63374)","orange"
"14818",40040,"Quincy/Wells","02/07/2018","W",8086,2018-02-07,2,"Feb",2018,7,"Wednesday","(41.878723, -87.63374)","orange"
"14847",40040,"Quincy/Wells","02/05/2018","W",8324,2018-02-05,2,"Feb",2018,5,"Monday","(41.878723, -87.63374)","orange"
"14877",40040,"Quincy/Wells","02/08/2018","W",8378,2018-02-08,2,"Feb",2018,8,"Thursday","(41.878723, -87.63374)","orange"
"14904",40040,"Quincy/Wells","02/12/2018","W",8295,2018-02-12,2,"Feb",2018,12,"Monday","(41.878723, -87.63374)","orange"
"14921",40040,"Quincy/Wells","01/20/2018","A",1792,2018-01-20,1,"Jan",2018,20,"Saturday","(41.878723, -87.63374)","orange"
"14925",40040,"Quincy/Wells","02/21/2018","W",8148,2018-02-21,2,"Feb",2018,21,"Wednesday","(41.878723, -87.63374)","orange"
"15002",40040,"Quincy/Wells","03/05/2018","W",8233,2018-03-05,3,"Mar",2018,5,"Monday","(41.878723, -87.63374)","orange"
"15337",40040,"Quincy/Wells","03/15/2018","W",8177,2018-03-15,3,"Mar",2018,15,"Thursday","(41.878723, -87.63374)","orange"
"15429",40040,"Quincy/Wells","03/03/2018","A",1361,2018-03-03,3,"Mar",2018,3,"Saturday","(41.878723, -87.63374)","orange"
"15557",40040,"Quincy/Wells","01/15/2018","W",3922,2018-01-15,1,"Jan",2018,15,"Monday","(41.878723, -87.63374)","orange"
"15649",40040,"Quincy/Wells","02/13/2018","W",8362,2018-02-13,2,"Feb",2018,13,"Tuesday","(41.878723, -87.63374)","orange"
"15654",40040,"Quincy/Wells","01/19/2018","W",7433,2018-01-19,1,"Jan",2018,19,"Friday","(41.878723, -87.63374)","orange"
"15908",40040,"Quincy/Wells","03/13/2018","W",8304,2018-03-13,3,"Mar",2018,13,"Tuesday","(41.878723, -87.63374)","orange"
"16034",40040,"Quincy/Wells","03/07/2018","W",8143,2018-03-07,3,"Mar",2018,7,"Wednesday","(41.878723, -87.63374)","orange"
"16062",40040,"Quincy/Wells","02/17/2018","A",1172,2018-02-17,2,"Feb",2018,17,"Saturday","(41.878723, -87.63374)","orange"
"16311",40040,"Quincy/Wells","01/13/2018","A",1323,2018-01-13,1,"Jan",2018,13,"Saturday","(41.878723, -87.63374)","orange"
"16432",40040,"Quincy/Wells","03/23/2018","W",7324,2018-03-23,3,"Mar",2018,23,"Friday","(41.878723, -87.63374)","orange"
"16433",40040,"Quincy/Wells","01/05/2018","W",7328,2018-01-05,1,"Jan",2018,5,"Friday","(41.878723, -87.63374)","orange"
"16645",40040,"Quincy/Wells","03/10/2018","A",1430,2018-03-10,3,"Mar",2018,10,"Saturday","(41.878723, -87.63374)","orange"
"16893",40040,"Quincy/Wells","02/01/2018","W",7913,2018-02-01,2,"Feb",2018,1,"Thursday","(41.878723, -87.63374)","orange"
"16971",40040,"Quincy/Wells","02/15/2018","W",7833,2018-02-15,2,"Feb",2018,15,"Thursday","(41.878723, -87.63374)","orange"
"17002",40040,"Quincy/Wells","01/14/2018","U",1062,2018-01-14,1,"Jan",2018,14,"Sunday","(41.878723, -87.63374)","orange"
"17088",40040,"Quincy/Wells","03/21/2018","W",8130,2018-03-21,3,"Mar",2018,21,"Wednesday","(41.878723, -87.63374)","orange"
"17238",40040,"Quincy/Wells","01/29/2018","W",8195,2018-01-29,1,"Jan",2018,29,"Monday","(41.878723, -87.63374)","orange"
"17505",40040,"Quincy/Wells","01/27/2018","A",1214,2018-01-27,1,"Jan",2018,27,"Saturday","(41.878723, -87.63374)","orange"
"17603",40040,"Quincy/Wells","04/05/2018","W",8273,2018-04-05,4,"Apr",2018,5,"Thursday","(41.878723, -87.63374)","orange"
"17646",40040,"Quincy/Wells","06/01/2018","W",7692,2018-06-01,6,"Jun",2018,1,"Friday","(41.878723, -87.63374)","orange"
"17770",40040,"Quincy/Wells","04/18/2018","W",8409,2018-04-18,4,"Apr",2018,18,"Wednesday","(41.878723, -87.63374)","orange"
"17784",40040,"Quincy/Wells","05/01/2018","W",8017,2018-05-01,5,"May",2018,1,"Tuesday","(41.878723, -87.63374)","orange"
"17987",40040,"Quincy/Wells","06/24/2018","U",2270,2018-06-24,6,"Jun",2018,24,"Sunday","(41.878723, -87.63374)","orange"
"18424",40040,"Quincy/Wells","04/25/2018","W",8062,2018-04-25,4,"Apr",2018,25,"Wednesday","(41.878723, -87.63374)","orange"
"18702",40040,"Quincy/Wells","05/26/2018","A",1721,2018-05-26,5,"May",2018,26,"Saturday","(41.878723, -87.63374)","orange"
"18836",40040,"Quincy/Wells","06/03/2018","U",1345,2018-06-03,6,"Jun",2018,3,"Sunday","(41.878723, -87.63374)","orange"
"18883",40040,"Quincy/Wells","05/04/2018","W",6905,2018-05-04,5,"May",2018,4,"Friday","(41.878723, -87.63374)","orange"
"18934",40040,"Quincy/Wells","04/22/2018","U",1130,2018-04-22,4,"Apr",2018,22,"Sunday","(41.878723, -87.63374)","orange"
"19082",40040,"Quincy/Wells","06/06/2018","W",8721,2018-06-06,6,"Jun",2018,6,"Wednesday","(41.878723, -87.63374)","orange"
"19199",40040,"Quincy/Wells","04/06/2018","W",7527,2018-04-06,4,"Apr",2018,6,"Friday","(41.878723, -87.63374)","orange"
"19714",40040,"Quincy/Wells","05/27/2018","U",1710,2018-05-27,5,"May",2018,27,"Sunday","(41.878723, -87.63374)","orange"
"19863",40040,"Quincy/Wells","06/25/2018","W",8242,2018-06-25,6,"Jun",2018,25,"Monday","(41.878723, -87.63374)","orange"
"19979",40040,"Quincy/Wells","04/23/2018","W",7856,2018-04-23,4,"Apr",2018,23,"Monday","(41.878723, -87.63374)","orange"
"20171",40040,"Quincy/Wells","06/21/2018","W",8300,2018-06-21,6,"Jun",2018,21,"Thursday","(41.878723, -87.63374)","orange"
"20261",40040,"Quincy/Wells","05/02/2018","W",8402,2018-05-02,5,"May",2018,2,"Wednesday","(41.878723, -87.63374)","orange"
"20348",40040,"Quincy/Wells","06/11/2018","W",7342,2018-06-11,6,"Jun",2018,11,"Monday","(41.878723, -87.63374)","orange"
"20552",40040,"Quincy/Wells","04/16/2018","W",8228,2018-04-16,4,"Apr",2018,16,"Monday","(41.878723, -87.63374)","orange"
"20788",40040,"Quincy/Wells","06/18/2018","W",8696,2018-06-18,6,"Jun",2018,18,"Monday","(41.878723, -87.63374)","orange"
"20812",40040,"Quincy/Wells","06/19/2018","W",8826,2018-06-19,6,"Jun",2018,19,"Tuesday","(41.878723, -87.63374)","orange"
"20998",40040,"Quincy/Wells","06/02/2018","A",1400,2018-06-02,6,"Jun",2018,2,"Saturday","(41.878723, -87.63374)","orange"
"21016",40040,"Quincy/Wells","05/25/2018","W",6408,2018-05-25,5,"May",2018,25,"Friday","(41.878723, -87.63374)","orange"
"21080",40040,"Quincy/Wells","04/15/2018","U",1079,2018-04-15,4,"Apr",2018,15,"Sunday","(41.878723, -87.63374)","orange"
"21135",40040,"Quincy/Wells","05/07/2018","W",8400,2018-05-07,5,"May",2018,7,"Monday","(41.878723, -87.63374)","orange"
"21400",40040,"Quincy/Wells","06/12/2018","W",8535,2018-06-12,6,"Jun",2018,12,"Tuesday","(41.878723, -87.63374)","orange"
"21517",40040,"Quincy/Wells","04/21/2018","A",1260,2018-04-21,4,"Apr",2018,21,"Saturday","(41.878723, -87.63374)","orange"
"21687",40040,"Quincy/Wells","06/10/2018","U",1159,2018-06-10,6,"Jun",2018,10,"Sunday","(41.878723, -87.63374)","orange"
"21764",40040,"Quincy/Wells","06/05/2018","W",8805,2018-06-05,6,"Jun",2018,5,"Tuesday","(41.878723, -87.63374)","orange"
"21791",40040,"Quincy/Wells","05/19/2018","A",1416,2018-05-19,5,"May",2018,19,"Saturday","(41.878723, -87.63374)","orange"
"21863",40040,"Quincy/Wells","04/12/2018","W",7946,2018-04-12,4,"Apr",2018,12,"Thursday","(41.878723, -87.63374)","orange"
"22049",40040,"Quincy/Wells","06/16/2018","A",1553,2018-06-16,6,"Jun",2018,16,"Saturday","(41.878723, -87.63374)","orange"
"22110",40040,"Quincy/Wells","05/13/2018","U",1305,2018-05-13,5,"May",2018,13,"Sunday","(41.878723, -87.63374)","orange"
"22319",40040,"Quincy/Wells","05/21/2018","W",8050,2018-05-21,5,"May",2018,21,"Monday","(41.878723, -87.63374)","orange"
"22849",40040,"Quincy/Wells","05/10/2018","W",8065,2018-05-10,5,"May",2018,10,"Thursday","(41.878723, -87.63374)","orange"
"23061",40040,"Quincy/Wells","04/28/2018","A",1593,2018-04-28,4,"Apr",2018,28,"Saturday","(41.878723, -87.63374)","orange"
"23187",40040,"Quincy/Wells","05/08/2018","W",8314,2018-05-08,5,"May",2018,8,"Tuesday","(41.878723, -87.63374)","orange"
"23196",40040,"Quincy/Wells","04/11/2018","W",8156,2018-04-11,4,"Apr",2018,11,"Wednesday","(41.878723, -87.63374)","orange"
"23304",40040,"Quincy/Wells","04/20/2018","W",7233,2018-04-20,4,"Apr",2018,20,"Friday","(41.878723, -87.63374)","orange"
"23499",40040,"Quincy/Wells","05/30/2018","W",8632,2018-05-30,5,"May",2018,30,"Wednesday","(41.878723, -87.63374)","orange"
"23686",40040,"Quincy/Wells","06/07/2018","W",8395,2018-06-07,6,"Jun",2018,7,"Thursday","(41.878723, -87.63374)","orange"
"23742",40040,"Quincy/Wells","05/31/2018","W",8324,2018-05-31,5,"May",2018,31,"Thursday","(41.878723, -87.63374)","orange"
"23772",40040,"Quincy/Wells","04/13/2018","W",7204,2018-04-13,4,"Apr",2018,13,"Friday","(41.878723, -87.63374)","orange"
"23819",40040,"Quincy/Wells","06/20/2018","W",8413,2018-06-20,6,"Jun",2018,20,"Wednesday","(41.878723, -87.63374)","orange"
"24041",40040,"Quincy/Wells","04/08/2018","U",1003,2018-04-08,4,"Apr",2018,8,"Sunday","(41.878723, -87.63374)","orange"
"24521",40040,"Quincy/Wells","04/09/2018","W",8046,2018-04-09,4,"Apr",2018,9,"Monday","(41.878723, -87.63374)","orange"
"24642",40040,"Quincy/Wells","06/17/2018","U",1343,2018-06-17,6,"Jun",2018,17,"Sunday","(41.878723, -87.63374)","orange"
"24685",40040,"Quincy/Wells","05/14/2018","W",8366,2018-05-14,5,"May",2018,14,"Monday","(41.878723, -87.63374)","orange"
"24888",40040,"Quincy/Wells","05/17/2018","W",8294,2018-05-17,5,"May",2018,17,"Thursday","(41.878723, -87.63374)","orange"
"24981",40040,"Quincy/Wells","05/20/2018","U",1173,2018-05-20,5,"May",2018,20,"Sunday","(41.878723, -87.63374)","orange"
"25388",40040,"Quincy/Wells","04/26/2018","W",7840,2018-04-26,4,"Apr",2018,26,"Thursday","(41.878723, -87.63374)","orange"
"25532",40040,"Quincy/Wells","06/29/2018","W",7785,2018-06-29,6,"Jun",2018,29,"Friday","(41.878723, -87.63374)","orange"
"25712",40040,"Quincy/Wells","06/04/2018","W",8341,2018-06-04,6,"Jun",2018,4,"Monday","(41.878723, -87.63374)","orange"
"25713",40040,"Quincy/Wells","04/24/2018","W",8113,2018-04-24,4,"Apr",2018,24,"Tuesday","(41.878723, -87.63374)","orange"
"25820",40040,"Quincy/Wells","05/11/2018","W",7379,2018-05-11,5,"May",2018,11,"Friday","(41.878723, -87.63374)","orange"
"26054",40040,"Quincy/Wells","04/07/2018","A",1495,2018-04-07,4,"Apr",2018,7,"Saturday","(41.878723, -87.63374)","orange"
"26225",40040,"Quincy/Wells","06/09/2018","A",1575,2018-06-09,6,"Jun",2018,9,"Saturday","(41.878723, -87.63374)","orange"
"26529",40040,"Quincy/Wells","05/12/2018","A",1270,2018-05-12,5,"May",2018,12,"Saturday","(41.878723, -87.63374)","orange"
"26558",40040,"Quincy/Wells","06/23/2018","A",1706,2018-06-23,6,"Jun",2018,23,"Saturday","(41.878723, -87.63374)","orange"
"26718",40040,"Quincy/Wells","05/24/2018","W",7909,2018-05-24,5,"May",2018,24,"Thursday","(41.878723, -87.63374)","orange"
"26846",40040,"Quincy/Wells","04/03/2018","W",8226,2018-04-03,4,"Apr",2018,3,"Tuesday","(41.878723, -87.63374)","orange"
"26910",40040,"Quincy/Wells","06/15/2018","W",7134,2018-06-15,6,"Jun",2018,15,"Friday","(41.878723, -87.63374)","orange"
"26996",40040,"Quincy/Wells","05/28/2018","U",1663,2018-05-28,5,"May",2018,28,"Monday","(41.878723, -87.63374)","orange"
"27096",40040,"Quincy/Wells","06/14/2018","W",7912,2018-06-14,6,"Jun",2018,14,"Thursday","(41.878723, -87.63374)","orange"
"27327",40040,"Quincy/Wells","04/01/2018","U",1300,2018-04-01,4,"Apr",2018,1,"Sunday","(41.878723, -87.63374)","orange"
"27333",40040,"Quincy/Wells","05/29/2018","W",8541,2018-05-29,5,"May",2018,29,"Tuesday","(41.878723, -87.63374)","orange"
"27367",40040,"Quincy/Wells","04/02/2018","W",8114,2018-04-02,4,"Apr",2018,2,"Monday","(41.878723, -87.63374)","orange"
"27400",40040,"Quincy/Wells","04/30/2018","W",7938,2018-04-30,4,"Apr",2018,30,"Monday","(41.878723, -87.63374)","orange"
"27429",40040,"Quincy/Wells","06/13/2018","W",8428,2018-06-13,6,"Jun",2018,13,"Wednesday","(41.878723, -87.63374)","orange"
"27519",40040,"Quincy/Wells","06/26/2018","W",8740,2018-06-26,6,"Jun",2018,26,"Tuesday","(41.878723, -87.63374)","orange"
"27594",40040,"Quincy/Wells","05/22/2018","W",8686,2018-05-22,5,"May",2018,22,"Tuesday","(41.878723, -87.63374)","orange"
"27671",40040,"Quincy/Wells","05/03/2018","W",7928,2018-05-03,5,"May",2018,3,"Thursday","(41.878723, -87.63374)","orange"
"27673",40040,"Quincy/Wells","04/04/2018","W",8538,2018-04-04,4,"Apr",2018,4,"Wednesday","(41.878723, -87.63374)","orange"
"28065",40040,"Quincy/Wells","04/17/2018","W",8493,2018-04-17,4,"Apr",2018,17,"Tuesday","(41.878723, -87.63374)","orange"
"28132",40040,"Quincy/Wells","04/19/2018","W",8157,2018-04-19,4,"Apr",2018,19,"Thursday","(41.878723, -87.63374)","orange"
"28342",40040,"Quincy/Wells","04/27/2018","W",7312,2018-04-27,4,"Apr",2018,27,"Friday","(41.878723, -87.63374)","orange"
"28400",40040,"Quincy/Wells","06/27/2018","W",8708,2018-06-27,6,"Jun",2018,27,"Wednesday","(41.878723, -87.63374)","orange"
"28571",40040,"Quincy/Wells","06/08/2018","W",7450,2018-06-08,6,"Jun",2018,8,"Friday","(41.878723, -87.63374)","orange"
"28730",40040,"Quincy/Wells","06/30/2018","A",1870,2018-06-30,6,"Jun",2018,30,"Saturday","(41.878723, -87.63374)","orange"
"28733",40040,"Quincy/Wells","06/28/2018","W",8491,2018-06-28,6,"Jun",2018,28,"Thursday","(41.878723, -87.63374)","orange"
"28863",40040,"Quincy/Wells","04/14/2018","A",1359,2018-04-14,4,"Apr",2018,14,"Saturday","(41.878723, -87.63374)","orange"
"29047",40040,"Quincy/Wells","06/22/2018","W",7130,2018-06-22,6,"Jun",2018,22,"Friday","(41.878723, -87.63374)","orange"
"29093",40040,"Quincy/Wells","04/29/2018","U",1389,2018-04-29,4,"Apr",2018,29,"Sunday","(41.878723, -87.63374)","orange"
"29407",40040,"Quincy/Wells","05/05/2018","A",1507,2018-05-05,5,"May",2018,5,"Saturday","(41.878723, -87.63374)","orange"
"29511",40040,"Quincy/Wells","05/16/2018","W",8227,2018-05-16,5,"May",2018,16,"Wednesday","(41.878723, -87.63374)","orange"
"29941",40040,"Quincy/Wells","05/09/2018","W",8299,2018-05-09,5,"May",2018,9,"Wednesday","(41.878723, -87.63374)","orange"
"30218",40040,"Quincy/Wells","05/18/2018","W",7429,2018-05-18,5,"May",2018,18,"Friday","(41.878723, -87.63374)","orange"
"30275",40040,"Quincy/Wells","04/10/2018","W",8188,2018-04-10,4,"Apr",2018,10,"Tuesday","(41.878723, -87.63374)","orange"
"30372",40040,"Quincy/Wells","05/15/2018","W",8299,2018-05-15,5,"May",2018,15,"Tuesday","(41.878723, -87.63374)","orange"
"30498",40040,"Quincy/Wells","05/23/2018","W",8608,2018-05-23,5,"May",2018,23,"Wednesday","(41.878723, -87.63374)","orange"
"30564",40040,"Quincy/Wells","05/06/2018","U",1163,2018-05-06,5,"May",2018,6,"Sunday","(41.878723, -87.63374)","orange"
"30723",40040,"Quincy/Wells","07/01/2018","U",1482,2018-07-01,7,"Jul",2018,1,"Sunday","(41.878723, -87.63374)","orange"
"30724",40040,"Quincy/Wells","07/02/2018","W",8158,2018-07-02,7,"Jul",2018,2,"Monday","(41.878723, -87.63374)","orange"
"30725",40040,"Quincy/Wells","07/03/2018","W",7322,2018-07-03,7,"Jul",2018,3,"Tuesday","(41.878723, -87.63374)","orange"
"30726",40040,"Quincy/Wells","07/04/2018","U",1260,2018-07-04,7,"Jul",2018,4,"Wednesday","(41.878723, -87.63374)","orange"
"30727",40040,"Quincy/Wells","07/05/2018","W",7013,2018-07-05,7,"Jul",2018,5,"Thursday","(41.878723, -87.63374)","orange"
"30728",40040,"Quincy/Wells","07/06/2018","W",6526,2018-07-06,7,"Jul",2018,6,"Friday","(41.878723, -87.63374)","orange"
"30729",40040,"Quincy/Wells","07/07/2018","A",1511,2018-07-07,7,"Jul",2018,7,"Saturday","(41.878723, -87.63374)","orange"
"30730",40040,"Quincy/Wells","07/08/2018","U",1395,2018-07-08,7,"Jul",2018,8,"Sunday","(41.878723, -87.63374)","orange"
"30731",40040,"Quincy/Wells","07/09/2018","W",8940,2018-07-09,7,"Jul",2018,9,"Monday","(41.878723, -87.63374)","orange"
"30732",40040,"Quincy/Wells","07/10/2018","W",8755,2018-07-10,7,"Jul",2018,10,"Tuesday","(41.878723, -87.63374)","orange"
"30733",40040,"Quincy/Wells","07/11/2018","W",8520,2018-07-11,7,"Jul",2018,11,"Wednesday","(41.878723, -87.63374)","orange"
"30734",40040,"Quincy/Wells","07/12/2018","W",8419,2018-07-12,7,"Jul",2018,12,"Thursday","(41.878723, -87.63374)","orange"
"30735",40040,"Quincy/Wells","07/13/2018","W",7825,2018-07-13,7,"Jul",2018,13,"Friday","(41.878723, -87.63374)","orange"
"30736",40040,"Quincy/Wells","07/14/2018","A",1640,2018-07-14,7,"Jul",2018,14,"Saturday","(41.878723, -87.63374)","orange"
"30737",40040,"Quincy/Wells","07/15/2018","U",1496,2018-07-15,7,"Jul",2018,15,"Sunday","(41.878723, -87.63374)","orange"
"30738",40040,"Quincy/Wells","07/16/2018","W",8934,2018-07-16,7,"Jul",2018,16,"Monday","(41.878723, -87.63374)","orange"
"30739",40040,"Quincy/Wells","07/17/2018","W",8708,2018-07-17,7,"Jul",2018,17,"Tuesday","(41.878723, -87.63374)","orange"
"30740",40040,"Quincy/Wells","07/18/2018","W",8784,2018-07-18,7,"Jul",2018,18,"Wednesday","(41.878723, -87.63374)","orange"
"30741",40040,"Quincy/Wells","07/19/2018","W",8442,2018-07-19,7,"Jul",2018,19,"Thursday","(41.878723, -87.63374)","orange"
"30742",40040,"Quincy/Wells","07/20/2018","W",7780,2018-07-20,7,"Jul",2018,20,"Friday","(41.878723, -87.63374)","orange"
"30743",40040,"Quincy/Wells","07/21/2018","A",1778,2018-07-21,7,"Jul",2018,21,"Saturday","(41.878723, -87.63374)","orange"
"30744",40040,"Quincy/Wells","07/22/2018","U",1302,2018-07-22,7,"Jul",2018,22,"Sunday","(41.878723, -87.63374)","orange"
"30745",40040,"Quincy/Wells","07/23/2018","W",8906,2018-07-23,7,"Jul",2018,23,"Monday","(41.878723, -87.63374)","orange"
"30746",40040,"Quincy/Wells","07/24/2018","W",8928,2018-07-24,7,"Jul",2018,24,"Tuesday","(41.878723, -87.63374)","orange"
"30747",40040,"Quincy/Wells","07/25/2018","W",8837,2018-07-25,7,"Jul",2018,25,"Wednesday","(41.878723, -87.63374)","orange"
"30748",40040,"Quincy/Wells","07/26/2018","W",8444,2018-07-26,7,"Jul",2018,26,"Thursday","(41.878723, -87.63374)","orange"
"30749",40040,"Quincy/Wells","07/27/2018","W",7397,2018-07-27,7,"Jul",2018,27,"Friday","(41.878723, -87.63374)","orange"
"30750",40040,"Quincy/Wells","07/28/2018","A",1730,2018-07-28,7,"Jul",2018,28,"Saturday","(41.878723, -87.63374)","orange"
"30751",40040,"Quincy/Wells","07/29/2018","U",1494,2018-07-29,7,"Jul",2018,29,"Sunday","(41.878723, -87.63374)","orange"
"30752",40040,"Quincy/Wells","07/30/2018","W",8821,2018-07-30,7,"Jul",2018,30,"Monday","(41.878723, -87.63374)","orange"
"30753",40040,"Quincy/Wells","07/31/2018","W",8711,2018-07-31,7,"Jul",2018,31,"Tuesday","(41.878723, -87.63374)","orange"
"35197",40040,"Quincy/Wells","08/01/2018","W",8926,2018-08-01,8,"Aug",2018,1,"Wednesday","(41.878723, -87.63374)","orange"
"35198",40040,"Quincy/Wells","08/02/2018","W",9076,2018-08-02,8,"Aug",2018,2,"Thursday","(41.878723, -87.63374)","orange"
"35199",40040,"Quincy/Wells","08/03/2018","W",7712,2018-08-03,8,"Aug",2018,3,"Friday","(41.878723, -87.63374)","orange"
"35200",40040,"Quincy/Wells","08/04/2018","A",1896,2018-08-04,8,"Aug",2018,4,"Saturday","(41.878723, -87.63374)","orange"
"35201",40040,"Quincy/Wells","08/05/2018","U",1544,2018-08-05,8,"Aug",2018,5,"Sunday","(41.878723, -87.63374)","orange"
"35202",40040,"Quincy/Wells","08/06/2018","W",8702,2018-08-06,8,"Aug",2018,6,"Monday","(41.878723, -87.63374)","orange"
"35203",40040,"Quincy/Wells","08/07/2018","W",8879,2018-08-07,8,"Aug",2018,7,"Tuesday","(41.878723, -87.63374)","orange"
"35204",40040,"Quincy/Wells","08/08/2018","W",8485,2018-08-08,8,"Aug",2018,8,"Wednesday","(41.878723, -87.63374)","orange"
"35205",40040,"Quincy/Wells","08/09/2018","W",8503,2018-08-09,8,"Aug",2018,9,"Thursday","(41.878723, -87.63374)","orange"
"35206",40040,"Quincy/Wells","08/10/2018","W",7454,2018-08-10,8,"Aug",2018,10,"Friday","(41.878723, -87.63374)","orange"
"35207",40040,"Quincy/Wells","08/11/2018","A",1790,2018-08-11,8,"Aug",2018,11,"Saturday","(41.878723, -87.63374)","orange"
"35208",40040,"Quincy/Wells","08/12/2018","U",1320,2018-08-12,8,"Aug",2018,12,"Sunday","(41.878723, -87.63374)","orange"
"35209",40040,"Quincy/Wells","08/13/2018","W",8236,2018-08-13,8,"Aug",2018,13,"Monday","(41.878723, -87.63374)","orange"
"35210",40040,"Quincy/Wells","08/14/2018","W",8519,2018-08-14,8,"Aug",2018,14,"Tuesday","(41.878723, -87.63374)","orange"
"35211",40040,"Quincy/Wells","08/15/2018","W",8323,2018-08-15,8,"Aug",2018,15,"Wednesday","(41.878723, -87.63374)","orange"
"35212",40040,"Quincy/Wells","08/16/2018","W",8032,2018-08-16,8,"Aug",2018,16,"Thursday","(41.878723, -87.63374)","orange"
"35213",40040,"Quincy/Wells","08/17/2018","W",7033,2018-08-17,8,"Aug",2018,17,"Friday","(41.878723, -87.63374)","orange"
"35214",40040,"Quincy/Wells","08/18/2018","A",1617,2018-08-18,8,"Aug",2018,18,"Saturday","(41.878723, -87.63374)","orange"
"35215",40040,"Quincy/Wells","08/19/2018","U",1599,2018-08-19,8,"Aug",2018,19,"Sunday","(41.878723, -87.63374)","orange"
"35216",40040,"Quincy/Wells","08/20/2018","W",8723,2018-08-20,8,"Aug",2018,20,"Monday","(41.878723, -87.63374)","orange"
"35217",40040,"Quincy/Wells","08/21/2018","W",8216,2018-08-21,8,"Aug",2018,21,"Tuesday","(41.878723, -87.63374)","orange"
"35218",40040,"Quincy/Wells","08/22/2018","W",8318,2018-08-22,8,"Aug",2018,22,"Wednesday","(41.878723, -87.63374)","orange"
"35219",40040,"Quincy/Wells","08/23/2018","W",8257,2018-08-23,8,"Aug",2018,23,"Thursday","(41.878723, -87.63374)","orange"
"35220",40040,"Quincy/Wells","08/24/2018","W",7177,2018-08-24,8,"Aug",2018,24,"Friday","(41.878723, -87.63374)","orange"
"35221",40040,"Quincy/Wells","08/25/2018","A",1496,2018-08-25,8,"Aug",2018,25,"Saturday","(41.878723, -87.63374)","orange"
"35222",40040,"Quincy/Wells","08/26/2018","U",1349,2018-08-26,8,"Aug",2018,26,"Sunday","(41.878723, -87.63374)","orange"
"35223",40040,"Quincy/Wells","08/27/2018","W",8717,2018-08-27,8,"Aug",2018,27,"Monday","(41.878723, -87.63374)","orange"
"35224",40040,"Quincy/Wells","08/28/2018","W",8556,2018-08-28,8,"Aug",2018,28,"Tuesday","(41.878723, -87.63374)","orange"
"35225",40040,"Quincy/Wells","08/29/2018","W",8508,2018-08-29,8,"Aug",2018,29,"Wednesday","(41.878723, -87.63374)","orange"
"35226",40040,"Quincy/Wells","08/30/2018","W",8205,2018-08-30,8,"Aug",2018,30,"Thursday","(41.878723, -87.63374)","orange"
"35227",40040,"Quincy/Wells","08/31/2018","W",6315,2018-08-31,8,"Aug",2018,31,"Friday","(41.878723, -87.63374)","orange"
"39658",40040,"Quincy/Wells","09/01/2018","A",1404,2018-09-01,9,"Sep",2018,1,"Saturday","(41.878723, -87.63374)","orange"
"39659",40040,"Quincy/Wells","09/02/2018","U",1763,2018-09-02,9,"Sep",2018,2,"Sunday","(41.878723, -87.63374)","orange"
"39660",40040,"Quincy/Wells","09/03/2018","U",1520,2018-09-03,9,"Sep",2018,3,"Monday","(41.878723, -87.63374)","orange"
"39661",40040,"Quincy/Wells","09/04/2018","W",8547,2018-09-04,9,"Sep",2018,4,"Tuesday","(41.878723, -87.63374)","orange"
"39662",40040,"Quincy/Wells","09/05/2018","W",8720,2018-09-05,9,"Sep",2018,5,"Wednesday","(41.878723, -87.63374)","orange"
"39663",40040,"Quincy/Wells","09/06/2018","W",8479,2018-09-06,9,"Sep",2018,6,"Thursday","(41.878723, -87.63374)","orange"
"39664",40040,"Quincy/Wells","09/07/2018","W",7947,2018-09-07,9,"Sep",2018,7,"Friday","(41.878723, -87.63374)","orange"
"39665",40040,"Quincy/Wells","09/08/2018","A",1530,2018-09-08,9,"Sep",2018,8,"Saturday","(41.878723, -87.63374)","orange"
"39666",40040,"Quincy/Wells","09/09/2018","U",1320,2018-09-09,9,"Sep",2018,9,"Sunday","(41.878723, -87.63374)","orange"
"39667",40040,"Quincy/Wells","09/10/2018","W",8689,2018-09-10,9,"Sep",2018,10,"Monday","(41.878723, -87.63374)","orange"
"39668",40040,"Quincy/Wells","09/11/2018","W",8718,2018-09-11,9,"Sep",2018,11,"Tuesday","(41.878723, -87.63374)","orange"
"39669",40040,"Quincy/Wells","09/12/2018","W",8832,2018-09-12,9,"Sep",2018,12,"Wednesday","(41.878723, -87.63374)","orange"
"39670",40040,"Quincy/Wells","09/13/2018","W",8382,2018-09-13,9,"Sep",2018,13,"Thursday","(41.878723, -87.63374)","orange"
"39671",40040,"Quincy/Wells","09/14/2018","W",7892,2018-09-14,9,"Sep",2018,14,"Friday","(41.878723, -87.63374)","orange"
"39672",40040,"Quincy/Wells","09/15/2018","A",1649,2018-09-15,9,"Sep",2018,15,"Saturday","(41.878723, -87.63374)","orange"
"39673",40040,"Quincy/Wells","09/16/2018","U",1532,2018-09-16,9,"Sep",2018,16,"Sunday","(41.878723, -87.63374)","orange"
"39674",40040,"Quincy/Wells","09/17/2018","W",8786,2018-09-17,9,"Sep",2018,17,"Monday","(41.878723, -87.63374)","orange"
"39675",40040,"Quincy/Wells","09/18/2018","W",8769,2018-09-18,9,"Sep",2018,18,"Tuesday","(41.878723, -87.63374)","orange"
"39676",40040,"Quincy/Wells","09/19/2018","W",8399,2018-09-19,9,"Sep",2018,19,"Wednesday","(41.878723, -87.63374)","orange"
"39677",40040,"Quincy/Wells","09/20/2018","W",8387,2018-09-20,9,"Sep",2018,20,"Thursday","(41.878723, -87.63374)","orange"
"39678",40040,"Quincy/Wells","09/21/2018","W",7636,2018-09-21,9,"Sep",2018,21,"Friday","(41.878723, -87.63374)","orange"
"39679",40040,"Quincy/Wells","09/22/2018","A",1501,2018-09-22,9,"Sep",2018,22,"Saturday","(41.878723, -87.63374)","orange"
"39680",40040,"Quincy/Wells","09/23/2018","U",1306,2018-09-23,9,"Sep",2018,23,"Sunday","(41.878723, -87.63374)","orange"
"39681",40040,"Quincy/Wells","09/24/2018","W",8679,2018-09-24,9,"Sep",2018,24,"Monday","(41.878723, -87.63374)","orange"
"39682",40040,"Quincy/Wells","09/25/2018","W",9001,2018-09-25,9,"Sep",2018,25,"Tuesday","(41.878723, -87.63374)","orange"
"39683",40040,"Quincy/Wells","09/26/2018","W",8883,2018-09-26,9,"Sep",2018,26,"Wednesday","(41.878723, -87.63374)","orange"
"39684",40040,"Quincy/Wells","09/27/2018","W",8636,2018-09-27,9,"Sep",2018,27,"Thursday","(41.878723, -87.63374)","orange"
"39685",40040,"Quincy/Wells","09/28/2018","W",8116,2018-09-28,9,"Sep",2018,28,"Friday","(41.878723, -87.63374)","orange"
"39686",40040,"Quincy/Wells","09/29/2018","A",1533,2018-09-29,9,"Sep",2018,29,"Saturday","(41.878723, -87.63374)","orange"
"39687",40040,"Quincy/Wells","09/30/2018","U",1371,2018-09-30,9,"Sep",2018,30,"Sunday","(41.878723, -87.63374)","orange"
"43995",40040,"Quincy/Wells","10/01/2018","W",8880,2018-10-01,10,"Oct",2018,1,"Monday","(41.878723, -87.63374)","orange"
"43996",40040,"Quincy/Wells","10/02/2018","W",8902,2018-10-02,10,"Oct",2018,2,"Tuesday","(41.878723, -87.63374)","orange"
"43997",40040,"Quincy/Wells","10/03/2018","W",8686,2018-10-03,10,"Oct",2018,3,"Wednesday","(41.878723, -87.63374)","orange"
"43998",40040,"Quincy/Wells","10/04/2018","W",8885,2018-10-04,10,"Oct",2018,4,"Thursday","(41.878723, -87.63374)","orange"
"43999",40040,"Quincy/Wells","10/05/2018","W",7720,2018-10-05,10,"Oct",2018,5,"Friday","(41.878723, -87.63374)","orange"
"44000",40040,"Quincy/Wells","10/06/2018","A",1973,2018-10-06,10,"Oct",2018,6,"Saturday","(41.878723, -87.63374)","orange"
"44001",40040,"Quincy/Wells","10/07/2018","U",2088,2018-10-07,10,"Oct",2018,7,"Sunday","(41.878723, -87.63374)","orange"
"44002",40040,"Quincy/Wells","10/08/2018","W",8295,2018-10-08,10,"Oct",2018,8,"Monday","(41.878723, -87.63374)","orange"
"44003",40040,"Quincy/Wells","10/09/2018","W",9099,2018-10-09,10,"Oct",2018,9,"Tuesday","(41.878723, -87.63374)","orange"
"44004",40040,"Quincy/Wells","10/10/2018","W",8735,2018-10-10,10,"Oct",2018,10,"Wednesday","(41.878723, -87.63374)","orange"
"44005",40040,"Quincy/Wells","10/11/2018","W",8658,2018-10-11,10,"Oct",2018,11,"Thursday","(41.878723, -87.63374)","orange"
"44006",40040,"Quincy/Wells","10/12/2018","W",7838,2018-10-12,10,"Oct",2018,12,"Friday","(41.878723, -87.63374)","orange"
"44007",40040,"Quincy/Wells","10/13/2018","A",1692,2018-10-13,10,"Oct",2018,13,"Saturday","(41.878723, -87.63374)","orange"
"44008",40040,"Quincy/Wells","10/14/2018","U",1529,2018-10-14,10,"Oct",2018,14,"Sunday","(41.878723, -87.63374)","orange"
"44009",40040,"Quincy/Wells","10/15/2018","W",8797,2018-10-15,10,"Oct",2018,15,"Monday","(41.878723, -87.63374)","orange"
"44010",40040,"Quincy/Wells","10/16/2018","W",8941,2018-10-16,10,"Oct",2018,16,"Tuesday","(41.878723, -87.63374)","orange"
"44011",40040,"Quincy/Wells","10/17/2018","W",8661,2018-10-17,10,"Oct",2018,17,"Wednesday","(41.878723, -87.63374)","orange"
"44012",40040,"Quincy/Wells","10/18/2018","W",8548,2018-10-18,10,"Oct",2018,18,"Thursday","(41.878723, -87.63374)","orange"
"44013",40040,"Quincy/Wells","10/19/2018","W",7672,2018-10-19,10,"Oct",2018,19,"Friday","(41.878723, -87.63374)","orange"
"44014",40040,"Quincy/Wells","10/20/2018","A",1780,2018-10-20,10,"Oct",2018,20,"Saturday","(41.878723, -87.63374)","orange"
"44015",40040,"Quincy/Wells","10/21/2018","U",1503,2018-10-21,10,"Oct",2018,21,"Sunday","(41.878723, -87.63374)","orange"
"44016",40040,"Quincy/Wells","10/22/2018","W",8612,2018-10-22,10,"Oct",2018,22,"Monday","(41.878723, -87.63374)","orange"
"44017",40040,"Quincy/Wells","10/23/2018","W",8727,2018-10-23,10,"Oct",2018,23,"Tuesday","(41.878723, -87.63374)","orange"
"44018",40040,"Quincy/Wells","10/24/2018","W",8616,2018-10-24,10,"Oct",2018,24,"Wednesday","(41.878723, -87.63374)","orange"
"44019",40040,"Quincy/Wells","10/25/2018","W",8469,2018-10-25,10,"Oct",2018,25,"Thursday","(41.878723, -87.63374)","orange"
"44020",40040,"Quincy/Wells","10/26/2018","W",7813,2018-10-26,10,"Oct",2018,26,"Friday","(41.878723, -87.63374)","orange"
"44021",40040,"Quincy/Wells","10/27/2018","A",1417,2018-10-27,10,"Oct",2018,27,"Saturday","(41.878723, -87.63374)","orange"
"44022",40040,"Quincy/Wells","10/28/2018","U",1079,2018-10-28,10,"Oct",2018,28,"Sunday","(41.878723, -87.63374)","orange"
"44023",40040,"Quincy/Wells","10/29/2018","W",8837,2018-10-29,10,"Oct",2018,29,"Monday","(41.878723, -87.63374)","orange"
"44024",40040,"Quincy/Wells","10/30/2018","W",8904,2018-10-30,10,"Oct",2018,30,"Tuesday","(41.878723, -87.63374)","orange"
"44025",40040,"Quincy/Wells","10/31/2018","W",8335,2018-10-31,10,"Oct",2018,31,"Wednesday","(41.878723, -87.63374)","orange"
"48369",40040,"Quincy/Wells","11/01/2018","W",8530,2018-11-01,11,"Nov",2018,1,"Thursday","(41.878723, -87.63374)","orange"
"48370",40040,"Quincy/Wells","11/02/2018","W",7627,2018-11-02,11,"Nov",2018,2,"Friday","(41.878723, -87.63374)","orange"
"48371",40040,"Quincy/Wells","11/03/2018","A",1573,2018-11-03,11,"Nov",2018,3,"Saturday","(41.878723, -87.63374)","orange"
"48372",40040,"Quincy/Wells","11/04/2018","U",1330,2018-11-04,11,"Nov",2018,4,"Sunday","(41.878723, -87.63374)","orange"
"48373",40040,"Quincy/Wells","11/05/2018","W",8535,2018-11-05,11,"Nov",2018,5,"Monday","(41.878723, -87.63374)","orange"
"48374",40040,"Quincy/Wells","11/06/2018","W",8496,2018-11-06,11,"Nov",2018,6,"Tuesday","(41.878723, -87.63374)","orange"
"48375",40040,"Quincy/Wells","11/07/2018","W",8486,2018-11-07,11,"Nov",2018,7,"Wednesday","(41.878723, -87.63374)","orange"
"48376",40040,"Quincy/Wells","11/08/2018","W",8446,2018-11-08,11,"Nov",2018,8,"Thursday","(41.878723, -87.63374)","orange"
"48377",40040,"Quincy/Wells","11/09/2018","W",7624,2018-11-09,11,"Nov",2018,9,"Friday","(41.878723, -87.63374)","orange"
"48378",40040,"Quincy/Wells","11/10/2018","A",1359,2018-11-10,11,"Nov",2018,10,"Saturday","(41.878723, -87.63374)","orange"
"48379",40040,"Quincy/Wells","11/11/2018","U",1182,2018-11-11,11,"Nov",2018,11,"Sunday","(41.878723, -87.63374)","orange"
"48380",40040,"Quincy/Wells","11/12/2018","W",7604,2018-11-12,11,"Nov",2018,12,"Monday","(41.878723, -87.63374)","orange"
"48381",40040,"Quincy/Wells","11/13/2018","W",8290,2018-11-13,11,"Nov",2018,13,"Tuesday","(41.878723, -87.63374)","orange"
"48382",40040,"Quincy/Wells","11/14/2018","W",8406,2018-11-14,11,"Nov",2018,14,"Wednesday","(41.878723, -87.63374)","orange"
"48383",40040,"Quincy/Wells","11/15/2018","W",8340,2018-11-15,11,"Nov",2018,15,"Thursday","(41.878723, -87.63374)","orange"
"48384",40040,"Quincy/Wells","11/16/2018","W",7601,2018-11-16,11,"Nov",2018,16,"Friday","(41.878723, -87.63374)","orange"
"48385",40040,"Quincy/Wells","11/17/2018","A",1389,2018-11-17,11,"Nov",2018,17,"Saturday","(41.878723, -87.63374)","orange"
"48386",40040,"Quincy/Wells","11/18/2018","U",1156,2018-11-18,11,"Nov",2018,18,"Sunday","(41.878723, -87.63374)","orange"
"48387",40040,"Quincy/Wells","11/19/2018","W",8272,2018-11-19,11,"Nov",2018,19,"Monday","(41.878723, -87.63374)","orange"
"48388",40040,"Quincy/Wells","11/20/2018","W",7894,2018-11-20,11,"Nov",2018,20,"Tuesday","(41.878723, -87.63374)","orange"
"48389",40040,"Quincy/Wells","11/21/2018","W",5171,2018-11-21,11,"Nov",2018,21,"Wednesday","(41.878723, -87.63374)","orange"
"48390",40040,"Quincy/Wells","11/22/2018","U",884,2018-11-22,11,"Nov",2018,22,"Thursday","(41.878723, -87.63374)","orange"
"48391",40040,"Quincy/Wells","11/23/2018","W",2112,2018-11-23,11,"Nov",2018,23,"Friday","(41.878723, -87.63374)","orange"
"48392",40040,"Quincy/Wells","11/24/2018","A",1278,2018-11-24,11,"Nov",2018,24,"Saturday","(41.878723, -87.63374)","orange"
"48393",40040,"Quincy/Wells","11/25/2018","U",1294,2018-11-25,11,"Nov",2018,25,"Sunday","(41.878723, -87.63374)","orange"
"48394",40040,"Quincy/Wells","11/26/2018","W",7296,2018-11-26,11,"Nov",2018,26,"Monday","(41.878723, -87.63374)","orange"
"48395",40040,"Quincy/Wells","11/27/2018","W",8506,2018-11-27,11,"Nov",2018,27,"Tuesday","(41.878723, -87.63374)","orange"
"48396",40040,"Quincy/Wells","11/28/2018","W",8382,2018-11-28,11,"Nov",2018,28,"Wednesday","(41.878723, -87.63374)","orange"
"48397",40040,"Quincy/Wells","11/29/2018","W",9502,2018-11-29,11,"Nov",2018,29,"Thursday","(41.878723, -87.63374)","orange"
"48398",40040,"Quincy/Wells","11/30/2018","W",7527,2018-11-30,11,"Nov",2018,30,"Friday","(41.878723, -87.63374)","orange"
"52716",40040,"Quincy/Wells","12/01/2018","A",991,2018-12-01,12,"Dec",2018,1,"Saturday","(41.878723, -87.63374)","orange"
"52717",40040,"Quincy/Wells","12/02/2018","U",1013,2018-12-02,12,"Dec",2018,2,"Sunday","(41.878723, -87.63374)","orange"
"52718",40040,"Quincy/Wells","12/03/2018","W",8505,2018-12-03,12,"Dec",2018,3,"Monday","(41.878723, -87.63374)","orange"
"52719",40040,"Quincy/Wells","12/04/2018","W",8306,2018-12-04,12,"Dec",2018,4,"Tuesday","(41.878723, -87.63374)","orange"
"52720",40040,"Quincy/Wells","12/05/2018","W",7933,2018-12-05,12,"Dec",2018,5,"Wednesday","(41.878723, -87.63374)","orange"
"52721",40040,"Quincy/Wells","12/06/2018","W",8170,2018-12-06,12,"Dec",2018,6,"Thursday","(41.878723, -87.63374)","orange"
"52722",40040,"Quincy/Wells","12/07/2018","W",7330,2018-12-07,12,"Dec",2018,7,"Friday","(41.878723, -87.63374)","orange"
"52723",40040,"Quincy/Wells","12/08/2018","A",1288,2018-12-08,12,"Dec",2018,8,"Saturday","(41.878723, -87.63374)","orange"
"52724",40040,"Quincy/Wells","12/09/2018","U",932,2018-12-09,12,"Dec",2018,9,"Sunday","(41.878723, -87.63374)","orange"
"52725",40040,"Quincy/Wells","12/10/2018","W",8006,2018-12-10,12,"Dec",2018,10,"Monday","(41.878723, -87.63374)","orange"
"52726",40040,"Quincy/Wells","12/11/2018","W",8113,2018-12-11,12,"Dec",2018,11,"Tuesday","(41.878723, -87.63374)","orange"
"52727",40040,"Quincy/Wells","12/12/2018","W",7932,2018-12-12,12,"Dec",2018,12,"Wednesday","(41.878723, -87.63374)","orange"
"52728",40040,"Quincy/Wells","12/13/2018","W",7951,2018-12-13,12,"Dec",2018,13,"Thursday","(41.878723, -87.63374)","orange"
"52729",40040,"Quincy/Wells","12/14/2018","W",6831,2018-12-14,12,"Dec",2018,14,"Friday","(41.878723, -87.63374)","orange"
"52730",40040,"Quincy/Wells","12/15/2018","A",1384,2018-12-15,12,"Dec",2018,15,"Saturday","(41.878723, -87.63374)","orange"
"52731",40040,"Quincy/Wells","12/16/2018","U",1008,2018-12-16,12,"Dec",2018,16,"Sunday","(41.878723, -87.63374)","orange"
"52732",40040,"Quincy/Wells","12/17/2018","W",7606,2018-12-17,12,"Dec",2018,17,"Monday","(41.878723, -87.63374)","orange"
"52733",40040,"Quincy/Wells","12/18/2018","W",7964,2018-12-18,12,"Dec",2018,18,"Tuesday","(41.878723, -87.63374)","orange"
"52734",40040,"Quincy/Wells","12/19/2018","W",7721,2018-12-19,12,"Dec",2018,19,"Wednesday","(41.878723, -87.63374)","orange"
"52735",40040,"Quincy/Wells","12/20/2018","W",7293,2018-12-20,12,"Dec",2018,20,"Thursday","(41.878723, -87.63374)","orange"
"52736",40040,"Quincy/Wells","12/21/2018","W",5644,2018-12-21,12,"Dec",2018,21,"Friday","(41.878723, -87.63374)","orange"
"52737",40040,"Quincy/Wells","12/22/2018","A",936,2018-12-22,12,"Dec",2018,22,"Saturday","(41.878723, -87.63374)","orange"
"52738",40040,"Quincy/Wells","12/23/2018","U",926,2018-12-23,12,"Dec",2018,23,"Sunday","(41.878723, -87.63374)","orange"
"52739",40040,"Quincy/Wells","12/24/2018","W",1556,2018-12-24,12,"Dec",2018,24,"Monday","(41.878723, -87.63374)","orange"
"52740",40040,"Quincy/Wells","12/25/2018","U",660,2018-12-25,12,"Dec",2018,25,"Tuesday","(41.878723, -87.63374)","orange"
"52741",40040,"Quincy/Wells","12/26/2018","W",3910,2018-12-26,12,"Dec",2018,26,"Wednesday","(41.878723, -87.63374)","orange"
"52742",40040,"Quincy/Wells","12/27/2018","W",4827,2018-12-27,12,"Dec",2018,27,"Thursday","(41.878723, -87.63374)","orange"
"52743",40040,"Quincy/Wells","12/28/2018","W",4643,2018-12-28,12,"Dec",2018,28,"Friday","(41.878723, -87.63374)","orange"
"52744",40040,"Quincy/Wells","12/29/2018","A",1313,2018-12-29,12,"Dec",2018,29,"Saturday","(41.878723, -87.63374)","orange"
"52745",40040,"Quincy/Wells","12/30/2018","U",1601,2018-12-30,12,"Dec",2018,30,"Sunday","(41.878723, -87.63374)","orange"
"52746",40040,"Quincy/Wells","12/31/2018","W",3310,2018-12-31,12,"Dec",2018,31,"Monday","(41.878723, -87.63374)","orange"
"57193",40040,"Quincy/Wells","01/01/2019","U",929,2019-01-01,1,"Jan",2019,1,"Tuesday","(41.878723, -87.63374)","orange"
"57194",40040,"Quincy/Wells","01/02/2019","W",7429,2019-01-02,1,"Jan",2019,2,"Wednesday","(41.878723, -87.63374)","orange"
"57195",40040,"Quincy/Wells","01/03/2019","W",8059,2019-01-03,1,"Jan",2019,3,"Thursday","(41.878723, -87.63374)","orange"
"57196",40040,"Quincy/Wells","01/04/2019","W",7263,2019-01-04,1,"Jan",2019,4,"Friday","(41.878723, -87.63374)","orange"
"57197",40040,"Quincy/Wells","01/05/2019","A",1164,2019-01-05,1,"Jan",2019,5,"Saturday","(41.878723, -87.63374)","orange"
"57198",40040,"Quincy/Wells","01/06/2019","U",787,2019-01-06,1,"Jan",2019,6,"Sunday","(41.878723, -87.63374)","orange"
"57199",40040,"Quincy/Wells","01/07/2019","W",8413,2019-01-07,1,"Jan",2019,7,"Monday","(41.878723, -87.63374)","orange"
"57200",40040,"Quincy/Wells","01/08/2019","W",8579,2019-01-08,1,"Jan",2019,8,"Tuesday","(41.878723, -87.63374)","orange"
"57201",40040,"Quincy/Wells","01/09/2019","W",8436,2019-01-09,1,"Jan",2019,9,"Wednesday","(41.878723, -87.63374)","orange"
"57202",40040,"Quincy/Wells","01/10/2019","W",8285,2019-01-10,1,"Jan",2019,10,"Thursday","(41.878723, -87.63374)","orange"
"57203",40040,"Quincy/Wells","01/11/2019","W",7681,2019-01-11,1,"Jan",2019,11,"Friday","(41.878723, -87.63374)","orange"
"57204",40040,"Quincy/Wells","01/12/2019","A",1095,2019-01-12,1,"Jan",2019,12,"Saturday","(41.878723, -87.63374)","orange"
"57205",40040,"Quincy/Wells","01/13/2019","U",845,2019-01-13,1,"Jan",2019,13,"Sunday","(41.878723, -87.63374)","orange"
"57206",40040,"Quincy/Wells","01/14/2019","W",8596,2019-01-14,1,"Jan",2019,14,"Monday","(41.878723, -87.63374)","orange"
"57207",40040,"Quincy/Wells","01/15/2019","W",8210,2019-01-15,1,"Jan",2019,15,"Tuesday","(41.878723, -87.63374)","orange"
"57208",40040,"Quincy/Wells","01/16/2019","W",8254,2019-01-16,1,"Jan",2019,16,"Wednesday","(41.878723, -87.63374)","orange"
"57209",40040,"Quincy/Wells","01/17/2019","W",8160,2019-01-17,1,"Jan",2019,17,"Thursday","(41.878723, -87.63374)","orange"
"57210",40040,"Quincy/Wells","01/18/2019","W",7340,2019-01-18,1,"Jan",2019,18,"Friday","(41.878723, -87.63374)","orange"
"57211",40040,"Quincy/Wells","01/19/2019","A",1106,2019-01-19,1,"Jan",2019,19,"Saturday","(41.878723, -87.63374)","orange"
"57212",40040,"Quincy/Wells","01/20/2019","U",987,2019-01-20,1,"Jan",2019,20,"Sunday","(41.878723, -87.63374)","orange"
"57213",40040,"Quincy/Wells","01/21/2019","W",3814,2019-01-21,1,"Jan",2019,21,"Monday","(41.878723, -87.63374)","orange"
"57214",40040,"Quincy/Wells","01/22/2019","W",8384,2019-01-22,1,"Jan",2019,22,"Tuesday","(41.878723, -87.63374)","orange"
"57215",40040,"Quincy/Wells","01/23/2019","W",8263,2019-01-23,1,"Jan",2019,23,"Wednesday","(41.878723, -87.63374)","orange"
"57216",40040,"Quincy/Wells","01/24/2019","W",8224,2019-01-24,1,"Jan",2019,24,"Thursday","(41.878723, -87.63374)","orange"
"57217",40040,"Quincy/Wells","01/25/2019","W",7052,2019-01-25,1,"Jan",2019,25,"Friday","(41.878723, -87.63374)","orange"
"57218",40040,"Quincy/Wells","01/26/2019","A",988,2019-01-26,1,"Jan",2019,26,"Saturday","(41.878723, -87.63374)","orange"
"57219",40040,"Quincy/Wells","01/27/2019","U",813,2019-01-27,1,"Jan",2019,27,"Sunday","(41.878723, -87.63374)","orange"
"57220",40040,"Quincy/Wells","01/28/2019","W",7961,2019-01-28,1,"Jan",2019,28,"Monday","(41.878723, -87.63374)","orange"
"57221",40040,"Quincy/Wells","01/29/2019","W",6963,2019-01-29,1,"Jan",2019,29,"Tuesday","(41.878723, -87.63374)","orange"
"57222",40040,"Quincy/Wells","01/30/2019","W",785,2019-01-30,1,"Jan",2019,30,"Wednesday","(41.878723, -87.63374)","orange"
"57223",40040,"Quincy/Wells","01/31/2019","W",2415,2019-01-31,1,"Jan",2019,31,"Thursday","(41.878723, -87.63374)","orange"
"61662",40040,"Quincy/Wells","02/01/2019","W",7190,2019-02-01,2,"Feb",2019,1,"Friday","(41.878723, -87.63374)","orange"
"61663",40040,"Quincy/Wells","02/02/2019","A",1030,2019-02-02,2,"Feb",2019,2,"Saturday","(41.878723, -87.63374)","orange"
"61664",40040,"Quincy/Wells","02/03/2019","U",770,2019-02-03,2,"Feb",2019,3,"Sunday","(41.878723, -87.63374)","orange"
"61665",40040,"Quincy/Wells","02/04/2019","W",8438,2019-02-04,2,"Feb",2019,4,"Monday","(41.878723, -87.63374)","orange"
"61666",40040,"Quincy/Wells","02/05/2019","W",8794,2019-02-05,2,"Feb",2019,5,"Tuesday","(41.878723, -87.63374)","orange"
"61667",40040,"Quincy/Wells","02/06/2019","W",8235,2019-02-06,2,"Feb",2019,6,"Wednesday","(41.878723, -87.63374)","orange"
"61668",40040,"Quincy/Wells","02/07/2019","W",8467,2019-02-07,2,"Feb",2019,7,"Thursday","(41.878723, -87.63374)","orange"
"61669",40040,"Quincy/Wells","02/08/2019","W",7433,2019-02-08,2,"Feb",2019,8,"Friday","(41.878723, -87.63374)","orange"
"61670",40040,"Quincy/Wells","02/09/2019","A",1115,2019-02-09,2,"Feb",2019,9,"Saturday","(41.878723, -87.63374)","orange"
"61671",40040,"Quincy/Wells","02/10/2019","U",845,2019-02-10,2,"Feb",2019,10,"Sunday","(41.878723, -87.63374)","orange"
"61672",40040,"Quincy/Wells","02/11/2019","W",8278,2019-02-11,2,"Feb",2019,11,"Monday","(41.878723, -87.63374)","orange"
"61673",40040,"Quincy/Wells","02/12/2019","W",8323,2019-02-12,2,"Feb",2019,12,"Tuesday","(41.878723, -87.63374)","orange"
"61674",40040,"Quincy/Wells","02/13/2019","W",8253,2019-02-13,2,"Feb",2019,13,"Wednesday","(41.878723, -87.63374)","orange"
"61675",40040,"Quincy/Wells","02/14/2019","W",8216,2019-02-14,2,"Feb",2019,14,"Thursday","(41.878723, -87.63374)","orange"
"61676",40040,"Quincy/Wells","02/15/2019","W",7360,2019-02-15,2,"Feb",2019,15,"Friday","(41.878723, -87.63374)","orange"
"61677",40040,"Quincy/Wells","02/16/2019","A",1248,2019-02-16,2,"Feb",2019,16,"Saturday","(41.878723, -87.63374)","orange"
"61678",40040,"Quincy/Wells","02/17/2019","U",1154,2019-02-17,2,"Feb",2019,17,"Sunday","(41.878723, -87.63374)","orange"
"61679",40040,"Quincy/Wells","02/18/2019","W",5071,2019-02-18,2,"Feb",2019,18,"Monday","(41.878723, -87.63374)","orange"
"61680",40040,"Quincy/Wells","02/19/2019","W",8130,2019-02-19,2,"Feb",2019,19,"Tuesday","(41.878723, -87.63374)","orange"
"61681",40040,"Quincy/Wells","02/20/2019","W",8136,2019-02-20,2,"Feb",2019,20,"Wednesday","(41.878723, -87.63374)","orange"
"61682",40040,"Quincy/Wells","02/21/2019","W",8174,2019-02-21,2,"Feb",2019,21,"Thursday","(41.878723, -87.63374)","orange"
"61683",40040,"Quincy/Wells","02/22/2019","W",7460,2019-02-22,2,"Feb",2019,22,"Friday","(41.878723, -87.63374)","orange"
"61684",40040,"Quincy/Wells","02/23/2019","A",1024,2019-02-23,2,"Feb",2019,23,"Saturday","(41.878723, -87.63374)","orange"
"61685",40040,"Quincy/Wells","02/24/2019","U",995,2019-02-24,2,"Feb",2019,24,"Sunday","(41.878723, -87.63374)","orange"
"61686",40040,"Quincy/Wells","02/25/2019","W",8291,2019-02-25,2,"Feb",2019,25,"Monday","(41.878723, -87.63374)","orange"
"61687",40040,"Quincy/Wells","02/26/2019","W",8273,2019-02-26,2,"Feb",2019,26,"Tuesday","(41.878723, -87.63374)","orange"
"61688",40040,"Quincy/Wells","02/27/2019","W",8130,2019-02-27,2,"Feb",2019,27,"Wednesday","(41.878723, -87.63374)","orange"
"61689",40040,"Quincy/Wells","02/28/2019","W",8582,2019-02-28,2,"Feb",2019,28,"Thursday","(41.878723, -87.63374)","orange"
"65675",40040,"Quincy/Wells","03/01/2019","W",7197,2019-03-01,3,"Mar",2019,1,"Friday","(41.878723, -87.63374)","orange"
"65676",40040,"Quincy/Wells","03/02/2019","A",1219,2019-03-02,3,"Mar",2019,2,"Saturday","(41.878723, -87.63374)","orange"
"65677",40040,"Quincy/Wells","03/03/2019","U",1042,2019-03-03,3,"Mar",2019,3,"Sunday","(41.878723, -87.63374)","orange"
"65678",40040,"Quincy/Wells","03/04/2019","W",8077,2019-03-04,3,"Mar",2019,4,"Monday","(41.878723, -87.63374)","orange"
"65679",40040,"Quincy/Wells","03/05/2019","W",8340,2019-03-05,3,"Mar",2019,5,"Tuesday","(41.878723, -87.63374)","orange"
"65680",40040,"Quincy/Wells","03/06/2019","W",8097,2019-03-06,3,"Mar",2019,6,"Wednesday","(41.878723, -87.63374)","orange"
"65681",40040,"Quincy/Wells","03/07/2019","W",8114,2019-03-07,3,"Mar",2019,7,"Thursday","(41.878723, -87.63374)","orange"
"65682",40040,"Quincy/Wells","03/08/2019","W",7197,2019-03-08,3,"Mar",2019,8,"Friday","(41.878723, -87.63374)","orange"
"65683",40040,"Quincy/Wells","03/09/2019","A",1127,2019-03-09,3,"Mar",2019,9,"Saturday","(41.878723, -87.63374)","orange"
"65684",40040,"Quincy/Wells","03/10/2019","U",1104,2019-03-10,3,"Mar",2019,10,"Sunday","(41.878723, -87.63374)","orange"
"65685",40040,"Quincy/Wells","03/11/2019","W",8350,2019-03-11,3,"Mar",2019,11,"Monday","(41.878723, -87.63374)","orange"
"65686",40040,"Quincy/Wells","03/12/2019","W",8425,2019-03-12,3,"Mar",2019,12,"Tuesday","(41.878723, -87.63374)","orange"
"65687",40040,"Quincy/Wells","03/13/2019","W",8392,2019-03-13,3,"Mar",2019,13,"Wednesday","(41.878723, -87.63374)","orange"
"65688",40040,"Quincy/Wells","03/14/2019","W",8234,2019-03-14,3,"Mar",2019,14,"Thursday","(41.878723, -87.63374)","orange"
"65689",40040,"Quincy/Wells","03/15/2019","W",7690,2019-03-15,3,"Mar",2019,15,"Friday","(41.878723, -87.63374)","orange"
"65690",40040,"Quincy/Wells","03/16/2019","A",2152,2019-03-16,3,"Mar",2019,16,"Saturday","(41.878723, -87.63374)","orange"
"65691",40040,"Quincy/Wells","03/17/2019","U",1320,2019-03-17,3,"Mar",2019,17,"Sunday","(41.878723, -87.63374)","orange"
"65692",40040,"Quincy/Wells","03/18/2019","W",8419,2019-03-18,3,"Mar",2019,18,"Monday","(41.878723, -87.63374)","orange"
"65693",40040,"Quincy/Wells","03/19/2019","W",8331,2019-03-19,3,"Mar",2019,19,"Tuesday","(41.878723, -87.63374)","orange"
"65694",40040,"Quincy/Wells","03/20/2019","W",8315,2019-03-20,3,"Mar",2019,20,"Wednesday","(41.878723, -87.63374)","orange"
"65695",40040,"Quincy/Wells","03/21/2019","W",8068,2019-03-21,3,"Mar",2019,21,"Thursday","(41.878723, -87.63374)","orange"
"65696",40040,"Quincy/Wells","03/22/2019","W",7069,2019-03-22,3,"Mar",2019,22,"Friday","(41.878723, -87.63374)","orange"
"65697",40040,"Quincy/Wells","03/23/2019","A",1390,2019-03-23,3,"Mar",2019,23,"Saturday","(41.878723, -87.63374)","orange"
"65698",40040,"Quincy/Wells","03/24/2019","U",1047,2019-03-24,3,"Mar",2019,24,"Sunday","(41.878723, -87.63374)","orange"
"65699",40040,"Quincy/Wells","03/25/2019","W",8492,2019-03-25,3,"Mar",2019,25,"Monday","(41.878723, -87.63374)","orange"
"65700",40040,"Quincy/Wells","03/26/2019","W",8476,2019-03-26,3,"Mar",2019,26,"Tuesday","(41.878723, -87.63374)","orange"
"65701",40040,"Quincy/Wells","03/27/2019","W",8382,2019-03-27,3,"Mar",2019,27,"Wednesday","(41.878723, -87.63374)","orange"
"65702",40040,"Quincy/Wells","03/28/2019","W",8119,2019-03-28,3,"Mar",2019,28,"Thursday","(41.878723, -87.63374)","orange"
"65703",40040,"Quincy/Wells","03/29/2019","W",7171,2019-03-29,3,"Mar",2019,29,"Friday","(41.878723, -87.63374)","orange"
"65704",40040,"Quincy/Wells","03/30/2019","A",1284,2019-03-30,3,"Mar",2019,30,"Saturday","(41.878723, -87.63374)","orange"
"65705",40040,"Quincy/Wells","03/31/2019","U",1211,2019-03-31,3,"Mar",2019,31,"Sunday","(41.878723, -87.63374)","orange"
"70168",40040,"Quincy/Wells","04/01/2019","W",8323,2019-04-01,4,"Apr",2019,1,"Monday","(41.878723, -87.63374)","orange"
"70169",40040,"Quincy/Wells","04/02/2019","W",8537,2019-04-02,4,"Apr",2019,2,"Tuesday","(41.878723, -87.63374)","orange"
"70170",40040,"Quincy/Wells","04/03/2019","W",8358,2019-04-03,4,"Apr",2019,3,"Wednesday","(41.878723, -87.63374)","orange"
"70171",40040,"Quincy/Wells","04/04/2019","W",8668,2019-04-04,4,"Apr",2019,4,"Thursday","(41.878723, -87.63374)","orange"
"70172",40040,"Quincy/Wells","04/05/2019","W",7398,2019-04-05,4,"Apr",2019,5,"Friday","(41.878723, -87.63374)","orange"
"70173",40040,"Quincy/Wells","04/06/2019","A",1361,2019-04-06,4,"Apr",2019,6,"Saturday","(41.878723, -87.63374)","orange"
"70174",40040,"Quincy/Wells","04/07/2019","U",1057,2019-04-07,4,"Apr",2019,7,"Sunday","(41.878723, -87.63374)","orange"
"70175",40040,"Quincy/Wells","04/08/2019","W",8200,2019-04-08,4,"Apr",2019,8,"Monday","(41.878723, -87.63374)","orange"
"70176",40040,"Quincy/Wells","04/09/2019","W",8380,2019-04-09,4,"Apr",2019,9,"Tuesday","(41.878723, -87.63374)","orange"
"70177",40040,"Quincy/Wells","04/10/2019","W",8439,2019-04-10,4,"Apr",2019,10,"Wednesday","(41.878723, -87.63374)","orange"
"70178",40040,"Quincy/Wells","04/11/2019","W",8391,2019-04-11,4,"Apr",2019,11,"Thursday","(41.878723, -87.63374)","orange"
"70179",40040,"Quincy/Wells","04/12/2019","W",7609,2019-04-12,4,"Apr",2019,12,"Friday","(41.878723, -87.63374)","orange"
"70180",40040,"Quincy/Wells","04/13/2019","A",1500,2019-04-13,4,"Apr",2019,13,"Saturday","(41.878723, -87.63374)","orange"
"70181",40040,"Quincy/Wells","04/14/2019","U",902,2019-04-14,4,"Apr",2019,14,"Sunday","(41.878723, -87.63374)","orange"
"70182",40040,"Quincy/Wells","04/15/2019","W",8433,2019-04-15,4,"Apr",2019,15,"Monday","(41.878723, -87.63374)","orange"
"70183",40040,"Quincy/Wells","04/16/2019","W",8118,2019-04-16,4,"Apr",2019,16,"Tuesday","(41.878723, -87.63374)","orange"
"70184",40040,"Quincy/Wells","04/17/2019","W",8046,2019-04-17,4,"Apr",2019,17,"Wednesday","(41.878723, -87.63374)","orange"
"70185",40040,"Quincy/Wells","04/18/2019","W",8030,2019-04-18,4,"Apr",2019,18,"Thursday","(41.878723, -87.63374)","orange"
"70186",40040,"Quincy/Wells","04/19/2019","W",5983,2019-04-19,4,"Apr",2019,19,"Friday","(41.878723, -87.63374)","orange"
"70187",40040,"Quincy/Wells","04/20/2019","A",1651,2019-04-20,4,"Apr",2019,20,"Saturday","(41.878723, -87.63374)","orange"
"70188",40040,"Quincy/Wells","04/21/2019","U",1343,2019-04-21,4,"Apr",2019,21,"Sunday","(41.878723, -87.63374)","orange"
"70189",40040,"Quincy/Wells","04/22/2019","W",8243,2019-04-22,4,"Apr",2019,22,"Monday","(41.878723, -87.63374)","orange"
"70190",40040,"Quincy/Wells","04/23/2019","W",8443,2019-04-23,4,"Apr",2019,23,"Tuesday","(41.878723, -87.63374)","orange"
"70191",40040,"Quincy/Wells","04/24/2019","W",8577,2019-04-24,4,"Apr",2019,24,"Wednesday","(41.878723, -87.63374)","orange"
"70192",40040,"Quincy/Wells","04/25/2019","W",8270,2019-04-25,4,"Apr",2019,25,"Thursday","(41.878723, -87.63374)","orange"
"70193",40040,"Quincy/Wells","04/26/2019","W",7231,2019-04-26,4,"Apr",2019,26,"Friday","(41.878723, -87.63374)","orange"
"70194",40040,"Quincy/Wells","04/27/2019","A",1092,2019-04-27,4,"Apr",2019,27,"Saturday","(41.878723, -87.63374)","orange"
"70195",40040,"Quincy/Wells","04/28/2019","U",1139,2019-04-28,4,"Apr",2019,28,"Sunday","(41.878723, -87.63374)","orange"
"70196",40040,"Quincy/Wells","04/29/2019","W",8265,2019-04-29,4,"Apr",2019,29,"Monday","(41.878723, -87.63374)","orange"
"70197",40040,"Quincy/Wells","04/30/2019","W",8693,2019-04-30,4,"Apr",2019,30,"Tuesday","(41.878723, -87.63374)","orange"
"74430",40040,"Quincy/Wells","05/01/2019","W",8442,2019-05-01,5,"May",2019,1,"Wednesday","(41.878723, -87.63374)","orange"
"74431",40040,"Quincy/Wells","05/02/2019","W",8503,2019-05-02,5,"May",2019,2,"Thursday","(41.878723, -87.63374)","orange"
"74432",40040,"Quincy/Wells","05/03/2019","W",7680,2019-05-03,5,"May",2019,3,"Friday","(41.878723, -87.63374)","orange"
"74433",40040,"Quincy/Wells","05/04/2019","A",1415,2019-05-04,5,"May",2019,4,"Saturday","(41.878723, -87.63374)","orange"
"74434",40040,"Quincy/Wells","05/05/2019","U",1191,2019-05-05,5,"May",2019,5,"Sunday","(41.878723, -87.63374)","orange"
"74435",40040,"Quincy/Wells","05/06/2019","W",8694,2019-05-06,5,"May",2019,6,"Monday","(41.878723, -87.63374)","orange"
"74436",40040,"Quincy/Wells","05/07/2019","W",8594,2019-05-07,5,"May",2019,7,"Tuesday","(41.878723, -87.63374)","orange"
"74437",40040,"Quincy/Wells","05/08/2019","W",8505,2019-05-08,5,"May",2019,8,"Wednesday","(41.878723, -87.63374)","orange"
"74438",40040,"Quincy/Wells","05/09/2019","W",8113,2019-05-09,5,"May",2019,9,"Thursday","(41.878723, -87.63374)","orange"
"74439",40040,"Quincy/Wells","05/10/2019","W",7617,2019-05-10,5,"May",2019,10,"Friday","(41.878723, -87.63374)","orange"
"74440",40040,"Quincy/Wells","05/11/2019","A",1631,2019-05-11,5,"May",2019,11,"Saturday","(41.878723, -87.63374)","orange"
"74441",40040,"Quincy/Wells","05/12/2019","U",1267,2019-05-12,5,"May",2019,12,"Sunday","(41.878723, -87.63374)","orange"
"74442",40040,"Quincy/Wells","05/13/2019","W",8592,2019-05-13,5,"May",2019,13,"Monday","(41.878723, -87.63374)","orange"
"74443",40040,"Quincy/Wells","05/14/2019","W",8282,2019-05-14,5,"May",2019,14,"Tuesday","(41.878723, -87.63374)","orange"
"74444",40040,"Quincy/Wells","05/15/2019","W",8145,2019-05-15,5,"May",2019,15,"Wednesday","(41.878723, -87.63374)","orange"
"74445",40040,"Quincy/Wells","05/16/2019","W",8074,2019-05-16,5,"May",2019,16,"Thursday","(41.878723, -87.63374)","orange"
"74446",40040,"Quincy/Wells","05/17/2019","W",7452,2019-05-17,5,"May",2019,17,"Friday","(41.878723, -87.63374)","orange"
"74447",40040,"Quincy/Wells","05/18/2019","A",1389,2019-05-18,5,"May",2019,18,"Saturday","(41.878723, -87.63374)","orange"
"74448",40040,"Quincy/Wells","05/19/2019","U",1192,2019-05-19,5,"May",2019,19,"Sunday","(41.878723, -87.63374)","orange"
"74449",40040,"Quincy/Wells","05/20/2019","W",8768,2019-05-20,5,"May",2019,20,"Monday","(41.878723, -87.63374)","orange"
"74450",40040,"Quincy/Wells","05/21/2019","W",8849,2019-05-21,5,"May",2019,21,"Tuesday","(41.878723, -87.63374)","orange"
"74451",40040,"Quincy/Wells","05/22/2019","W",8592,2019-05-22,5,"May",2019,22,"Wednesday","(41.878723, -87.63374)","orange"
"74452",40040,"Quincy/Wells","05/23/2019","W",7895,2019-05-23,5,"May",2019,23,"Thursday","(41.878723, -87.63374)","orange"
"74453",40040,"Quincy/Wells","05/24/2019","W",6726,2019-05-24,5,"May",2019,24,"Friday","(41.878723, -87.63374)","orange"
"74454",40040,"Quincy/Wells","05/25/2019","A",1745,2019-05-25,5,"May",2019,25,"Saturday","(41.878723, -87.63374)","orange"
"74455",40040,"Quincy/Wells","05/26/2019","U",1581,2019-05-26,5,"May",2019,26,"Sunday","(41.878723, -87.63374)","orange"
"74456",40040,"Quincy/Wells","05/27/2019","U",1377,2019-05-27,5,"May",2019,27,"Monday","(41.878723, -87.63374)","orange"
"74457",40040,"Quincy/Wells","05/28/2019","W",8697,2019-05-28,5,"May",2019,28,"Tuesday","(41.878723, -87.63374)","orange"
"74458",40040,"Quincy/Wells","05/29/2019","W",8650,2019-05-29,5,"May",2019,29,"Wednesday","(41.878723, -87.63374)","orange"
"74459",40040,"Quincy/Wells","05/30/2019","W",8338,2019-05-30,5,"May",2019,30,"Thursday","(41.878723, -87.63374)","orange"
"74460",40040,"Quincy/Wells","05/31/2019","W",7324,2019-05-31,5,"May",2019,31,"Friday","(41.878723, -87.63374)","orange"
"78780",40040,"Quincy/Wells","07/01/2019","W",8652,2019-07-01,7,"Jul",2019,1,"Monday","(41.878723, -87.63374)","orange"
"78781",40040,"Quincy/Wells","07/02/2019","W",8597,2019-07-02,7,"Jul",2019,2,"Tuesday","(41.878723, -87.63374)","orange"
"78782",40040,"Quincy/Wells","07/03/2019","W",7034,2019-07-03,7,"Jul",2019,3,"Wednesday","(41.878723, -87.63374)","orange"
"78783",40040,"Quincy/Wells","07/04/2019","U",1338,2019-07-04,7,"Jul",2019,4,"Thursday","(41.878723, -87.63374)","orange"
"78784",40040,"Quincy/Wells","07/05/2019","W",3746,2019-07-05,7,"Jul",2019,5,"Friday","(41.878723, -87.63374)","orange"
"78785",40040,"Quincy/Wells","07/06/2019","A",1811,2019-07-06,7,"Jul",2019,6,"Saturday","(41.878723, -87.63374)","orange"
"78786",40040,"Quincy/Wells","07/07/2019","U",1565,2019-07-07,7,"Jul",2019,7,"Sunday","(41.878723, -87.63374)","orange"
"78787",40040,"Quincy/Wells","07/08/2019","W",8950,2019-07-08,7,"Jul",2019,8,"Monday","(41.878723, -87.63374)","orange"
"78788",40040,"Quincy/Wells","07/09/2019","W",8809,2019-07-09,7,"Jul",2019,9,"Tuesday","(41.878723, -87.63374)","orange"
"78789",40040,"Quincy/Wells","07/10/2019","W",8926,2019-07-10,7,"Jul",2019,10,"Wednesday","(41.878723, -87.63374)","orange"
"78790",40040,"Quincy/Wells","07/11/2019","W",8797,2019-07-11,7,"Jul",2019,11,"Thursday","(41.878723, -87.63374)","orange"
"78791",40040,"Quincy/Wells","07/12/2019","W",7688,2019-07-12,7,"Jul",2019,12,"Friday","(41.878723, -87.63374)","orange"
"78792",40040,"Quincy/Wells","07/13/2019","A",1670,2019-07-13,7,"Jul",2019,13,"Saturday","(41.878723, -87.63374)","orange"
"78793",40040,"Quincy/Wells","07/14/2019","U",1356,2019-07-14,7,"Jul",2019,14,"Sunday","(41.878723, -87.63374)","orange"
"78794",40040,"Quincy/Wells","07/15/2019","W",9084,2019-07-15,7,"Jul",2019,15,"Monday","(41.878723, -87.63374)","orange"
"78795",40040,"Quincy/Wells","07/16/2019","W",9036,2019-07-16,7,"Jul",2019,16,"Tuesday","(41.878723, -87.63374)","orange"
"78796",40040,"Quincy/Wells","07/17/2019","W",8999,2019-07-17,7,"Jul",2019,17,"Wednesday","(41.878723, -87.63374)","orange"
"78797",40040,"Quincy/Wells","07/18/2019","W",8499,2019-07-18,7,"Jul",2019,18,"Thursday","(41.878723, -87.63374)","orange"
"78798",40040,"Quincy/Wells","07/19/2019","W",7838,2019-07-19,7,"Jul",2019,19,"Friday","(41.878723, -87.63374)","orange"
"78889",40040,"Quincy/Wells","06/01/2019","A",1238,2019-06-01,6,"Jun",2019,1,"Saturday","(41.878723, -87.63374)","orange"
"78890",40040,"Quincy/Wells","06/02/2019","U",1171,2019-06-02,6,"Jun",2019,2,"Sunday","(41.878723, -87.63374)","orange"
"78891",40040,"Quincy/Wells","06/03/2019","W",8767,2019-06-03,6,"Jun",2019,3,"Monday","(41.878723, -87.63374)","orange"
"78892",40040,"Quincy/Wells","06/04/2019","W",8584,2019-06-04,6,"Jun",2019,4,"Tuesday","(41.878723, -87.63374)","orange"
"78893",40040,"Quincy/Wells","06/05/2019","W",8422,2019-06-05,6,"Jun",2019,5,"Wednesday","(41.878723, -87.63374)","orange"
"78894",40040,"Quincy/Wells","06/06/2019","W",8620,2019-06-06,6,"Jun",2019,6,"Thursday","(41.878723, -87.63374)","orange"
"78895",40040,"Quincy/Wells","06/07/2019","W",7528,2019-06-07,6,"Jun",2019,7,"Friday","(41.878723, -87.63374)","orange"
"78896",40040,"Quincy/Wells","06/08/2019","A",1646,2019-06-08,6,"Jun",2019,8,"Saturday","(41.878723, -87.63374)","orange"
"78897",40040,"Quincy/Wells","06/09/2019","U",1191,2019-06-09,6,"Jun",2019,9,"Sunday","(41.878723, -87.63374)","orange"
"78898",40040,"Quincy/Wells","06/10/2019","W",8737,2019-06-10,6,"Jun",2019,10,"Monday","(41.878723, -87.63374)","orange"
"78899",40040,"Quincy/Wells","06/11/2019","W",8659,2019-06-11,6,"Jun",2019,11,"Tuesday","(41.878723, -87.63374)","orange"
"78900",40040,"Quincy/Wells","06/12/2019","W",8646,2019-06-12,6,"Jun",2019,12,"Wednesday","(41.878723, -87.63374)","orange"
"78901",40040,"Quincy/Wells","06/13/2019","W",8383,2019-06-13,6,"Jun",2019,13,"Thursday","(41.878723, -87.63374)","orange"
"78902",40040,"Quincy/Wells","06/14/2019","W",7497,2019-06-14,6,"Jun",2019,14,"Friday","(41.878723, -87.63374)","orange"
"78903",40040,"Quincy/Wells","06/15/2019","A",1509,2019-06-15,6,"Jun",2019,15,"Saturday","(41.878723, -87.63374)","orange"
"78904",40040,"Quincy/Wells","06/16/2019","U",1248,2019-06-16,6,"Jun",2019,16,"Sunday","(41.878723, -87.63374)","orange"
"78905",40040,"Quincy/Wells","06/17/2019","W",8880,2019-06-17,6,"Jun",2019,17,"Monday","(41.878723, -87.63374)","orange"
"78906",40040,"Quincy/Wells","06/18/2019","W",7904,2019-06-18,6,"Jun",2019,18,"Tuesday","(41.878723, -87.63374)","orange"
"78907",40040,"Quincy/Wells","06/19/2019","W",8916,2019-06-19,6,"Jun",2019,19,"Wednesday","(41.878723, -87.63374)","orange"
"78908",40040,"Quincy/Wells","06/20/2019","W",8717,2019-06-20,6,"Jun",2019,20,"Thursday","(41.878723, -87.63374)","orange"
"78909",40040,"Quincy/Wells","06/21/2019","W",7662,2019-06-21,6,"Jun",2019,21,"Friday","(41.878723, -87.63374)","orange"
"78910",40040,"Quincy/Wells","06/22/2019","A",1679,2019-06-22,6,"Jun",2019,22,"Saturday","(41.878723, -87.63374)","orange"
"78911",40040,"Quincy/Wells","06/23/2019","U",1238,2019-06-23,6,"Jun",2019,23,"Sunday","(41.878723, -87.63374)","orange"
"78912",40040,"Quincy/Wells","06/24/2019","W",8715,2019-06-24,6,"Jun",2019,24,"Monday","(41.878723, -87.63374)","orange"
"78913",40040,"Quincy/Wells","06/25/2019","W",7759,2019-06-25,6,"Jun",2019,25,"Tuesday","(41.878723, -87.63374)","orange"
"78914",40040,"Quincy/Wells","06/26/2019","W",8766,2019-06-26,6,"Jun",2019,26,"Wednesday","(41.878723, -87.63374)","orange"
"78915",40040,"Quincy/Wells","06/27/2019","W",8661,2019-06-27,6,"Jun",2019,27,"Thursday","(41.878723, -87.63374)","orange"
"78916",40040,"Quincy/Wells","06/28/2019","W",7618,2019-06-28,6,"Jun",2019,28,"Friday","(41.878723, -87.63374)","orange"
"78917",40040,"Quincy/Wells","06/29/2019","A",1653,2019-06-29,6,"Jun",2019,29,"Saturday","(41.878723, -87.63374)","orange"
"78918",40040,"Quincy/Wells","06/30/2019","U",2431,2019-06-30,6,"Jun",2019,30,"Sunday","(41.878723, -87.63374)","orange"
"83089",40040,"Quincy/Wells","07/20/2019","A",1782,2019-07-20,7,"Jul",2019,20,"Saturday","(41.878723, -87.63374)","orange"
"83090",40040,"Quincy/Wells","07/21/2019","U",1347,2019-07-21,7,"Jul",2019,21,"Sunday","(41.878723, -87.63374)","orange"
"83091",40040,"Quincy/Wells","07/22/2019","W",9006,2019-07-22,7,"Jul",2019,22,"Monday","(41.878723, -87.63374)","orange"
"83092",40040,"Quincy/Wells","07/23/2019","W",8833,2019-07-23,7,"Jul",2019,23,"Tuesday","(41.878723, -87.63374)","orange"
"83093",40040,"Quincy/Wells","07/24/2019","W",8815,2019-07-24,7,"Jul",2019,24,"Wednesday","(41.878723, -87.63374)","orange"
"83094",40040,"Quincy/Wells","07/25/2019","W",8502,2019-07-25,7,"Jul",2019,25,"Thursday","(41.878723, -87.63374)","orange"
"83095",40040,"Quincy/Wells","07/26/2019","W",7095,2019-07-26,7,"Jul",2019,26,"Friday","(41.878723, -87.63374)","orange"
"83096",40040,"Quincy/Wells","07/27/2019","A",1497,2019-07-27,7,"Jul",2019,27,"Saturday","(41.878723, -87.63374)","orange"
"83097",40040,"Quincy/Wells","07/28/2019","U",1187,2019-07-28,7,"Jul",2019,28,"Sunday","(41.878723, -87.63374)","orange"
"83098",40040,"Quincy/Wells","07/29/2019","W",8827,2019-07-29,7,"Jul",2019,29,"Monday","(41.878723, -87.63374)","orange"
"83099",40040,"Quincy/Wells","07/30/2019","W",8655,2019-07-30,7,"Jul",2019,30,"Tuesday","(41.878723, -87.63374)","orange"
"83100",40040,"Quincy/Wells","07/31/2019","W",8621,2019-07-31,7,"Jul",2019,31,"Wednesday","(41.878723, -87.63374)","orange"
"87541",40040,"Quincy/Wells","08/01/2019","W",8535,2019-08-01,8,"Aug",2019,1,"Thursday","(41.878723, -87.63374)","orange"
"87542",40040,"Quincy/Wells","08/02/2019","W",7430,2019-08-02,8,"Aug",2019,2,"Friday","(41.878723, -87.63374)","orange"
"87543",40040,"Quincy/Wells","08/03/2019","A",1735,2019-08-03,8,"Aug",2019,3,"Saturday","(41.878723, -87.63374)","orange"
"87544",40040,"Quincy/Wells","08/04/2019","U",1505,2019-08-04,8,"Aug",2019,4,"Sunday","(41.878723, -87.63374)","orange"
"87545",40040,"Quincy/Wells","08/05/2019","W",8917,2019-08-05,8,"Aug",2019,5,"Monday","(41.878723, -87.63374)","orange"
"87546",40040,"Quincy/Wells","08/06/2019","W",8692,2019-08-06,8,"Aug",2019,6,"Tuesday","(41.878723, -87.63374)","orange"
"87547",40040,"Quincy/Wells","08/07/2019","W",8681,2019-08-07,8,"Aug",2019,7,"Wednesday","(41.878723, -87.63374)","orange"
"87548",40040,"Quincy/Wells","08/08/2019","W",8499,2019-08-08,8,"Aug",2019,8,"Thursday","(41.878723, -87.63374)","orange"
"87549",40040,"Quincy/Wells","08/09/2019","W",7416,2019-08-09,8,"Aug",2019,9,"Friday","(41.878723, -87.63374)","orange"
"87550",40040,"Quincy/Wells","08/10/2019","A",1673,2019-08-10,8,"Aug",2019,10,"Saturday","(41.878723, -87.63374)","orange"
"87551",40040,"Quincy/Wells","08/11/2019","U",1361,2019-08-11,8,"Aug",2019,11,"Sunday","(41.878723, -87.63374)","orange"
"87552",40040,"Quincy/Wells","08/12/2019","W",8851,2019-08-12,8,"Aug",2019,12,"Monday","(41.878723, -87.63374)","orange"
"87553",40040,"Quincy/Wells","08/13/2019","W",8817,2019-08-13,8,"Aug",2019,13,"Tuesday","(41.878723, -87.63374)","orange"
"87554",40040,"Quincy/Wells","08/14/2019","W",8459,2019-08-14,8,"Aug",2019,14,"Wednesday","(41.878723, -87.63374)","orange"
"87555",40040,"Quincy/Wells","08/15/2019","W",8189,2019-08-15,8,"Aug",2019,15,"Thursday","(41.878723, -87.63374)","orange"
"87556",40040,"Quincy/Wells","08/16/2019","W",7091,2019-08-16,8,"Aug",2019,16,"Friday","(41.878723, -87.63374)","orange"
"87557",40040,"Quincy/Wells","08/17/2019","A",1724,2019-08-17,8,"Aug",2019,17,"Saturday","(41.878723, -87.63374)","orange"
"87558",40040,"Quincy/Wells","08/18/2019","U",1283,2019-08-18,8,"Aug",2019,18,"Sunday","(41.878723, -87.63374)","orange"
"87559",40040,"Quincy/Wells","08/19/2019","W",8584,2019-08-19,8,"Aug",2019,19,"Monday","(41.878723, -87.63374)","orange"
"87560",40040,"Quincy/Wells","08/20/2019","W",8529,2019-08-20,8,"Aug",2019,20,"Tuesday","(41.878723, -87.63374)","orange"
"87561",40040,"Quincy/Wells","08/21/2019","W",8621,2019-08-21,8,"Aug",2019,21,"Wednesday","(41.878723, -87.63374)","orange"
"87562",40040,"Quincy/Wells","08/22/2019","W",8271,2019-08-22,8,"Aug",2019,22,"Thursday","(41.878723, -87.63374)","orange"
"87563",40040,"Quincy/Wells","08/23/2019","W",6901,2019-08-23,8,"Aug",2019,23,"Friday","(41.878723, -87.63374)","orange"
"87564",40040,"Quincy/Wells","08/24/2019","A",1457,2019-08-24,8,"Aug",2019,24,"Saturday","(41.878723, -87.63374)","orange"
"87565",40040,"Quincy/Wells","08/25/2019","U",1241,2019-08-25,8,"Aug",2019,25,"Sunday","(41.878723, -87.63374)","orange"
"87566",40040,"Quincy/Wells","08/26/2019","W",8092,2019-08-26,8,"Aug",2019,26,"Monday","(41.878723, -87.63374)","orange"
"87567",40040,"Quincy/Wells","08/27/2019","W",8385,2019-08-27,8,"Aug",2019,27,"Tuesday","(41.878723, -87.63374)","orange"
"87568",40040,"Quincy/Wells","08/28/2019","W",8062,2019-08-28,8,"Aug",2019,28,"Wednesday","(41.878723, -87.63374)","orange"
"87569",40040,"Quincy/Wells","08/29/2019","W",7954,2019-08-29,8,"Aug",2019,29,"Thursday","(41.878723, -87.63374)","orange"
"87570",40040,"Quincy/Wells","08/30/2019","W",6321,2019-08-30,8,"Aug",2019,30,"Friday","(41.878723, -87.63374)","orange"
"87571",40040,"Quincy/Wells","08/31/2019","A",1674,2019-08-31,8,"Aug",2019,31,"Saturday","(41.878723, -87.63374)","orange"
"91971",40040,"Quincy/Wells","09/01/2019","U",1529,2019-09-01,9,"Sep",2019,1,"Sunday","(41.878723, -87.63374)","orange"
"91972",40040,"Quincy/Wells","09/02/2019","U",1615,2019-09-02,9,"Sep",2019,2,"Monday","(41.878723, -87.63374)","orange"
"91973",40040,"Quincy/Wells","09/03/2019","W",8463,2019-09-03,9,"Sep",2019,3,"Tuesday","(41.878723, -87.63374)","orange"
"91974",40040,"Quincy/Wells","09/04/2019","W",8691,2019-09-04,9,"Sep",2019,4,"Wednesday","(41.878723, -87.63374)","orange"
"91975",40040,"Quincy/Wells","09/05/2019","W",8598,2019-09-05,9,"Sep",2019,5,"Thursday","(41.878723, -87.63374)","orange"
"91976",40040,"Quincy/Wells","09/06/2019","W",7466,2019-09-06,9,"Sep",2019,6,"Friday","(41.878723, -87.63374)","orange"
"91977",40040,"Quincy/Wells","09/07/2019","A",1484,2019-09-07,9,"Sep",2019,7,"Saturday","(41.878723, -87.63374)","orange"
"91978",40040,"Quincy/Wells","09/08/2019","U",1087,2019-09-08,9,"Sep",2019,8,"Sunday","(41.878723, -87.63374)","orange"
"91979",40040,"Quincy/Wells","09/09/2019","W",8751,2019-09-09,9,"Sep",2019,9,"Monday","(41.878723, -87.63374)","orange"
"91980",40040,"Quincy/Wells","09/10/2019","W",8509,2019-09-10,9,"Sep",2019,10,"Tuesday","(41.878723, -87.63374)","orange"
"91981",40040,"Quincy/Wells","09/11/2019","W",8589,2019-09-11,9,"Sep",2019,11,"Wednesday","(41.878723, -87.63374)","orange"
"91982",40040,"Quincy/Wells","09/12/2019","W",8653,2019-09-12,9,"Sep",2019,12,"Thursday","(41.878723, -87.63374)","orange"
"91983",40040,"Quincy/Wells","09/13/2019","W",7720,2019-09-13,9,"Sep",2019,13,"Friday","(41.878723, -87.63374)","orange"
"91984",40040,"Quincy/Wells","09/14/2019","A",1743,2019-09-14,9,"Sep",2019,14,"Saturday","(41.878723, -87.63374)","orange"
"91985",40040,"Quincy/Wells","09/15/2019","U",1449,2019-09-15,9,"Sep",2019,15,"Sunday","(41.878723, -87.63374)","orange"
"91986",40040,"Quincy/Wells","09/16/2019","W",8907,2019-09-16,9,"Sep",2019,16,"Monday","(41.878723, -87.63374)","orange"
"91987",40040,"Quincy/Wells","09/17/2019","W",8812,2019-09-17,9,"Sep",2019,17,"Tuesday","(41.878723, -87.63374)","orange"
"91988",40040,"Quincy/Wells","09/18/2019","W",8591,2019-09-18,9,"Sep",2019,18,"Wednesday","(41.878723, -87.63374)","orange"
"91989",40040,"Quincy/Wells","09/19/2019","W",8511,2019-09-19,9,"Sep",2019,19,"Thursday","(41.878723, -87.63374)","orange"
"91990",40040,"Quincy/Wells","09/20/2019","W",7706,2019-09-20,9,"Sep",2019,20,"Friday","(41.878723, -87.63374)","orange"
"91991",40040,"Quincy/Wells","09/21/2019","A",1464,2019-09-21,9,"Sep",2019,21,"Saturday","(41.878723, -87.63374)","orange"
"91992",40040,"Quincy/Wells","09/22/2019","U",1201,2019-09-22,9,"Sep",2019,22,"Sunday","(41.878723, -87.63374)","orange"
"91993",40040,"Quincy/Wells","09/23/2019","W",8781,2019-09-23,9,"Sep",2019,23,"Monday","(41.878723, -87.63374)","orange"
"91994",40040,"Quincy/Wells","09/24/2019","W",8315,2019-09-24,9,"Sep",2019,24,"Tuesday","(41.878723, -87.63374)","orange"
"91995",40040,"Quincy/Wells","09/25/2019","W",7667,2019-09-25,9,"Sep",2019,25,"Wednesday","(41.878723, -87.63374)","orange"
"91996",40040,"Quincy/Wells","09/26/2019","W",8360,2019-09-26,9,"Sep",2019,26,"Thursday","(41.878723, -87.63374)","orange"
"91997",40040,"Quincy/Wells","09/27/2019","W",7945,2019-09-27,9,"Sep",2019,27,"Friday","(41.878723, -87.63374)","orange"
"91998",40040,"Quincy/Wells","09/28/2019","A",1365,2019-09-28,9,"Sep",2019,28,"Saturday","(41.878723, -87.63374)","orange"
"91999",40040,"Quincy/Wells","09/29/2019","U",1101,2019-09-29,9,"Sep",2019,29,"Sunday","(41.878723, -87.63374)","orange"
"92000",40040,"Quincy/Wells","09/30/2019","W",8732,2019-09-30,9,"Sep",2019,30,"Monday","(41.878723, -87.63374)","orange"
"96264",40040,"Quincy/Wells","10/01/2019","W",8613,2019-10-01,10,"Oct",2019,1,"Tuesday","(41.878723, -87.63374)","orange"
"96265",40040,"Quincy/Wells","10/02/2019","W",8999,2019-10-02,10,"Oct",2019,2,"Wednesday","(41.878723, -87.63374)","orange"
"96266",40040,"Quincy/Wells","10/03/2019","W",8841,2019-10-03,10,"Oct",2019,3,"Thursday","(41.878723, -87.63374)","orange"
"96267",40040,"Quincy/Wells","10/04/2019","W",7715,2019-10-04,10,"Oct",2019,4,"Friday","(41.878723, -87.63374)","orange"
"96268",40040,"Quincy/Wells","10/05/2019","A",1338,2019-10-05,10,"Oct",2019,5,"Saturday","(41.878723, -87.63374)","orange"
"96269",40040,"Quincy/Wells","10/06/2019","U",1335,2019-10-06,10,"Oct",2019,6,"Sunday","(41.878723, -87.63374)","orange"
"96270",40040,"Quincy/Wells","10/07/2019","W",8942,2019-10-07,10,"Oct",2019,7,"Monday","(41.878723, -87.63374)","orange"
"96271",40040,"Quincy/Wells","10/08/2019","W",8808,2019-10-08,10,"Oct",2019,8,"Tuesday","(41.878723, -87.63374)","orange"
"96272",40040,"Quincy/Wells","10/09/2019","W",8346,2019-10-09,10,"Oct",2019,9,"Wednesday","(41.878723, -87.63374)","orange"
"96273",40040,"Quincy/Wells","10/10/2019","W",9002,2019-10-10,10,"Oct",2019,10,"Thursday","(41.878723, -87.63374)","orange"
"96274",40040,"Quincy/Wells","10/11/2019","W",7843,2019-10-11,10,"Oct",2019,11,"Friday","(41.878723, -87.63374)","orange"
"96275",40040,"Quincy/Wells","10/12/2019","A",2385,2019-10-12,10,"Oct",2019,12,"Saturday","(41.878723, -87.63374)","orange"
"96276",40040,"Quincy/Wells","10/13/2019","U",2583,2019-10-13,10,"Oct",2019,13,"Sunday","(41.878723, -87.63374)","orange"
"96277",40040,"Quincy/Wells","10/14/2019","W",8548,2019-10-14,10,"Oct",2019,14,"Monday","(41.878723, -87.63374)","orange"
"96278",40040,"Quincy/Wells","10/15/2019","W",9084,2019-10-15,10,"Oct",2019,15,"Tuesday","(41.878723, -87.63374)","orange"
"96279",40040,"Quincy/Wells","10/16/2019","W",8708,2019-10-16,10,"Oct",2019,16,"Wednesday","(41.878723, -87.63374)","orange"
"96280",40040,"Quincy/Wells","10/17/2019","W",9008,2019-10-17,10,"Oct",2019,17,"Thursday","(41.878723, -87.63374)","orange"
"96281",40040,"Quincy/Wells","10/18/2019","W",8029,2019-10-18,10,"Oct",2019,18,"Friday","(41.878723, -87.63374)","orange"
"96282",40040,"Quincy/Wells","10/19/2019","A",1687,2019-10-19,10,"Oct",2019,19,"Saturday","(41.878723, -87.63374)","orange"
"96283",40040,"Quincy/Wells","10/20/2019","U",1578,2019-10-20,10,"Oct",2019,20,"Sunday","(41.878723, -87.63374)","orange"
"96284",40040,"Quincy/Wells","10/21/2019","W",8948,2019-10-21,10,"Oct",2019,21,"Monday","(41.878723, -87.63374)","orange"
"96285",40040,"Quincy/Wells","10/22/2019","W",8752,2019-10-22,10,"Oct",2019,22,"Tuesday","(41.878723, -87.63374)","orange"
"96286",40040,"Quincy/Wells","10/23/2019","W",8829,2019-10-23,10,"Oct",2019,23,"Wednesday","(41.878723, -87.63374)","orange"
"96287",40040,"Quincy/Wells","10/24/2019","W",8676,2019-10-24,10,"Oct",2019,24,"Thursday","(41.878723, -87.63374)","orange"
"96288",40040,"Quincy/Wells","10/25/2019","W",7715,2019-10-25,10,"Oct",2019,25,"Friday","(41.878723, -87.63374)","orange"
"96289",40040,"Quincy/Wells","10/26/2019","A",1317,2019-10-26,10,"Oct",2019,26,"Saturday","(41.878723, -87.63374)","orange"
"96290",40040,"Quincy/Wells","10/27/2019","U",1278,2019-10-27,10,"Oct",2019,27,"Sunday","(41.878723, -87.63374)","orange"
"96291",40040,"Quincy/Wells","10/28/2019","W",8944,2019-10-28,10,"Oct",2019,28,"Monday","(41.878723, -87.63374)","orange"
"96292",40040,"Quincy/Wells","10/29/2019","W",8826,2019-10-29,10,"Oct",2019,29,"Tuesday","(41.878723, -87.63374)","orange"
"96293",40040,"Quincy/Wells","10/30/2019","W",8973,2019-10-30,10,"Oct",2019,30,"Wednesday","(41.878723, -87.63374)","orange"
"96294",40040,"Quincy/Wells","10/31/2019","W",8338,2019-10-31,10,"Oct",2019,31,"Thursday","(41.878723, -87.63374)","orange"
"100727",40040,"Quincy/Wells","11/01/2019","W",7525,2019-11-01,11,"Nov",2019,1,"Friday","(41.878723, -87.63374)","orange"
"100728",40040,"Quincy/Wells","11/02/2019","A",1345,2019-11-02,11,"Nov",2019,2,"Saturday","(41.878723, -87.63374)","orange"
"100729",40040,"Quincy/Wells","11/03/2019","U",1255,2019-11-03,11,"Nov",2019,3,"Sunday","(41.878723, -87.63374)","orange"
"100730",40040,"Quincy/Wells","11/04/2019","W",8892,2019-11-04,11,"Nov",2019,4,"Monday","(41.878723, -87.63374)","orange"
"100731",40040,"Quincy/Wells","11/05/2019","W",8833,2019-11-05,11,"Nov",2019,5,"Tuesday","(41.878723, -87.63374)","orange"
"100732",40040,"Quincy/Wells","11/06/2019","W",8791,2019-11-06,11,"Nov",2019,6,"Wednesday","(41.878723, -87.63374)","orange"
"100733",40040,"Quincy/Wells","11/07/2019","W",8798,2019-11-07,11,"Nov",2019,7,"Thursday","(41.878723, -87.63374)","orange"
"100734",40040,"Quincy/Wells","11/08/2019","W",7843,2019-11-08,11,"Nov",2019,8,"Friday","(41.878723, -87.63374)","orange"
"100735",40040,"Quincy/Wells","11/09/2019","A",1353,2019-11-09,11,"Nov",2019,9,"Saturday","(41.878723, -87.63374)","orange"
"100736",40040,"Quincy/Wells","11/10/2019","U",1171,2019-11-10,11,"Nov",2019,10,"Sunday","(41.878723, -87.63374)","orange"
"100737",40040,"Quincy/Wells","11/11/2019","W",7055,2019-11-11,11,"Nov",2019,11,"Monday","(41.878723, -87.63374)","orange"
"100738",40040,"Quincy/Wells","11/12/2019","W",8323,2019-11-12,11,"Nov",2019,12,"Tuesday","(41.878723, -87.63374)","orange"
"100739",40040,"Quincy/Wells","11/13/2019","W",8559,2019-11-13,11,"Nov",2019,13,"Wednesday","(41.878723, -87.63374)","orange"
"100740",40040,"Quincy/Wells","11/14/2019","W",8617,2019-11-14,11,"Nov",2019,14,"Thursday","(41.878723, -87.63374)","orange"
"100741",40040,"Quincy/Wells","11/15/2019","W",7956,2019-11-15,11,"Nov",2019,15,"Friday","(41.878723, -87.63374)","orange"
"100742",40040,"Quincy/Wells","11/16/2019","A",1339,2019-11-16,11,"Nov",2019,16,"Saturday","(41.878723, -87.63374)","orange"
"100743",40040,"Quincy/Wells","11/17/2019","U",1034,2019-11-17,11,"Nov",2019,17,"Sunday","(41.878723, -87.63374)","orange"
"100744",40040,"Quincy/Wells","11/18/2019","W",8850,2019-11-18,11,"Nov",2019,18,"Monday","(41.878723, -87.63374)","orange"
"100745",40040,"Quincy/Wells","11/19/2019","W",8930,2019-11-19,11,"Nov",2019,19,"Tuesday","(41.878723, -87.63374)","orange"
"100746",40040,"Quincy/Wells","11/20/2019","W",8531,2019-11-20,11,"Nov",2019,20,"Wednesday","(41.878723, -87.63374)","orange"
"100747",40040,"Quincy/Wells","11/21/2019","W",8514,2019-11-21,11,"Nov",2019,21,"Thursday","(41.878723, -87.63374)","orange"
"100748",40040,"Quincy/Wells","11/22/2019","W",7962,2019-11-22,11,"Nov",2019,22,"Friday","(41.878723, -87.63374)","orange"
"100749",40040,"Quincy/Wells","11/23/2019","A",1294,2019-11-23,11,"Nov",2019,23,"Saturday","(41.878723, -87.63374)","orange"
"100750",40040,"Quincy/Wells","11/24/2019","U",1199,2019-11-24,11,"Nov",2019,24,"Sunday","(41.878723, -87.63374)","orange"
"100751",40040,"Quincy/Wells","11/25/2019","W",8453,2019-11-25,11,"Nov",2019,25,"Monday","(41.878723, -87.63374)","orange"
"100752",40040,"Quincy/Wells","11/26/2019","W",7907,2019-11-26,11,"Nov",2019,26,"Tuesday","(41.878723, -87.63374)","orange"
"100753",40040,"Quincy/Wells","11/27/2019","W",5099,2019-11-27,11,"Nov",2019,27,"Wednesday","(41.878723, -87.63374)","orange"
"100754",40040,"Quincy/Wells","11/28/2019","U",721,2019-11-28,11,"Nov",2019,28,"Thursday","(41.878723, -87.63374)","orange"
"100755",40040,"Quincy/Wells","11/29/2019","W",2232,2019-11-29,11,"Nov",2019,29,"Friday","(41.878723, -87.63374)","orange"
"100756",40040,"Quincy/Wells","11/30/2019","A",1202,2019-11-30,11,"Nov",2019,30,"Saturday","(41.878723, -87.63374)","orange"
"104949",40040,"Quincy/Wells","03/01/2020","U",1039,2020-03-01,3,"Mar",2020,1,"Sunday","(41.878723, -87.63374)","orange"
"104950",40040,"Quincy/Wells","03/02/2020","W",8287,2020-03-02,3,"Mar",2020,2,"Monday","(41.878723, -87.63374)","orange"
"104951",40040,"Quincy/Wells","03/03/2020","W",8566,2020-03-03,3,"Mar",2020,3,"Tuesday","(41.878723, -87.63374)","orange"
"104952",40040,"Quincy/Wells","03/04/2020","W",8391,2020-03-04,3,"Mar",2020,4,"Wednesday","(41.878723, -87.63374)","orange"
"104953",40040,"Quincy/Wells","03/05/2020","W",8464,2020-03-05,3,"Mar",2020,5,"Thursday","(41.878723, -87.63374)","orange"
"104954",40040,"Quincy/Wells","03/06/2020","W",7431,2020-03-06,3,"Mar",2020,6,"Friday","(41.878723, -87.63374)","orange"
"104955",40040,"Quincy/Wells","03/07/2020","A",1360,2020-03-07,3,"Mar",2020,7,"Saturday","(41.878723, -87.63374)","orange"
"104956",40040,"Quincy/Wells","03/08/2020","U",1080,2020-03-08,3,"Mar",2020,8,"Sunday","(41.878723, -87.63374)","orange"
"104957",40040,"Quincy/Wells","03/09/2020","W",8417,2020-03-09,3,"Mar",2020,9,"Monday","(41.878723, -87.63374)","orange"
"104958",40040,"Quincy/Wells","03/10/2020","W",8587,2020-03-10,3,"Mar",2020,10,"Tuesday","(41.878723, -87.63374)","orange"
"104959",40040,"Quincy/Wells","03/11/2020","W",7952,2020-03-11,3,"Mar",2020,11,"Wednesday","(41.878723, -87.63374)","orange"
"105053",40040,"Quincy/Wells","12/01/2019","U",1240,2019-12-01,12,"Dec",2019,1,"Sunday","(41.878723, -87.63374)","orange"
"105054",40040,"Quincy/Wells","12/02/2019","W",8615,2019-12-02,12,"Dec",2019,2,"Monday","(41.878723, -87.63374)","orange"
"105055",40040,"Quincy/Wells","12/03/2019","W",8168,2019-12-03,12,"Dec",2019,3,"Tuesday","(41.878723, -87.63374)","orange"
"105056",40040,"Quincy/Wells","12/04/2019","W",8563,2019-12-04,12,"Dec",2019,4,"Wednesday","(41.878723, -87.63374)","orange"
"105057",40040,"Quincy/Wells","12/05/2019","W",8372,2019-12-05,12,"Dec",2019,5,"Thursday","(41.878723, -87.63374)","orange"
"105058",40040,"Quincy/Wells","12/06/2019","W",7569,2019-12-06,12,"Dec",2019,6,"Friday","(41.878723, -87.63374)","orange"
"105059",40040,"Quincy/Wells","12/07/2019","A",1257,2019-12-07,12,"Dec",2019,7,"Saturday","(41.878723, -87.63374)","orange"
"105060",40040,"Quincy/Wells","12/08/2019","U",908,2019-12-08,12,"Dec",2019,8,"Sunday","(41.878723, -87.63374)","orange"
"105061",40040,"Quincy/Wells","12/09/2019","W",8534,2019-12-09,12,"Dec",2019,9,"Monday","(41.878723, -87.63374)","orange"
"105062",40040,"Quincy/Wells","12/10/2019","W",8329,2019-12-10,12,"Dec",2019,10,"Tuesday","(41.878723, -87.63374)","orange"
"105063",40040,"Quincy/Wells","12/11/2019","W",8299,2019-12-11,12,"Dec",2019,11,"Wednesday","(41.878723, -87.63374)","orange"
"105064",40040,"Quincy/Wells","12/12/2019","W",8039,2019-12-12,12,"Dec",2019,12,"Thursday","(41.878723, -87.63374)","orange"
"105065",40040,"Quincy/Wells","12/13/2019","W",6870,2019-12-13,12,"Dec",2019,13,"Friday","(41.878723, -87.63374)","orange"
"105066",40040,"Quincy/Wells","12/14/2019","A",1210,2019-12-14,12,"Dec",2019,14,"Saturday","(41.878723, -87.63374)","orange"
"105067",40040,"Quincy/Wells","12/15/2019","U",890,2019-12-15,12,"Dec",2019,15,"Sunday","(41.878723, -87.63374)","orange"
"105068",40040,"Quincy/Wells","12/16/2019","W",8231,2019-12-16,12,"Dec",2019,16,"Monday","(41.878723, -87.63374)","orange"
"105069",40040,"Quincy/Wells","12/17/2019","W",8361,2019-12-17,12,"Dec",2019,17,"Tuesday","(41.878723, -87.63374)","orange"
"105070",40040,"Quincy/Wells","12/18/2019","W",8043,2019-12-18,12,"Dec",2019,18,"Wednesday","(41.878723, -87.63374)","orange"
"105071",40040,"Quincy/Wells","12/19/2019","W",7739,2019-12-19,12,"Dec",2019,19,"Thursday","(41.878723, -87.63374)","orange"
"105072",40040,"Quincy/Wells","12/20/2019","W",6560,2019-12-20,12,"Dec",2019,20,"Friday","(41.878723, -87.63374)","orange"
"105073",40040,"Quincy/Wells","12/21/2019","A",1176,2019-12-21,12,"Dec",2019,21,"Saturday","(41.878723, -87.63374)","orange"
"105074",40040,"Quincy/Wells","12/22/2019","U",884,2019-12-22,12,"Dec",2019,22,"Sunday","(41.878723, -87.63374)","orange"
"105075",40040,"Quincy/Wells","12/23/2019","W",4523,2019-12-23,12,"Dec",2019,23,"Monday","(41.878723, -87.63374)","orange"
"105076",40040,"Quincy/Wells","12/24/2019","W",1922,2019-12-24,12,"Dec",2019,24,"Tuesday","(41.878723, -87.63374)","orange"
"105077",40040,"Quincy/Wells","12/25/2019","U",546,2019-12-25,12,"Dec",2019,25,"Wednesday","(41.878723, -87.63374)","orange"
"105078",40040,"Quincy/Wells","12/26/2019","W",3550,2019-12-26,12,"Dec",2019,26,"Thursday","(41.878723, -87.63374)","orange"
"105079",40040,"Quincy/Wells","12/27/2019","W",4171,2019-12-27,12,"Dec",2019,27,"Friday","(41.878723, -87.63374)","orange"
"105080",40040,"Quincy/Wells","12/28/2019","A",1275,2019-12-28,12,"Dec",2019,28,"Saturday","(41.878723, -87.63374)","orange"
"105081",40040,"Quincy/Wells","12/29/2019","U",1056,2019-12-29,12,"Dec",2019,29,"Sunday","(41.878723, -87.63374)","orange"
"105082",40040,"Quincy/Wells","12/30/2019","W",5501,2019-12-30,12,"Dec",2019,30,"Monday","(41.878723, -87.63374)","orange"
"105083",40040,"Quincy/Wells","12/31/2019","W",4074,2019-12-31,12,"Dec",2019,31,"Tuesday","(41.878723, -87.63374)","orange"
"109393",40040,"Quincy/Wells","03/12/2020","W",6717,2020-03-12,3,"Mar",2020,12,"Thursday","(41.878723, -87.63374)","orange"
"109394",40040,"Quincy/Wells","03/13/2020","W",4758,2020-03-13,3,"Mar",2020,13,"Friday","(41.878723, -87.63374)","orange"
"109395",40040,"Quincy/Wells","03/14/2020","A",747,2020-03-14,3,"Mar",2020,14,"Saturday","(41.878723, -87.63374)","orange"
"109396",40040,"Quincy/Wells","03/15/2020","U",513,2020-03-15,3,"Mar",2020,15,"Sunday","(41.878723, -87.63374)","orange"
"109397",40040,"Quincy/Wells","03/16/2020","W",2386,2020-03-16,3,"Mar",2020,16,"Monday","(41.878723, -87.63374)","orange"
"109398",40040,"Quincy/Wells","03/17/2020","W",1494,2020-03-17,3,"Mar",2020,17,"Tuesday","(41.878723, -87.63374)","orange"
"109399",40040,"Quincy/Wells","03/18/2020","W",1185,2020-03-18,3,"Mar",2020,18,"Wednesday","(41.878723, -87.63374)","orange"
"109400",40040,"Quincy/Wells","03/19/2020","W",1007,2020-03-19,3,"Mar",2020,19,"Thursday","(41.878723, -87.63374)","orange"
"109401",40040,"Quincy/Wells","03/20/2020","W",805,2020-03-20,3,"Mar",2020,20,"Friday","(41.878723, -87.63374)","orange"
"109402",40040,"Quincy/Wells","03/21/2020","A",213,2020-03-21,3,"Mar",2020,21,"Saturday","(41.878723, -87.63374)","orange"
"109403",40040,"Quincy/Wells","03/22/2020","U",134,2020-03-22,3,"Mar",2020,22,"Sunday","(41.878723, -87.63374)","orange"
"109404",40040,"Quincy/Wells","03/23/2020","W",437,2020-03-23,3,"Mar",2020,23,"Monday","(41.878723, -87.63374)","orange"
"109405",40040,"Quincy/Wells","03/24/2020","W",452,2020-03-24,3,"Mar",2020,24,"Tuesday","(41.878723, -87.63374)","orange"
"109406",40040,"Quincy/Wells","03/25/2020","W",445,2020-03-25,3,"Mar",2020,25,"Wednesday","(41.878723, -87.63374)","orange"
"109407",40040,"Quincy/Wells","03/26/2020","W",457,2020-03-26,3,"Mar",2020,26,"Thursday","(41.878723, -87.63374)","orange"
"109408",40040,"Quincy/Wells","03/27/2020","W",455,2020-03-27,3,"Mar",2020,27,"Friday","(41.878723, -87.63374)","orange"
"109409",40040,"Quincy/Wells","03/28/2020","A",177,2020-03-28,3,"Mar",2020,28,"Saturday","(41.878723, -87.63374)","orange"
"109410",40040,"Quincy/Wells","03/29/2020","U",139,2020-03-29,3,"Mar",2020,29,"Sunday","(41.878723, -87.63374)","orange"
"109411",40040,"Quincy/Wells","03/30/2020","W",411,2020-03-30,3,"Mar",2020,30,"Monday","(41.878723, -87.63374)","orange"
"109412",40040,"Quincy/Wells","03/31/2020","W",425,2020-03-31,3,"Mar",2020,31,"Tuesday","(41.878723, -87.63374)","orange"
"109530",40040,"Quincy/Wells","01/01/2020","U",1116,2020-01-01,1,"Jan",2020,1,"Wednesday","(41.878723, -87.63374)","orange"
"109531",40040,"Quincy/Wells","01/02/2020","W",7195,2020-01-02,1,"Jan",2020,2,"Thursday","(41.878723, -87.63374)","orange"
"109532",40040,"Quincy/Wells","01/03/2020","W",6690,2020-01-03,1,"Jan",2020,3,"Friday","(41.878723, -87.63374)","orange"
"109533",40040,"Quincy/Wells","01/04/2020","A",1075,2020-01-04,1,"Jan",2020,4,"Saturday","(41.878723, -87.63374)","orange"
"109534",40040,"Quincy/Wells","01/05/2020","U",813,2020-01-05,1,"Jan",2020,5,"Sunday","(41.878723, -87.63374)","orange"
"109535",40040,"Quincy/Wells","01/06/2020","W",8914,2020-01-06,1,"Jan",2020,6,"Monday","(41.878723, -87.63374)","orange"
"109536",40040,"Quincy/Wells","01/07/2020","W",8701,2020-01-07,1,"Jan",2020,7,"Tuesday","(41.878723, -87.63374)","orange"
"109537",40040,"Quincy/Wells","01/08/2020","W",8483,2020-01-08,1,"Jan",2020,8,"Wednesday","(41.878723, -87.63374)","orange"
"109538",40040,"Quincy/Wells","01/09/2020","W",8695,2020-01-09,1,"Jan",2020,9,"Thursday","(41.878723, -87.63374)","orange"
"109539",40040,"Quincy/Wells","01/10/2020","W",7904,2020-01-10,1,"Jan",2020,10,"Friday","(41.878723, -87.63374)","orange"
"109540",40040,"Quincy/Wells","01/11/2020","A",1035,2020-01-11,1,"Jan",2020,11,"Saturday","(41.878723, -87.63374)","orange"
"109541",40040,"Quincy/Wells","01/12/2020","U",871,2020-01-12,1,"Jan",2020,12,"Sunday","(41.878723, -87.63374)","orange"
"109542",40040,"Quincy/Wells","01/13/2020","W",9033,2020-01-13,1,"Jan",2020,13,"Monday","(41.878723, -87.63374)","orange"
"109543",40040,"Quincy/Wells","01/14/2020","W",8655,2020-01-14,1,"Jan",2020,14,"Tuesday","(41.878723, -87.63374)","orange"
"109544",40040,"Quincy/Wells","01/15/2020","W",8540,2020-01-15,1,"Jan",2020,15,"Wednesday","(41.878723, -87.63374)","orange"
"109545",40040,"Quincy/Wells","01/16/2020","W",8733,2020-01-16,1,"Jan",2020,16,"Thursday","(41.878723, -87.63374)","orange"
"109546",40040,"Quincy/Wells","01/17/2020","W",8128,2020-01-17,1,"Jan",2020,17,"Friday","(41.878723, -87.63374)","orange"
"109547",40040,"Quincy/Wells","01/18/2020","A",1169,2020-01-18,1,"Jan",2020,18,"Saturday","(41.878723, -87.63374)","orange"
"109548",40040,"Quincy/Wells","01/19/2020","U",847,2020-01-19,1,"Jan",2020,19,"Sunday","(41.878723, -87.63374)","orange"
"109549",40040,"Quincy/Wells","01/20/2020","W",3810,2020-01-20,1,"Jan",2020,20,"Monday","(41.878723, -87.63374)","orange"
"109550",40040,"Quincy/Wells","01/21/2020","W",8542,2020-01-21,1,"Jan",2020,21,"Tuesday","(41.878723, -87.63374)","orange"
"109551",40040,"Quincy/Wells","01/22/2020","W",8604,2020-01-22,1,"Jan",2020,22,"Wednesday","(41.878723, -87.63374)","orange"
"109552",40040,"Quincy/Wells","01/23/2020","W",8810,2020-01-23,1,"Jan",2020,23,"Thursday","(41.878723, -87.63374)","orange"
"109553",40040,"Quincy/Wells","01/24/2020","W",7811,2020-01-24,1,"Jan",2020,24,"Friday","(41.878723, -87.63374)","orange"
"109554",40040,"Quincy/Wells","01/25/2020","A",1112,2020-01-25,1,"Jan",2020,25,"Saturday","(41.878723, -87.63374)","orange"
"109555",40040,"Quincy/Wells","01/26/2020","U",910,2020-01-26,1,"Jan",2020,26,"Sunday","(41.878723, -87.63374)","orange"
"109556",40040,"Quincy/Wells","01/27/2020","W",8814,2020-01-27,1,"Jan",2020,27,"Monday","(41.878723, -87.63374)","orange"
"109557",40040,"Quincy/Wells","01/28/2020","W",8586,2020-01-28,1,"Jan",2020,28,"Tuesday","(41.878723, -87.63374)","orange"
"109558",40040,"Quincy/Wells","01/29/2020","W",8401,2020-01-29,1,"Jan",2020,29,"Wednesday","(41.878723, -87.63374)","orange"
"109559",40040,"Quincy/Wells","01/30/2020","W",8565,2020-01-30,1,"Jan",2020,30,"Thursday","(41.878723, -87.63374)","orange"
"109560",40040,"Quincy/Wells","01/31/2020","W",7613,2020-01-31,1,"Jan",2020,31,"Friday","(41.878723, -87.63374)","orange"
"114004",40040,"Quincy/Wells","02/01/2020","A",1035,2020-02-01,2,"Feb",2020,1,"Saturday","(41.878723, -87.63374)","orange"
"114005",40040,"Quincy/Wells","02/02/2020","U",919,2020-02-02,2,"Feb",2020,2,"Sunday","(41.878723, -87.63374)","orange"
"114006",40040,"Quincy/Wells","02/03/2020","W",8370,2020-02-03,2,"Feb",2020,3,"Monday","(41.878723, -87.63374)","orange"
"114007",40040,"Quincy/Wells","02/04/2020","W",8523,2020-02-04,2,"Feb",2020,4,"Tuesday","(41.878723, -87.63374)","orange"
"114008",40040,"Quincy/Wells","02/05/2020","W",8722,2020-02-05,2,"Feb",2020,5,"Wednesday","(41.878723, -87.63374)","orange"
"114009",40040,"Quincy/Wells","02/06/2020","W",8439,2020-02-06,2,"Feb",2020,6,"Thursday","(41.878723, -87.63374)","orange"
"114010",40040,"Quincy/Wells","02/07/2020","W",7619,2020-02-07,2,"Feb",2020,7,"Friday","(41.878723, -87.63374)","orange"
"114011",40040,"Quincy/Wells","02/08/2020","A",1074,2020-02-08,2,"Feb",2020,8,"Saturday","(41.878723, -87.63374)","orange"
"114012",40040,"Quincy/Wells","02/09/2020","U",874,2020-02-09,2,"Feb",2020,9,"Sunday","(41.878723, -87.63374)","orange"
"114013",40040,"Quincy/Wells","02/10/2020","W",8738,2020-02-10,2,"Feb",2020,10,"Monday","(41.878723, -87.63374)","orange"
"114014",40040,"Quincy/Wells","02/11/2020","W",8563,2020-02-11,2,"Feb",2020,11,"Tuesday","(41.878723, -87.63374)","orange"
"114015",40040,"Quincy/Wells","02/12/2020","W",8788,2020-02-12,2,"Feb",2020,12,"Wednesday","(41.878723, -87.63374)","orange"
"114016",40040,"Quincy/Wells","02/13/2020","W",8352,2020-02-13,2,"Feb",2020,13,"Thursday","(41.878723, -87.63374)","orange"
"114017",40040,"Quincy/Wells","02/14/2020","W",7205,2020-02-14,2,"Feb",2020,14,"Friday","(41.878723, -87.63374)","orange"
"114018",40040,"Quincy/Wells","02/15/2020","A",1246,2020-02-15,2,"Feb",2020,15,"Saturday","(41.878723, -87.63374)","orange"
"114019",40040,"Quincy/Wells","02/16/2020","U",1130,2020-02-16,2,"Feb",2020,16,"Sunday","(41.878723, -87.63374)","orange"
"114020",40040,"Quincy/Wells","02/17/2020","W",5195,2020-02-17,2,"Feb",2020,17,"Monday","(41.878723, -87.63374)","orange"
"114021",40040,"Quincy/Wells","02/18/2020","W",8746,2020-02-18,2,"Feb",2020,18,"Tuesday","(41.878723, -87.63374)","orange"
"114022",40040,"Quincy/Wells","02/19/2020","W",8828,2020-02-19,2,"Feb",2020,19,"Wednesday","(41.878723, -87.63374)","orange"
"114023",40040,"Quincy/Wells","02/20/2020","W",8566,2020-02-20,2,"Feb",2020,20,"Thursday","(41.878723, -87.63374)","orange"
"114024",40040,"Quincy/Wells","02/21/2020","W",6671,2020-02-21,2,"Feb",2020,21,"Friday","(41.878723, -87.63374)","orange"
"114025",40040,"Quincy/Wells","02/22/2020","A",1347,2020-02-22,2,"Feb",2020,22,"Saturday","(41.878723, -87.63374)","orange"
"114026",40040,"Quincy/Wells","02/23/2020","U",1031,2020-02-23,2,"Feb",2020,23,"Sunday","(41.878723, -87.63374)","orange"
"114027",40040,"Quincy/Wells","02/24/2020","W",8579,2020-02-24,2,"Feb",2020,24,"Monday","(41.878723, -87.63374)","orange"
"114028",40040,"Quincy/Wells","02/25/2020","W",8653,2020-02-25,2,"Feb",2020,25,"Tuesday","(41.878723, -87.63374)","orange"
"114029",40040,"Quincy/Wells","02/26/2020","W",8044,2020-02-26,2,"Feb",2020,26,"Wednesday","(41.878723, -87.63374)","orange"
"114030",40040,"Quincy/Wells","02/27/2020","W",8360,2020-02-27,2,"Feb",2020,27,"Thursday","(41.878723, -87.63374)","orange"
"114031",40040,"Quincy/Wells","02/28/2020","W",7595,2020-02-28,2,"Feb",2020,28,"Friday","(41.878723, -87.63374)","orange"
"114032",40040,"Quincy/Wells","02/29/2020","A",1565,2020-02-29,2,"Feb",2020,29,"Saturday","(41.878723, -87.63374)","orange"
"122431",40040,"Quincy/Wells","04/01/2020","W",416,2020-04-01,4,"Apr",2020,1,"Wednesday","(41.878723, -87.63374)","orange"
"122432",40040,"Quincy/Wells","04/02/2020","W",427,2020-04-02,4,"Apr",2020,2,"Thursday","(41.878723, -87.63374)","orange"
"122433",40040,"Quincy/Wells","04/03/2020","W",395,2020-04-03,4,"Apr",2020,3,"Friday","(41.878723, -87.63374)","orange"
"122434",40040,"Quincy/Wells","04/04/2020","A",159,2020-04-04,4,"Apr",2020,4,"Saturday","(41.878723, -87.63374)","orange"
"122435",40040,"Quincy/Wells","04/05/2020","U",116,2020-04-05,4,"Apr",2020,5,"Sunday","(41.878723, -87.63374)","orange"
"122436",40040,"Quincy/Wells","04/06/2020","W",373,2020-04-06,4,"Apr",2020,6,"Monday","(41.878723, -87.63374)","orange"
"122437",40040,"Quincy/Wells","04/07/2020","W",353,2020-04-07,4,"Apr",2020,7,"Tuesday","(41.878723, -87.63374)","orange"
"122438",40040,"Quincy/Wells","04/08/2020","W",377,2020-04-08,4,"Apr",2020,8,"Wednesday","(41.878723, -87.63374)","orange"
"122439",40040,"Quincy/Wells","04/09/2020","W",373,2020-04-09,4,"Apr",2020,9,"Thursday","(41.878723, -87.63374)","orange"
"122440",40040,"Quincy/Wells","04/10/2020","W",323,2020-04-10,4,"Apr",2020,10,"Friday","(41.878723, -87.63374)","orange"
"122441",40040,"Quincy/Wells","04/11/2020","A",113,2020-04-11,4,"Apr",2020,11,"Saturday","(41.878723, -87.63374)","orange"
"122442",40040,"Quincy/Wells","04/12/2020","U",121,2020-04-12,4,"Apr",2020,12,"Sunday","(41.878723, -87.63374)","orange"
"122443",40040,"Quincy/Wells","04/13/2020","W",322,2020-04-13,4,"Apr",2020,13,"Monday","(41.878723, -87.63374)","orange"
"122444",40040,"Quincy/Wells","04/14/2020","W",318,2020-04-14,4,"Apr",2020,14,"Tuesday","(41.878723, -87.63374)","orange"
"122445",40040,"Quincy/Wells","04/15/2020","W",350,2020-04-15,4,"Apr",2020,15,"Wednesday","(41.878723, -87.63374)","orange"
"122446",40040,"Quincy/Wells","04/16/2020","W",350,2020-04-16,4,"Apr",2020,16,"Thursday","(41.878723, -87.63374)","orange"
"122447",40040,"Quincy/Wells","04/17/2020","W",343,2020-04-17,4,"Apr",2020,17,"Friday","(41.878723, -87.63374)","orange"
"122448",40040,"Quincy/Wells","04/18/2020","A",124,2020-04-18,4,"Apr",2020,18,"Saturday","(41.878723, -87.63374)","orange"
"122449",40040,"Quincy/Wells","04/19/2020","U",98,2020-04-19,4,"Apr",2020,19,"Sunday","(41.878723, -87.63374)","orange"
"122450",40040,"Quincy/Wells","04/20/2020","W",332,2020-04-20,4,"Apr",2020,20,"Monday","(41.878723, -87.63374)","orange"
"122451",40040,"Quincy/Wells","04/21/2020","W",319,2020-04-21,4,"Apr",2020,21,"Tuesday","(41.878723, -87.63374)","orange"
"122452",40040,"Quincy/Wells","04/22/2020","W",321,2020-04-22,4,"Apr",2020,22,"Wednesday","(41.878723, -87.63374)","orange"
"122453",40040,"Quincy/Wells","04/23/2020","W",326,2020-04-23,4,"Apr",2020,23,"Thursday","(41.878723, -87.63374)","orange"
"122454",40040,"Quincy/Wells","04/24/2020","W",338,2020-04-24,4,"Apr",2020,24,"Friday","(41.878723, -87.63374)","orange"
"122455",40040,"Quincy/Wells","04/25/2020","A",109,2020-04-25,4,"Apr",2020,25,"Saturday","(41.878723, -87.63374)","orange"
"122456",40040,"Quincy/Wells","04/26/2020","U",119,2020-04-26,4,"Apr",2020,26,"Sunday","(41.878723, -87.63374)","orange"
"122457",40040,"Quincy/Wells","04/27/2020","W",341,2020-04-27,4,"Apr",2020,27,"Monday","(41.878723, -87.63374)","orange"
"122458",40040,"Quincy/Wells","04/28/2020","W",329,2020-04-28,4,"Apr",2020,28,"Tuesday","(41.878723, -87.63374)","orange"
"122459",40040,"Quincy/Wells","04/29/2020","W",359,2020-04-29,4,"Apr",2020,29,"Wednesday","(41.878723, -87.63374)","orange"
"122460",40040,"Quincy/Wells","04/30/2020","W",341,2020-04-30,4,"Apr",2020,30,"Thursday","(41.878723, -87.63374)","orange"
"126761",40040,"Quincy/Wells","05/01/2020","W",326,2020-05-01,5,"May",2020,1,"Friday","(41.878723, -87.63374)","orange"
"126762",40040,"Quincy/Wells","05/02/2020","A",122,2020-05-02,5,"May",2020,2,"Saturday","(41.878723, -87.63374)","orange"
"126763",40040,"Quincy/Wells","05/03/2020","U",111,2020-05-03,5,"May",2020,3,"Sunday","(41.878723, -87.63374)","orange"
"126764",40040,"Quincy/Wells","05/04/2020","W",344,2020-05-04,5,"May",2020,4,"Monday","(41.878723, -87.63374)","orange"
"126765",40040,"Quincy/Wells","05/05/2020","W",331,2020-05-05,5,"May",2020,5,"Tuesday","(41.878723, -87.63374)","orange"
"126766",40040,"Quincy/Wells","05/06/2020","W",329,2020-05-06,5,"May",2020,6,"Wednesday","(41.878723, -87.63374)","orange"
"126767",40040,"Quincy/Wells","05/07/2020","W",331,2020-05-07,5,"May",2020,7,"Thursday","(41.878723, -87.63374)","orange"
"126768",40040,"Quincy/Wells","05/08/2020","W",319,2020-05-08,5,"May",2020,8,"Friday","(41.878723, -87.63374)","orange"
"126769",40040,"Quincy/Wells","05/09/2020","A",127,2020-05-09,5,"May",2020,9,"Saturday","(41.878723, -87.63374)","orange"
"126770",40040,"Quincy/Wells","05/10/2020","U",126,2020-05-10,5,"May",2020,10,"Sunday","(41.878723, -87.63374)","orange"
"126771",40040,"Quincy/Wells","05/11/2020","W",357,2020-05-11,5,"May",2020,11,"Monday","(41.878723, -87.63374)","orange"
"126772",40040,"Quincy/Wells","05/12/2020","W",347,2020-05-12,5,"May",2020,12,"Tuesday","(41.878723, -87.63374)","orange"
"126773",40040,"Quincy/Wells","05/13/2020","W",369,2020-05-13,5,"May",2020,13,"Wednesday","(41.878723, -87.63374)","orange"
"126774",40040,"Quincy/Wells","05/14/2020","W",357,2020-05-14,5,"May",2020,14,"Thursday","(41.878723, -87.63374)","orange"
"126775",40040,"Quincy/Wells","05/15/2020","W",367,2020-05-15,5,"May",2020,15,"Friday","(41.878723, -87.63374)","orange"
"126776",40040,"Quincy/Wells","05/16/2020","A",146,2020-05-16,5,"May",2020,16,"Saturday","(41.878723, -87.63374)","orange"
"126777",40040,"Quincy/Wells","05/17/2020","U",113,2020-05-17,5,"May",2020,17,"Sunday","(41.878723, -87.63374)","orange"
"126778",40040,"Quincy/Wells","05/18/2020","W",366,2020-05-18,5,"May",2020,18,"Monday","(41.878723, -87.63374)","orange"
"126779",40040,"Quincy/Wells","05/19/2020","W",327,2020-05-19,5,"May",2020,19,"Tuesday","(41.878723, -87.63374)","orange"
"126780",40040,"Quincy/Wells","05/20/2020","W",359,2020-05-20,5,"May",2020,20,"Wednesday","(41.878723, -87.63374)","orange"
"126781",40040,"Quincy/Wells","05/21/2020","W",339,2020-05-21,5,"May",2020,21,"Thursday","(41.878723, -87.63374)","orange"
"126782",40040,"Quincy/Wells","05/22/2020","W",353,2020-05-22,5,"May",2020,22,"Friday","(41.878723, -87.63374)","orange"
"126783",40040,"Quincy/Wells","05/23/2020","A",129,2020-05-23,5,"May",2020,23,"Saturday","(41.878723, -87.63374)","orange"
"126784",40040,"Quincy/Wells","05/24/2020","U",110,2020-05-24,5,"May",2020,24,"Sunday","(41.878723, -87.63374)","orange"
"126785",40040,"Quincy/Wells","05/25/2020","U",141,2020-05-25,5,"May",2020,25,"Monday","(41.878723, -87.63374)","orange"
"126786",40040,"Quincy/Wells","05/26/2020","W",390,2020-05-26,5,"May",2020,26,"Tuesday","(41.878723, -87.63374)","orange"
"126787",40040,"Quincy/Wells","05/27/2020","W",393,2020-05-27,5,"May",2020,27,"Wednesday","(41.878723, -87.63374)","orange"
"126788",40040,"Quincy/Wells","05/28/2020","W",369,2020-05-28,5,"May",2020,28,"Thursday","(41.878723, -87.63374)","orange"
"126789",40040,"Quincy/Wells","05/29/2020","W",401,2020-05-29,5,"May",2020,29,"Friday","(41.878723, -87.63374)","orange"
"126790",40040,"Quincy/Wells","05/30/2020","A",106,2020-05-30,5,"May",2020,30,"Saturday","(41.878723, -87.63374)","orange"
"126791",40040,"Quincy/Wells","05/31/2020","U",1,2020-05-31,5,"May",2020,31,"Sunday","(41.878723, -87.63374)","orange"
"131118",40040,"Quincy/Wells","07/01/2020","W",715,2020-07-01,7,"Jul",2020,1,"Wednesday","(41.878723, -87.63374)","orange"
"131119",40040,"Quincy/Wells","07/02/2020","W",708,2020-07-02,7,"Jul",2020,2,"Thursday","(41.878723, -87.63374)","orange"
"131120",40040,"Quincy/Wells","07/03/2020","U",387,2020-07-03,7,"Jul",2020,3,"Friday","(41.878723, -87.63374)","orange"
"131121",40040,"Quincy/Wells","07/04/2020","A",289,2020-07-04,7,"Jul",2020,4,"Saturday","(41.878723, -87.63374)","orange"
"131122",40040,"Quincy/Wells","07/05/2020","U",249,2020-07-05,7,"Jul",2020,5,"Sunday","(41.878723, -87.63374)","orange"
"131123",40040,"Quincy/Wells","07/06/2020","W",735,2020-07-06,7,"Jul",2020,6,"Monday","(41.878723, -87.63374)","orange"
"131124",40040,"Quincy/Wells","07/07/2020","W",794,2020-07-07,7,"Jul",2020,7,"Tuesday","(41.878723, -87.63374)","orange"
"131125",40040,"Quincy/Wells","07/08/2020","W",767,2020-07-08,7,"Jul",2020,8,"Wednesday","(41.878723, -87.63374)","orange"
"131126",40040,"Quincy/Wells","07/09/2020","W",760,2020-07-09,7,"Jul",2020,9,"Thursday","(41.878723, -87.63374)","orange"
"131127",40040,"Quincy/Wells","07/10/2020","W",720,2020-07-10,7,"Jul",2020,10,"Friday","(41.878723, -87.63374)","orange"
"131128",40040,"Quincy/Wells","07/11/2020","A",310,2020-07-11,7,"Jul",2020,11,"Saturday","(41.878723, -87.63374)","orange"
"131129",40040,"Quincy/Wells","07/12/2020","U",240,2020-07-12,7,"Jul",2020,12,"Sunday","(41.878723, -87.63374)","orange"
"131130",40040,"Quincy/Wells","07/13/2020","W",757,2020-07-13,7,"Jul",2020,13,"Monday","(41.878723, -87.63374)","orange"
"131131",40040,"Quincy/Wells","07/14/2020","W",802,2020-07-14,7,"Jul",2020,14,"Tuesday","(41.878723, -87.63374)","orange"
"131132",40040,"Quincy/Wells","07/15/2020","W",791,2020-07-15,7,"Jul",2020,15,"Wednesday","(41.878723, -87.63374)","orange"
"131133",40040,"Quincy/Wells","07/16/2020","W",782,2020-07-16,7,"Jul",2020,16,"Thursday","(41.878723, -87.63374)","orange"
"131134",40040,"Quincy/Wells","07/17/2020","W",726,2020-07-17,7,"Jul",2020,17,"Friday","(41.878723, -87.63374)","orange"
"131135",40040,"Quincy/Wells","07/18/2020","A",359,2020-07-18,7,"Jul",2020,18,"Saturday","(41.878723, -87.63374)","orange"
"131136",40040,"Quincy/Wells","07/19/2020","U",260,2020-07-19,7,"Jul",2020,19,"Sunday","(41.878723, -87.63374)","orange"
"131137",40040,"Quincy/Wells","07/20/2020","W",766,2020-07-20,7,"Jul",2020,20,"Monday","(41.878723, -87.63374)","orange"
"131138",40040,"Quincy/Wells","07/21/2020","W",807,2020-07-21,7,"Jul",2020,21,"Tuesday","(41.878723, -87.63374)","orange"
"131139",40040,"Quincy/Wells","07/22/2020","W",774,2020-07-22,7,"Jul",2020,22,"Wednesday","(41.878723, -87.63374)","orange"
"131140",40040,"Quincy/Wells","07/23/2020","W",842,2020-07-23,7,"Jul",2020,23,"Thursday","(41.878723, -87.63374)","orange"
"131141",40040,"Quincy/Wells","07/24/2020","W",721,2020-07-24,7,"Jul",2020,24,"Friday","(41.878723, -87.63374)","orange"
"131142",40040,"Quincy/Wells","07/25/2020","A",374,2020-07-25,7,"Jul",2020,25,"Saturday","(41.878723, -87.63374)","orange"
"131143",40040,"Quincy/Wells","07/26/2020","U",271,2020-07-26,7,"Jul",2020,26,"Sunday","(41.878723, -87.63374)","orange"
"131144",40040,"Quincy/Wells","07/27/2020","W",767,2020-07-27,7,"Jul",2020,27,"Monday","(41.878723, -87.63374)","orange"
"131145",40040,"Quincy/Wells","07/28/2020","W",774,2020-07-28,7,"Jul",2020,28,"Tuesday","(41.878723, -87.63374)","orange"
"131236",40040,"Quincy/Wells","06/01/2020","W",0,2020-06-01,6,"Jun",2020,1,"Monday","(41.878723, -87.63374)","orange"
"131237",40040,"Quincy/Wells","06/02/2020","W",1,2020-06-02,6,"Jun",2020,2,"Tuesday","(41.878723, -87.63374)","orange"
"131238",40040,"Quincy/Wells","06/03/2020","W",224,2020-06-03,6,"Jun",2020,3,"Wednesday","(41.878723, -87.63374)","orange"
"131239",40040,"Quincy/Wells","06/04/2020","W",312,2020-06-04,6,"Jun",2020,4,"Thursday","(41.878723, -87.63374)","orange"
"131240",40040,"Quincy/Wells","06/05/2020","W",306,2020-06-05,6,"Jun",2020,5,"Friday","(41.878723, -87.63374)","orange"
"131241",40040,"Quincy/Wells","06/06/2020","A",155,2020-06-06,6,"Jun",2020,6,"Saturday","(41.878723, -87.63374)","orange"
"131242",40040,"Quincy/Wells","06/07/2020","U",128,2020-06-07,6,"Jun",2020,7,"Sunday","(41.878723, -87.63374)","orange"
"131243",40040,"Quincy/Wells","06/08/2020","W",478,2020-06-08,6,"Jun",2020,8,"Monday","(41.878723, -87.63374)","orange"
"131244",40040,"Quincy/Wells","06/09/2020","W",503,2020-06-09,6,"Jun",2020,9,"Tuesday","(41.878723, -87.63374)","orange"
"131245",40040,"Quincy/Wells","06/10/2020","W",511,2020-06-10,6,"Jun",2020,10,"Wednesday","(41.878723, -87.63374)","orange"
"131246",40040,"Quincy/Wells","06/11/2020","W",555,2020-06-11,6,"Jun",2020,11,"Thursday","(41.878723, -87.63374)","orange"
"131247",40040,"Quincy/Wells","06/12/2020","W",527,2020-06-12,6,"Jun",2020,12,"Friday","(41.878723, -87.63374)","orange"
"131248",40040,"Quincy/Wells","06/13/2020","A",194,2020-06-13,6,"Jun",2020,13,"Saturday","(41.878723, -87.63374)","orange"
"131249",40040,"Quincy/Wells","06/14/2020","U",138,2020-06-14,6,"Jun",2020,14,"Sunday","(41.878723, -87.63374)","orange"
"131250",40040,"Quincy/Wells","06/15/2020","W",556,2020-06-15,6,"Jun",2020,15,"Monday","(41.878723, -87.63374)","orange"
"131251",40040,"Quincy/Wells","06/16/2020","W",595,2020-06-16,6,"Jun",2020,16,"Tuesday","(41.878723, -87.63374)","orange"
"131252",40040,"Quincy/Wells","06/17/2020","W",614,2020-06-17,6,"Jun",2020,17,"Wednesday","(41.878723, -87.63374)","orange"
"131253",40040,"Quincy/Wells","06/18/2020","W",607,2020-06-18,6,"Jun",2020,18,"Thursday","(41.878723, -87.63374)","orange"
"131254",40040,"Quincy/Wells","06/19/2020","W",562,2020-06-19,6,"Jun",2020,19,"Friday","(41.878723, -87.63374)","orange"
"131255",40040,"Quincy/Wells","06/20/2020","A",191,2020-06-20,6,"Jun",2020,20,"Saturday","(41.878723, -87.63374)","orange"
"131256",40040,"Quincy/Wells","06/21/2020","U",164,2020-06-21,6,"Jun",2020,21,"Sunday","(41.878723, -87.63374)","orange"
"131257",40040,"Quincy/Wells","06/22/2020","W",589,2020-06-22,6,"Jun",2020,22,"Monday","(41.878723, -87.63374)","orange"
"131258",40040,"Quincy/Wells","06/23/2020","W",661,2020-06-23,6,"Jun",2020,23,"Tuesday","(41.878723, -87.63374)","orange"
"131259",40040,"Quincy/Wells","06/24/2020","W",672,2020-06-24,6,"Jun",2020,24,"Wednesday","(41.878723, -87.63374)","orange"
"131260",40040,"Quincy/Wells","06/25/2020","W",685,2020-06-25,6,"Jun",2020,25,"Thursday","(41.878723, -87.63374)","orange"
"131261",40040,"Quincy/Wells","06/26/2020","W",603,2020-06-26,6,"Jun",2020,26,"Friday","(41.878723, -87.63374)","orange"
"131262",40040,"Quincy/Wells","06/27/2020","A",249,2020-06-27,6,"Jun",2020,27,"Saturday","(41.878723, -87.63374)","orange"
"131263",40040,"Quincy/Wells","06/28/2020","U",193,2020-06-28,6,"Jun",2020,28,"Sunday","(41.878723, -87.63374)","orange"
"131264",40040,"Quincy/Wells","06/29/2020","W",678,2020-06-29,6,"Jun",2020,29,"Monday","(41.878723, -87.63374)","orange"
"131265",40040,"Quincy/Wells","06/30/2020","W",695,2020-06-30,6,"Jun",2020,30,"Tuesday","(41.878723, -87.63374)","orange"
"135436",40040,"Quincy/Wells","07/29/2020","W",773,2020-07-29,7,"Jul",2020,29,"Wednesday","(41.878723, -87.63374)","orange"
"135437",40040,"Quincy/Wells","07/30/2020","W",786,2020-07-30,7,"Jul",2020,30,"Thursday","(41.878723, -87.63374)","orange"
"135438",40040,"Quincy/Wells","07/31/2020","W",769,2020-07-31,7,"Jul",2020,31,"Friday","(41.878723, -87.63374)","orange"
"139841",40040,"Quincy/Wells","08/01/2020","A",309,2020-08-01,8,"Aug",2020,1,"Saturday","(41.878723, -87.63374)","orange"
"139842",40040,"Quincy/Wells","08/02/2020","U",252,2020-08-02,8,"Aug",2020,2,"Sunday","(41.878723, -87.63374)","orange"
"139843",40040,"Quincy/Wells","08/03/2020","W",793,2020-08-03,8,"Aug",2020,3,"Monday","(41.878723, -87.63374)","orange"
"139844",40040,"Quincy/Wells","08/04/2020","W",803,2020-08-04,8,"Aug",2020,4,"Tuesday","(41.878723, -87.63374)","orange"
"139845",40040,"Quincy/Wells","08/05/2020","W",815,2020-08-05,8,"Aug",2020,5,"Wednesday","(41.878723, -87.63374)","orange"
"139846",40040,"Quincy/Wells","08/06/2020","W",731,2020-08-06,8,"Aug",2020,6,"Thursday","(41.878723, -87.63374)","orange"
"139847",40040,"Quincy/Wells","08/07/2020","W",769,2020-08-07,8,"Aug",2020,7,"Friday","(41.878723, -87.63374)","orange"
"139848",40040,"Quincy/Wells","08/08/2020","A",350,2020-08-08,8,"Aug",2020,8,"Saturday","(41.878723, -87.63374)","orange"
"139849",40040,"Quincy/Wells","08/09/2020","U",261,2020-08-09,8,"Aug",2020,9,"Sunday","(41.878723, -87.63374)","orange"
"139850",40040,"Quincy/Wells","08/10/2020","W",277,2020-08-10,8,"Aug",2020,10,"Monday","(41.878723, -87.63374)","orange"
"139851",40040,"Quincy/Wells","08/11/2020","W",628,2020-08-11,8,"Aug",2020,11,"Tuesday","(41.878723, -87.63374)","orange"
"139852",40040,"Quincy/Wells","08/12/2020","W",707,2020-08-12,8,"Aug",2020,12,"Wednesday","(41.878723, -87.63374)","orange"
"139853",40040,"Quincy/Wells","08/13/2020","W",709,2020-08-13,8,"Aug",2020,13,"Thursday","(41.878723, -87.63374)","orange"
"139854",40040,"Quincy/Wells","08/14/2020","W",650,2020-08-14,8,"Aug",2020,14,"Friday","(41.878723, -87.63374)","orange"
"139855",40040,"Quincy/Wells","08/15/2020","A",225,2020-08-15,8,"Aug",2020,15,"Saturday","(41.878723, -87.63374)","orange"
"139856",40040,"Quincy/Wells","08/16/2020","U",226,2020-08-16,8,"Aug",2020,16,"Sunday","(41.878723, -87.63374)","orange"
"139857",40040,"Quincy/Wells","08/17/2020","W",742,2020-08-17,8,"Aug",2020,17,"Monday","(41.878723, -87.63374)","orange"
"139858",40040,"Quincy/Wells","08/18/2020","W",752,2020-08-18,8,"Aug",2020,18,"Tuesday","(41.878723, -87.63374)","orange"
"139859",40040,"Quincy/Wells","08/19/2020","W",756,2020-08-19,8,"Aug",2020,19,"Wednesday","(41.878723, -87.63374)","orange"
"139860",40040,"Quincy/Wells","08/20/2020","W",813,2020-08-20,8,"Aug",2020,20,"Thursday","(41.878723, -87.63374)","orange"
"139861",40040,"Quincy/Wells","08/21/2020","W",797,2020-08-21,8,"Aug",2020,21,"Friday","(41.878723, -87.63374)","orange"
"139862",40040,"Quincy/Wells","08/22/2020","A",284,2020-08-22,8,"Aug",2020,22,"Saturday","(41.878723, -87.63374)","orange"
"139863",40040,"Quincy/Wells","08/23/2020","U",295,2020-08-23,8,"Aug",2020,23,"Sunday","(41.878723, -87.63374)","orange"
"139864",40040,"Quincy/Wells","08/24/2020","W",840,2020-08-24,8,"Aug",2020,24,"Monday","(41.878723, -87.63374)","orange"
"139865",40040,"Quincy/Wells","08/25/2020","W",786,2020-08-25,8,"Aug",2020,25,"Tuesday","(41.878723, -87.63374)","orange"
"139866",40040,"Quincy/Wells","08/26/2020","W",791,2020-08-26,8,"Aug",2020,26,"Wednesday","(41.878723, -87.63374)","orange"
"139867",40040,"Quincy/Wells","08/27/2020","W",790,2020-08-27,8,"Aug",2020,27,"Thursday","(41.878723, -87.63374)","orange"
"139868",40040,"Quincy/Wells","08/28/2020","W",740,2020-08-28,8,"Aug",2020,28,"Friday","(41.878723, -87.63374)","orange"
"139869",40040,"Quincy/Wells","08/29/2020","A",304,2020-08-29,8,"Aug",2020,29,"Saturday","(41.878723, -87.63374)","orange"
"139870",40040,"Quincy/Wells","08/30/2020","U",280,2020-08-30,8,"Aug",2020,30,"Sunday","(41.878723, -87.63374)","orange"
"139871",40040,"Quincy/Wells","08/31/2020","W",804,2020-08-31,8,"Aug",2020,31,"Monday","(41.878723, -87.63374)","orange"
"144271",40040,"Quincy/Wells","09/01/2020","W",790,2020-09-01,9,"Sep",2020,1,"Tuesday","(41.878723, -87.63374)","orange"
"144272",40040,"Quincy/Wells","09/02/2020","W",819,2020-09-02,9,"Sep",2020,2,"Wednesday","(41.878723, -87.63374)","orange"
"144273",40040,"Quincy/Wells","09/03/2020","W",829,2020-09-03,9,"Sep",2020,3,"Thursday","(41.878723, -87.63374)","orange"
"144274",40040,"Quincy/Wells","09/04/2020","W",793,2020-09-04,9,"Sep",2020,4,"Friday","(41.878723, -87.63374)","orange"
"144275",40040,"Quincy/Wells","09/05/2020","A",382,2020-09-05,9,"Sep",2020,5,"Saturday","(41.878723, -87.63374)","orange"
"144276",40040,"Quincy/Wells","09/06/2020","U",322,2020-09-06,9,"Sep",2020,6,"Sunday","(41.878723, -87.63374)","orange"
"144277",40040,"Quincy/Wells","09/07/2020","U",333,2020-09-07,9,"Sep",2020,7,"Monday","(41.878723, -87.63374)","orange"
"144278",40040,"Quincy/Wells","09/08/2020","W",817,2020-09-08,9,"Sep",2020,8,"Tuesday","(41.878723, -87.63374)","orange"
"144279",40040,"Quincy/Wells","09/09/2020","W",862,2020-09-09,9,"Sep",2020,9,"Wednesday","(41.878723, -87.63374)","orange"
"144280",40040,"Quincy/Wells","09/10/2020","W",871,2020-09-10,9,"Sep",2020,10,"Thursday","(41.878723, -87.63374)","orange"
"144281",40040,"Quincy/Wells","09/11/2020","W",809,2020-09-11,9,"Sep",2020,11,"Friday","(41.878723, -87.63374)","orange"
"144282",40040,"Quincy/Wells","09/12/2020","A",325,2020-09-12,9,"Sep",2020,12,"Saturday","(41.878723, -87.63374)","orange"
"144283",40040,"Quincy/Wells","09/13/2020","U",297,2020-09-13,9,"Sep",2020,13,"Sunday","(41.878723, -87.63374)","orange"
"144284",40040,"Quincy/Wells","09/14/2020","W",796,2020-09-14,9,"Sep",2020,14,"Monday","(41.878723, -87.63374)","orange"
"144285",40040,"Quincy/Wells","09/15/2020","W",839,2020-09-15,9,"Sep",2020,15,"Tuesday","(41.878723, -87.63374)","orange"
"144286",40040,"Quincy/Wells","09/16/2020","W",929,2020-09-16,9,"Sep",2020,16,"Wednesday","(41.878723, -87.63374)","orange"
"144287",40040,"Quincy/Wells","09/17/2020","W",866,2020-09-17,9,"Sep",2020,17,"Thursday","(41.878723, -87.63374)","orange"
"144288",40040,"Quincy/Wells","09/18/2020","W",849,2020-09-18,9,"Sep",2020,18,"Friday","(41.878723, -87.63374)","orange"
"144289",40040,"Quincy/Wells","09/19/2020","A",398,2020-09-19,9,"Sep",2020,19,"Saturday","(41.878723, -87.63374)","orange"
"144290",40040,"Quincy/Wells","09/20/2020","U",375,2020-09-20,9,"Sep",2020,20,"Sunday","(41.878723, -87.63374)","orange"
"144291",40040,"Quincy/Wells","09/21/2020","W",824,2020-09-21,9,"Sep",2020,21,"Monday","(41.878723, -87.63374)","orange"
"144292",40040,"Quincy/Wells","09/22/2020","W",853,2020-09-22,9,"Sep",2020,22,"Tuesday","(41.878723, -87.63374)","orange"
"144293",40040,"Quincy/Wells","09/23/2020","W",883,2020-09-23,9,"Sep",2020,23,"Wednesday","(41.878723, -87.63374)","orange"
"144294",40040,"Quincy/Wells","09/24/2020","W",837,2020-09-24,9,"Sep",2020,24,"Thursday","(41.878723, -87.63374)","orange"
"144295",40040,"Quincy/Wells","09/25/2020","W",874,2020-09-25,9,"Sep",2020,25,"Friday","(41.878723, -87.63374)","orange"
"144296",40040,"Quincy/Wells","09/26/2020","A",405,2020-09-26,9,"Sep",2020,26,"Saturday","(41.878723, -87.63374)","orange"
"144297",40040,"Quincy/Wells","09/27/2020","U",343,2020-09-27,9,"Sep",2020,27,"Sunday","(41.878723, -87.63374)","orange"
"144298",40040,"Quincy/Wells","09/28/2020","W",800,2020-09-28,9,"Sep",2020,28,"Monday","(41.878723, -87.63374)","orange"
"144299",40040,"Quincy/Wells","09/29/2020","W",934,2020-09-29,9,"Sep",2020,29,"Tuesday","(41.878723, -87.63374)","orange"
"144300",40040,"Quincy/Wells","09/30/2020","W",915,2020-09-30,9,"Sep",2020,30,"Wednesday","(41.878723, -87.63374)","orange"
"148901",40040,"Quincy/Wells","04/03/2006","W",6868,2006-04-03,4,"Apr",2006,3,"Monday","(41.878723, -87.63374)","orange"
"149127",40040,"Quincy/Wells","02/25/2009","W",7284,2009-02-25,2,"Feb",2009,25,"Wednesday","(41.878723, -87.63374)","orange"
"149175",40040,"Quincy/Wells","10/14/2005","W",6739,2005-10-14,10,"Oct",2005,14,"Friday","(41.878723, -87.63374)","orange"
"149225",40040,"Quincy/Wells","05/17/2017","W",8593,2017-05-17,5,"May",2017,17,"Wednesday","(41.878723, -87.63374)","orange"
"149265",40040,"Quincy/Wells","06/12/2013","W",8879,2013-06-12,6,"Jun",2013,12,"Wednesday","(41.878723, -87.63374)","orange"
"149392",40040,"Quincy/Wells","09/24/2015","W",8193,2015-09-24,9,"Sep",2015,24,"Thursday","(41.878723, -87.63374)","orange"
"149606",40040,"Quincy/Wells","10/19/2008","U",2039,2008-10-19,10,"Oct",2008,19,"Sunday","(41.878723, -87.63374)","orange"
"149673",40040,"Quincy/Wells","05/16/2005","W",6658,2005-05-16,5,"May",2005,16,"Monday","(41.878723, -87.63374)","orange"
"149885",40040,"Quincy/Wells","01/12/2003","U",562,2003-01-12,1,"Jan",2003,12,"Sunday","(41.878723, -87.63374)","orange"
"149911",40040,"Quincy/Wells","01/09/2008","W",7202,2008-01-09,1,"Jan",2008,9,"Wednesday","(41.878723, -87.63374)","orange"
"150401",40040,"Quincy/Wells","04/19/2012","W",8060,2012-04-19,4,"Apr",2012,19,"Thursday","(41.878723, -87.63374)","orange"
"150600",40040,"Quincy/Wells","03/05/2004","W",6311,2004-03-05,3,"Mar",2004,5,"Friday","(41.878723, -87.63374)","orange"
"150948",40040,"Quincy/Wells","09/28/2002","A",1278,2002-09-28,9,"Sep",2002,28,"Saturday","(41.878723, -87.63374)","orange"
"150971",40040,"Quincy/Wells","10/02/2007","W",7079,2007-10-02,10,"Oct",2007,2,"Tuesday","(41.878723, -87.63374)","orange"
"151200",40040,"Quincy/Wells","06/16/2013","U",1661,2013-06-16,6,"Jun",2013,16,"Sunday","(41.878723, -87.63374)","orange"
"151244",40040,"Quincy/Wells","10/08/2017","U",2843,2017-10-08,10,"Oct",2017,8,"Sunday","(41.878723, -87.63374)","orange"
"151263",40040,"Quincy/Wells","01/02/2017","U",1260,2017-01-02,1,"Jan",2017,2,"Monday","(41.878723, -87.63374)","orange"
"151444",40040,"Quincy/Wells","01/17/2012","W",8188,2012-01-17,1,"Jan",2012,17,"Tuesday","(41.878723, -87.63374)","orange"
"151464",40040,"Quincy/Wells","10/17/2011","W",8690,2011-10-17,10,"Oct",2011,17,"Monday","(41.878723, -87.63374)","orange"
"151587",40040,"Quincy/Wells","12/26/2005","U",985,2005-12-26,12,"Dec",2005,26,"Monday","(41.878723, -87.63374)","orange"
"151764",40040,"Quincy/Wells","08/12/2003","W",6990,2003-08-12,8,"Aug",2003,12,"Tuesday","(41.878723, -87.63374)","orange"
"151932",40040,"Quincy/Wells","04/18/2016","W",7999,2016-04-18,4,"Apr",2016,18,"Monday","(41.878723, -87.63374)","orange"
"152174",40040,"Quincy/Wells","01/20/2017","W",7460,2017-01-20,1,"Jan",2017,20,"Friday","(41.878723, -87.63374)","orange"
"152231",40040,"Quincy/Wells","11/12/2015","W",8274,2015-11-12,11,"Nov",2015,12,"Thursday","(41.878723, -87.63374)","orange"
"152439",40040,"Quincy/Wells","11/28/2001","W",7807,2001-11-28,11,"Nov",2001,28,"Wednesday","(41.878723, -87.63374)","orange"
"152500",40040,"Quincy/Wells","11/12/2004","W",6245,2004-11-12,11,"Nov",2004,12,"Friday","(41.878723, -87.63374)","orange"
"152577",40040,"Quincy/Wells","10/03/2004","U",933,2004-10-03,10,"Oct",2004,3,"Sunday","(41.878723, -87.63374)","orange"
"152586",40040,"Quincy/Wells","08/27/2015","W",7989,2015-08-27,8,"Aug",2015,27,"Thursday","(41.878723, -87.63374)","orange"
"152703",40040,"Quincy/Wells","10/18/2011","W",8765,2011-10-18,10,"Oct",2011,18,"Tuesday","(41.878723, -87.63374)","orange"
"152784",40040,"Quincy/Wells","07/08/2014","W",8812,2014-07-08,7,"Jul",2014,8,"Tuesday","(41.878723, -87.63374)","orange"
"153320",40040,"Quincy/Wells","09/27/2005","W",7179,2005-09-27,9,"Sep",2005,27,"Tuesday","(41.878723, -87.63374)","orange"
"153390",40040,"Quincy/Wells","03/09/2010","W",7093,2010-03-09,3,"Mar",2010,9,"Tuesday","(41.878723, -87.63374)","orange"
"153437",40040,"Quincy/Wells","08/15/2016","W",8819,2016-08-15,8,"Aug",2016,15,"Monday","(41.878723, -87.63374)","orange"
"153825",40040,"Quincy/Wells","05/24/2007","W",6574,2007-05-24,5,"May",2007,24,"Thursday","(41.878723, -87.63374)","orange"
"153879",40040,"Quincy/Wells","09/04/2015","W",6537,2015-09-04,9,"Sep",2015,4,"Friday","(41.878723, -87.63374)","orange"
"153881",40040,"Quincy/Wells","03/12/2008","W",7031,2008-03-12,3,"Mar",2008,12,"Wednesday","(41.878723, -87.63374)","orange"
"154751",40040,"Quincy/Wells","08/06/2011","A",2697,2011-08-06,8,"Aug",2011,6,"Saturday","(41.878723, -87.63374)","orange"
"154866",40040,"Quincy/Wells","01/11/2017","W",8624,2017-01-11,1,"Jan",2017,11,"Wednesday","(41.878723, -87.63374)","orange"
"154878",40040,"Quincy/Wells","09/06/2004","U",957,2004-09-06,9,"Sep",2004,6,"Monday","(41.878723, -87.63374)","orange"
"155062",40040,"Quincy/Wells","05/04/2012","W",7388,2012-05-04,5,"May",2012,4,"Friday","(41.878723, -87.63374)","orange"
"155209",40040,"Quincy/Wells","11/06/2011","U",1797,2011-11-06,11,"Nov",2011,6,"Sunday","(41.878723, -87.63374)","orange"
"155225",40040,"Quincy/Wells","10/23/2015","W",7778,2015-10-23,10,"Oct",2015,23,"Friday","(41.878723, -87.63374)","orange"
"155364",40040,"Quincy/Wells","07/24/2003","W",6984,2003-07-24,7,"Jul",2003,24,"Thursday","(41.878723, -87.63374)","orange"
"155481",40040,"Quincy/Wells","07/01/2011","W",6773,2011-07-01,7,"Jul",2011,1,"Friday","(41.878723, -87.63374)","orange"
"155504",40040,"Quincy/Wells","01/05/2014","U",911,2014-01-05,1,"Jan",2014,5,"Sunday","(41.878723, -87.63374)","orange"
"155621",40040,"Quincy/Wells","10/05/2012","W",8361,2012-10-05,10,"Oct",2012,5,"Friday","(41.878723, -87.63374)","orange"
"155762",40040,"Quincy/Wells","08/31/2007","W",6365,2007-08-31,8,"Aug",2007,31,"Friday","(41.878723, -87.63374)","orange"
"156200",40040,"Quincy/Wells","02/05/2014","W",8748,2014-02-05,2,"Feb",2014,5,"Wednesday","(41.878723, -87.63374)","orange"
"156353",40040,"Quincy/Wells","01/30/2005","U",647,2005-01-30,1,"Jan",2005,30,"Sunday","(41.878723, -87.63374)","orange"
"156454",40040,"Quincy/Wells","10/16/2010","A",1977,2010-10-16,10,"Oct",2010,16,"Saturday","(41.878723, -87.63374)","orange"
"156515",40040,"Quincy/Wells","10/03/2010","U",1530,2010-10-03,10,"Oct",2010,3,"Sunday","(41.878723, -87.63374)","orange"
"156820",40040,"Quincy/Wells","06/13/2010","U",1437,2010-06-13,6,"Jun",2010,13,"Sunday","(41.878723, -87.63374)","orange"
"157120",40040,"Quincy/Wells","12/09/2003","W",6734,2003-12-09,12,"Dec",2003,9,"Tuesday","(41.878723, -87.63374)","orange"
"157363",40040,"Quincy/Wells","12/12/2008","W",6445,2008-12-12,12,"Dec",2008,12,"Friday","(41.878723, -87.63374)","orange"
"157413",40040,"Quincy/Wells","02/01/2004","U",561,2004-02-01,2,"Feb",2004,1,"Sunday","(41.878723, -87.63374)","orange"
"157440",40040,"Quincy/Wells","08/26/2016","W",7444,2016-08-26,8,"Aug",2016,26,"Friday","(41.878723, -87.63374)","orange"
"157504",40040,"Quincy/Wells","09/11/2012","W",8910,2012-09-11,9,"Sep",2012,11,"Tuesday","(41.878723, -87.63374)","orange"
"157566",40040,"Quincy/Wells","10/22/2016","A",1765,2016-10-22,10,"Oct",2016,22,"Saturday","(41.878723, -87.63374)","orange"
"157647",40040,"Quincy/Wells","12/12/2013","W",7929,2013-12-12,12,"Dec",2013,12,"Thursday","(41.878723, -87.63374)","orange"
"157669",40040,"Quincy/Wells","06/22/2014","U",1899,2014-06-22,6,"Jun",2014,22,"Sunday","(41.878723, -87.63374)","orange"
"158013",40040,"Quincy/Wells","05/21/2002","W",7913,2002-05-21,5,"May",2002,21,"Tuesday","(41.878723, -87.63374)","orange"
"158023",40040,"Quincy/Wells","09/05/2003","W",6547,2003-09-05,9,"Sep",2003,5,"Friday","(41.878723, -87.63374)","orange"
"158087",40040,"Quincy/Wells","03/15/2010","W",7223,2010-03-15,3,"Mar",2010,15,"Monday","(41.878723, -87.63374)","orange"
"158121",40040,"Quincy/Wells","10/01/2013","W",8322,2013-10-01,10,"Oct",2013,1,"Tuesday","(41.878723, -87.63374)","orange"
"158158",40040,"Quincy/Wells","11/17/2005","W",6886,2005-11-17,11,"Nov",2005,17,"Thursday","(41.878723, -87.63374)","orange"
"158223",40040,"Quincy/Wells","02/08/2002","W",7186,2002-02-08,2,"Feb",2002,8,"Friday","(41.878723, -87.63374)","orange"
"158527",40040,"Quincy/Wells","11/05/2010","W",7878,2010-11-05,11,"Nov",2010,5,"Friday","(41.878723, -87.63374)","orange"
"158685",40040,"Quincy/Wells","12/18/2016","U",917,2016-12-18,12,"Dec",2016,18,"Sunday","(41.878723, -87.63374)","orange"
"158880",40040,"Quincy/Wells","01/30/2014","W",8632,2014-01-30,1,"Jan",2014,30,"Thursday","(41.878723, -87.63374)","orange"
"158897",40040,"Quincy/Wells","04/06/2014","U",1646,2014-04-06,4,"Apr",2014,6,"Sunday","(41.878723, -87.63374)","orange"
"159181",40040,"Quincy/Wells","05/16/2017","W",8509,2017-05-16,5,"May",2017,16,"Tuesday","(41.878723, -87.63374)","orange"
"159204",40040,"Quincy/Wells","03/03/2011","W",7566,2011-03-03,3,"Mar",2011,3,"Thursday","(41.878723, -87.63374)","orange"
"159400",40040,"Quincy/Wells","01/02/2011","U",1176,2011-01-02,1,"Jan",2011,2,"Sunday","(41.878723, -87.63374)","orange"
"159622",40040,"Quincy/Wells","07/06/2009","W",8008,2009-07-06,7,"Jul",2009,6,"Monday","(41.878723, -87.63374)","orange"
"159742",40040,"Quincy/Wells","01/22/2001","W",8258,2001-01-22,1,"Jan",2001,22,"Monday","(41.878723, -87.63374)","orange"
"159971",40040,"Quincy/Wells","08/10/2005","W",6868,2005-08-10,8,"Aug",2005,10,"Wednesday","(41.878723, -87.63374)","orange"
"160338",40040,"Quincy/Wells","08/09/2010","W",7847,2010-08-09,8,"Aug",2010,9,"Monday","(41.878723, -87.63374)","orange"
"160451",40040,"Quincy/Wells","08/09/2011","W",8944,2011-08-09,8,"Aug",2011,9,"Tuesday","(41.878723, -87.63374)","orange"
"160637",40040,"Quincy/Wells","04/29/2015","W",7954,2015-04-29,4,"Apr",2015,29,"Wednesday","(41.878723, -87.63374)","orange"
"160727",40040,"Quincy/Wells","10/13/2002","U",1364,2002-10-13,10,"Oct",2002,13,"Sunday","(41.878723, -87.63374)","orange"
"160742",40040,"Quincy/Wells","08/15/2017","W",7624,2017-08-15,8,"Aug",2017,15,"Tuesday","(41.878723, -87.63374)","orange"
"160928",40040,"Quincy/Wells","04/22/2013","W",8251,2013-04-22,4,"Apr",2013,22,"Monday","(41.878723, -87.63374)","orange"
"160938",40040,"Quincy/Wells","06/18/2006","U",966,2006-06-18,6,"Jun",2006,18,"Sunday","(41.878723, -87.63374)","orange"
"161003",40040,"Quincy/Wells","03/08/2002","W",7053,2002-03-08,3,"Mar",2002,8,"Friday","(41.878723, -87.63374)","orange"
"161114",40040,"Quincy/Wells","01/09/2002","W",7842,2002-01-09,1,"Jan",2002,9,"Wednesday","(41.878723, -87.63374)","orange"
"161168",40040,"Quincy/Wells","02/09/2008","A",1325,2008-02-09,2,"Feb",2008,9,"Saturday","(41.878723, -87.63374)","orange"
"161218",40040,"Quincy/Wells","09/16/2008","W",7767,2008-09-16,9,"Sep",2008,16,"Tuesday","(41.878723, -87.63374)","orange"
"161226",40040,"Quincy/Wells","02/16/2008","A",1543,2008-02-16,2,"Feb",2008,16,"Saturday","(41.878723, -87.63374)","orange"
"161777",40040,"Quincy/Wells","07/08/2013","W",8757,2013-07-08,7,"Jul",2013,8,"Monday","(41.878723, -87.63374)","orange"
"162031",40040,"Quincy/Wells","03/08/2003","A",931,2003-03-08,3,"Mar",2003,8,"Saturday","(41.878723, -87.63374)","orange"
"162040",40040,"Quincy/Wells","11/22/2016","W",7820,2016-11-22,11,"Nov",2016,22,"Tuesday","(41.878723, -87.63374)","orange"
"162062",40040,"Quincy/Wells","10/30/2003","W",7126,2003-10-30,10,"Oct",2003,30,"Thursday","(41.878723, -87.63374)","orange"
"162395",40040,"Quincy/Wells","07/23/2010","W",7268,2010-07-23,7,"Jul",2010,23,"Friday","(41.878723, -87.63374)","orange"
"162581",40040,"Quincy/Wells","01/27/2003","W",7250,2003-01-27,1,"Jan",2003,27,"Monday","(41.878723, -87.63374)","orange"
"162895",40040,"Quincy/Wells","09/02/2010","W",7229,2010-09-02,9,"Sep",2010,2,"Thursday","(41.878723, -87.63374)","orange"
"163358",40040,"Quincy/Wells","04/23/2011","A",1843,2011-04-23,4,"Apr",2011,23,"Saturday","(41.878723, -87.63374)","orange"
"163411",40040,"Quincy/Wells","07/19/2002","W",6967,2002-07-19,7,"Jul",2002,19,"Friday","(41.878723, -87.63374)","orange"
"163695",40040,"Quincy/Wells","11/21/2011","W",8500,2011-11-21,11,"Nov",2011,21,"Monday","(41.878723, -87.63374)","orange"
"163711",40040,"Quincy/Wells","09/16/2012","U",1751,2012-09-16,9,"Sep",2012,16,"Sunday","(41.878723, -87.63374)","orange"
"163852",40040,"Quincy/Wells","05/02/2015","A",1391,2015-05-02,5,"May",2015,2,"Saturday","(41.878723, -87.63374)","orange"
"164140",40040,"Quincy/Wells","10/03/2012","W",8689,2012-10-03,10,"Oct",2012,3,"Wednesday","(41.878723, -87.63374)","orange"
"164166",40040,"Quincy/Wells","11/14/2009","A",1408,2009-11-14,11,"Nov",2009,14,"Saturday","(41.878723, -87.63374)","orange"
"164334",40040,"Quincy/Wells","05/17/2016","W",8383,2016-05-17,5,"May",2016,17,"Tuesday","(41.878723, -87.63374)","orange"
"164448",40040,"Quincy/Wells","02/21/2017","W",7912,2017-02-21,2,"Feb",2017,21,"Tuesday","(41.878723, -87.63374)","orange"
"164494",40040,"Quincy/Wells","03/10/2016","W",8160,2016-03-10,3,"Mar",2016,10,"Thursday","(41.878723, -87.63374)","orange"
"164598",40040,"Quincy/Wells","07/06/2004","W",6885,2004-07-06,7,"Jul",2004,6,"Tuesday","(41.878723, -87.63374)","orange"
"164850",40040,"Quincy/Wells","08/25/2001","A",1065,2001-08-25,8,"Aug",2001,25,"Saturday","(41.878723, -87.63374)","orange"
"165514",40040,"Quincy/Wells","12/16/2002","W",6975,2002-12-16,12,"Dec",2002,16,"Monday","(41.878723, -87.63374)","orange"
"165578",40040,"Quincy/Wells","06/25/2002","W",8005,2002-06-25,6,"Jun",2002,25,"Tuesday","(41.878723, -87.63374)","orange"
"165596",40040,"Quincy/Wells","02/22/2016","W",8150,2016-02-22,2,"Feb",2016,22,"Monday","(41.878723, -87.63374)","orange"
"165682",40040,"Quincy/Wells","05/27/2013","U",1726,2013-05-27,5,"May",2013,27,"Monday","(41.878723, -87.63374)","orange"
"165832",40040,"Quincy/Wells","08/05/2011","W",8376,2011-08-05,8,"Aug",2011,5,"Friday","(41.878723, -87.63374)","orange"
"165861",40040,"Quincy/Wells","11/13/2015","W",7872,2015-11-13,11,"Nov",2015,13,"Friday","(41.878723, -87.63374)","orange"
"165910",40040,"Quincy/Wells","01/14/2002","W",7983,2002-01-14,1,"Jan",2002,14,"Monday","(41.878723, -87.63374)","orange"
"166035",40040,"Quincy/Wells","12/08/2004","W",6300,2004-12-08,12,"Dec",2004,8,"Wednesday","(41.878723, -87.63374)","orange"
"166089",40040,"Quincy/Wells","10/12/2014","U",3208,2014-10-12,10,"Oct",2014,12,"Sunday","(41.878723, -87.63374)","orange"
"166508",40040,"Quincy/Wells","08/11/2012","A",0,2012-08-11,8,"Aug",2012,11,"Saturday","(41.878723, -87.63374)","orange"
"166516",40040,"Quincy/Wells","11/13/2009","W",6949,2009-11-13,11,"Nov",2009,13,"Friday","(41.878723, -87.63374)","orange"
"166842",40040,"Quincy/Wells","08/27/2007","W",6890,2007-08-27,8,"Aug",2007,27,"Monday","(41.878723, -87.63374)","orange"
"167158",40040,"Quincy/Wells","05/11/2011","W",8050,2011-05-11,5,"May",2011,11,"Wednesday","(41.878723, -87.63374)","orange"
"167173",40040,"Quincy/Wells","02/23/2011","W",7570,2011-02-23,2,"Feb",2011,23,"Wednesday","(41.878723, -87.63374)","orange"
"167357",40040,"Quincy/Wells","04/05/2008","A",1857,2008-04-05,4,"Apr",2008,5,"Saturday","(41.878723, -87.63374)","orange"
"167372",40040,"Quincy/Wells","06/23/2001","A",1221,2001-06-23,6,"Jun",2001,23,"Saturday","(41.878723, -87.63374)","orange"
"167480",40040,"Quincy/Wells","11/24/2013","U",1465,2013-11-24,11,"Nov",2013,24,"Sunday","(41.878723, -87.63374)","orange"
"167538",40040,"Quincy/Wells","04/01/2013","W",8251,2013-04-01,4,"Apr",2013,1,"Monday","(41.878723, -87.63374)","orange"
"167684",40040,"Quincy/Wells","03/21/2013","W",7859,2013-03-21,3,"Mar",2013,21,"Thursday","(41.878723, -87.63374)","orange"
"167709",40040,"Quincy/Wells","06/05/2008","W",7517,2008-06-05,6,"Jun",2008,5,"Thursday","(41.878723, -87.63374)","orange"
"167737",40040,"Quincy/Wells","12/07/2011","W",8118,2011-12-07,12,"Dec",2011,7,"Wednesday","(41.878723, -87.63374)","orange"
"167755",40040,"Quincy/Wells","04/20/2016","W",7997,2016-04-20,4,"Apr",2016,20,"Wednesday","(41.878723, -87.63374)","orange"
"167894",40040,"Quincy/Wells","06/27/2005","W",7006,2005-06-27,6,"Jun",2005,27,"Monday","(41.878723, -87.63374)","orange"
"168036",40040,"Quincy/Wells","06/21/2014","A",2003,2014-06-21,6,"Jun",2014,21,"Saturday","(41.878723, -87.63374)","orange"
"168423",40040,"Quincy/Wells","06/16/2005","W",6883,2005-06-16,6,"Jun",2005,16,"Thursday","(41.878723, -87.63374)","orange"
"168561",40040,"Quincy/Wells","10/23/2005","U",1100,2005-10-23,10,"Oct",2005,23,"Sunday","(41.878723, -87.63374)","orange"
"168684",40040,"Quincy/Wells","02/22/2013","W",7776,2013-02-22,2,"Feb",2013,22,"Friday","(41.878723, -87.63374)","orange"
"168894",40040,"Quincy/Wells","04/27/2011","W",7975,2011-04-27,4,"Apr",2011,27,"Wednesday","(41.878723, -87.63374)","orange"
"169148",40040,"Quincy/Wells","06/06/2006","W",7310,2006-06-06,6,"Jun",2006,6,"Tuesday","(41.878723, -87.63374)","orange"
"169207",40040,"Quincy/Wells","07/07/2001","A",1163,2001-07-07,7,"Jul",2001,7,"Saturday","(41.878723, -87.63374)","orange"
"169256",40040,"Quincy/Wells","11/26/2013","W",8224,2013-11-26,11,"Nov",2013,26,"Tuesday","(41.878723, -87.63374)","orange"
"169353",40040,"Quincy/Wells","03/04/2007","U",1044,2007-03-04,3,"Mar",2007,4,"Sunday","(41.878723, -87.63374)","orange"
"169497",40040,"Quincy/Wells","05/16/2015","A",1299,2015-05-16,5,"May",2015,16,"Saturday","(41.878723, -87.63374)","orange"
"169523",40040,"Quincy/Wells","11/12/2013","W",8963,2013-11-12,11,"Nov",2013,12,"Tuesday","(41.878723, -87.63374)","orange"
"169548",40040,"Quincy/Wells","04/08/2017","A",1552,2017-04-08,4,"Apr",2017,8,"Saturday","(41.878723, -87.63374)","orange"
"169783",40040,"Quincy/Wells","10/31/2002","W",7454,2002-10-31,10,"Oct",2002,31,"Thursday","(41.878723, -87.63374)","orange"
"169802",40040,"Quincy/Wells","02/15/2006","W",6739,2006-02-15,2,"Feb",2006,15,"Wednesday","(41.878723, -87.63374)","orange"
"169918",40040,"Quincy/Wells","03/08/2016","W",8161,2016-03-08,3,"Mar",2016,8,"Tuesday","(41.878723, -87.63374)","orange"
"170235",40040,"Quincy/Wells","09/19/2016","W",8773,2016-09-19,9,"Sep",2016,19,"Monday","(41.878723, -87.63374)","orange"
"170237",40040,"Quincy/Wells","12/17/2004","W",5270,2004-12-17,12,"Dec",2004,17,"Friday","(41.878723, -87.63374)","orange"
"170278",40040,"Quincy/Wells","06/30/2013","U",0,2013-06-30,6,"Jun",2013,30,"Sunday","(41.878723, -87.63374)","orange"
"170371",40040,"Quincy/Wells","06/16/2017","W",7605,2017-06-16,6,"Jun",2017,16,"Friday","(41.878723, -87.63374)","orange"
"170469",40040,"Quincy/Wells","02/15/2001","W",8130,2001-02-15,2,"Feb",2001,15,"Thursday","(41.878723, -87.63374)","orange"
"170501",40040,"Quincy/Wells","03/18/2016","W",7596,2016-03-18,3,"Mar",2016,18,"Friday","(41.878723, -87.63374)","orange"
"170804",40040,"Quincy/Wells","05/26/2009","W",7776,2009-05-26,5,"May",2009,26,"Tuesday","(41.878723, -87.63374)","orange"
"170818",40040,"Quincy/Wells","04/10/2016","U",1207,2016-04-10,4,"Apr",2016,10,"Sunday","(41.878723, -87.63374)","orange"
"170839",40040,"Quincy/Wells","09/30/2016","W",7484,2016-09-30,9,"Sep",2016,30,"Friday","(41.878723, -87.63374)","orange"
"171043",40040,"Quincy/Wells","03/23/2016","W",8374,2016-03-23,3,"Mar",2016,23,"Wednesday","(41.878723, -87.63374)","orange"
"171150",40040,"Quincy/Wells","09/23/2003","W",6940,2003-09-23,9,"Sep",2003,23,"Tuesday","(41.878723, -87.63374)","orange"
"171165",40040,"Quincy/Wells","02/18/2017","A",1511,2017-02-18,2,"Feb",2017,18,"Saturday","(41.878723, -87.63374)","orange"
"171288",40040,"Quincy/Wells","05/22/2004","A",1088,2004-05-22,5,"May",2004,22,"Saturday","(41.878723, -87.63374)","orange"
"171495",40040,"Quincy/Wells","05/31/2006","W",7254,2006-05-31,5,"May",2006,31,"Wednesday","(41.878723, -87.63374)","orange"
"171858",40040,"Quincy/Wells","08/01/2007","W",7236,2007-08-01,8,"Aug",2007,1,"Wednesday","(41.878723, -87.63374)","orange"
"171931",40040,"Quincy/Wells","09/17/2012","W",8516,2012-09-17,9,"Sep",2012,17,"Monday","(41.878723, -87.63374)","orange"
"171969",40040,"Quincy/Wells","06/03/2005","W",6180,2005-06-03,6,"Jun",2005,3,"Friday","(41.878723, -87.63374)","orange"
"171979",40040,"Quincy/Wells","06/20/2001","W",8391,2001-06-20,6,"Jun",2001,20,"Wednesday","(41.878723, -87.63374)","orange"
"172041",40040,"Quincy/Wells","07/11/2017","W",8996,2017-07-11,7,"Jul",2017,11,"Tuesday","(41.878723, -87.63374)","orange"
"172286",40040,"Quincy/Wells","08/16/2001","W",7814,2001-08-16,8,"Aug",2001,16,"Thursday","(41.878723, -87.63374)","orange"
"172335",40040,"Quincy/Wells","01/13/2012","W",7862,2012-01-13,1,"Jan",2012,13,"Friday","(41.878723, -87.63374)","orange"
"172685",40040,"Quincy/Wells","03/13/2016","U",1070,2016-03-13,3,"Mar",2016,13,"Sunday","(41.878723, -87.63374)","orange"
"172781",40040,"Quincy/Wells","06/18/2015","W",9687,2015-06-18,6,"Jun",2015,18,"Thursday","(41.878723, -87.63374)","orange"
"172787",40040,"Quincy/Wells","06/28/2001","W",8137,2001-06-28,6,"Jun",2001,28,"Thursday","(41.878723, -87.63374)","orange"
"172914",40040,"Quincy/Wells","06/01/2002","A",1330,2002-06-01,6,"Jun",2002,1,"Saturday","(41.878723, -87.63374)","orange"
"172987",40040,"Quincy/Wells","12/13/2013","W",7293,2013-12-13,12,"Dec",2013,13,"Friday","(41.878723, -87.63374)","orange"
"173003",40040,"Quincy/Wells","08/08/2002","W",7301,2002-08-08,8,"Aug",2002,8,"Thursday","(41.878723, -87.63374)","orange"
"173360",40040,"Quincy/Wells","08/18/2015","W",8384,2015-08-18,8,"Aug",2015,18,"Tuesday","(41.878723, -87.63374)","orange"
"173411",40040,"Quincy/Wells","12/21/2011","W",7343,2011-12-21,12,"Dec",2011,21,"Wednesday","(41.878723, -87.63374)","orange"
"173584",40040,"Quincy/Wells","08/16/2013","W",7720,2013-08-16,8,"Aug",2013,16,"Friday","(41.878723, -87.63374)","orange"
"173648",40040,"Quincy/Wells","08/15/2001","W",8157,2001-08-15,8,"Aug",2001,15,"Wednesday","(41.878723, -87.63374)","orange"
"173672",40040,"Quincy/Wells","03/14/2008","W",6883,2008-03-14,3,"Mar",2008,14,"Friday","(41.878723, -87.63374)","orange"
"173734",40040,"Quincy/Wells","06/20/2014","W",7822,2014-06-20,6,"Jun",2014,20,"Friday","(41.878723, -87.63374)","orange"
"173866",40040,"Quincy/Wells","04/03/2017","W",8733,2017-04-03,4,"Apr",2017,3,"Monday","(41.878723, -87.63374)","orange"
"173889",40040,"Quincy/Wells","05/08/2003","W",6946,2003-05-08,5,"May",2003,8,"Thursday","(41.878723, -87.63374)","orange"
"173922",40040,"Quincy/Wells","06/24/2003","W",7436,2003-06-24,6,"Jun",2003,24,"Tuesday","(41.878723, -87.63374)","orange"
"174007",40040,"Quincy/Wells","12/03/2006","U",515,2006-12-03,12,"Dec",2006,3,"Sunday","(41.878723, -87.63374)","orange"
"174079",40040,"Quincy/Wells","11/07/2001","W",7978,2001-11-07,11,"Nov",2001,7,"Wednesday","(41.878723, -87.63374)","orange"
"174269",40040,"Quincy/Wells","10/31/2014","W",8332,2014-10-31,10,"Oct",2014,31,"Friday","(41.878723, -87.63374)","orange"
"174285",40040,"Quincy/Wells","02/13/2001","W",8086,2001-02-13,2,"Feb",2001,13,"Tuesday","(41.878723, -87.63374)","orange"
"174362",40040,"Quincy/Wells","07/25/2008","W",7300,2008-07-25,7,"Jul",2008,25,"Friday","(41.878723, -87.63374)","orange"
"174551",40040,"Quincy/Wells","05/18/2009","W",7411,2009-05-18,5,"May",2009,18,"Monday","(41.878723, -87.63374)","orange"
"174596",40040,"Quincy/Wells","10/30/2015","W",7901,2015-10-30,10,"Oct",2015,30,"Friday","(41.878723, -87.63374)","orange"
"174714",40040,"Quincy/Wells","12/05/2002","W",7170,2002-12-05,12,"Dec",2002,5,"Thursday","(41.878723, -87.63374)","orange"
"175422",40040,"Quincy/Wells","06/18/2002","W",8035,2002-06-18,6,"Jun",2002,18,"Tuesday","(41.878723, -87.63374)","orange"
"175599",40040,"Quincy/Wells","12/02/2008","W",7216,2008-12-02,12,"Dec",2008,2,"Tuesday","(41.878723, -87.63374)","orange"
"175605",40040,"Quincy/Wells","08/13/2003","W",6813,2003-08-13,8,"Aug",2003,13,"Wednesday","(41.878723, -87.63374)","orange"
"175778",40040,"Quincy/Wells","10/10/2002","W",7642,2002-10-10,10,"Oct",2002,10,"Thursday","(41.878723, -87.63374)","orange"
"175816",40040,"Quincy/Wells","09/16/2009","W",7899,2009-09-16,9,"Sep",2009,16,"Wednesday","(41.878723, -87.63374)","orange"
"175904",40040,"Quincy/Wells","08/28/2006","W",7645,2006-08-28,8,"Aug",2006,28,"Monday","(41.878723, -87.63374)","orange"
"175930",40040,"Quincy/Wells","04/19/2015","U",934,2015-04-19,4,"Apr",2015,19,"Sunday","(41.878723, -87.63374)","orange"
"175964",40040,"Quincy/Wells","12/12/2012","W",7942,2012-12-12,12,"Dec",2012,12,"Wednesday","(41.878723, -87.63374)","orange"
"176145",40040,"Quincy/Wells","06/20/2006","W",7284,2006-06-20,6,"Jun",2006,20,"Tuesday","(41.878723, -87.63374)","orange"
"176492",40040,"Quincy/Wells","02/03/2012","W",7538,2012-02-03,2,"Feb",2012,3,"Friday","(41.878723, -87.63374)","orange"
"176617",40040,"Quincy/Wells","01/29/2009","W",7611,2009-01-29,1,"Jan",2009,29,"Thursday","(41.878723, -87.63374)","orange"
"176637",40040,"Quincy/Wells","12/19/2005","W",6181,2005-12-19,12,"Dec",2005,19,"Monday","(41.878723, -87.63374)","orange"
"176885",40040,"Quincy/Wells","04/09/2014","W",8656,2014-04-09,4,"Apr",2014,9,"Wednesday","(41.878723, -87.63374)","orange"
"176985",40040,"Quincy/Wells","02/15/2005","W",6354,2005-02-15,2,"Feb",2005,15,"Tuesday","(41.878723, -87.63374)","orange"
"177006",40040,"Quincy/Wells","04/21/2017","W",7584,2017-04-21,4,"Apr",2017,21,"Friday","(41.878723, -87.63374)","orange"
"177485",40040,"Quincy/Wells","09/01/2007","A",1817,2007-09-01,9,"Sep",2007,1,"Saturday","(41.878723, -87.63374)","orange"
"177570",40040,"Quincy/Wells","10/01/2002","W",7497,2002-10-01,10,"Oct",2002,1,"Tuesday","(41.878723, -87.63374)","orange"
"177725",40040,"Quincy/Wells","05/14/2017","U",1381,2017-05-14,5,"May",2017,14,"Sunday","(41.878723, -87.63374)","orange"
"177935",40040,"Quincy/Wells","01/06/2004","W",6768,2004-01-06,1,"Jan",2004,6,"Tuesday","(41.878723, -87.63374)","orange"
"177940",40040,"Quincy/Wells","07/26/2016","W",8823,2016-07-26,7,"Jul",2016,26,"Tuesday","(41.878723, -87.63374)","orange"
"177946",40040,"Quincy/Wells","03/17/2007","A",2150,2007-03-17,3,"Mar",2007,17,"Saturday","(41.878723, -87.63374)","orange"
"178105",40040,"Quincy/Wells","01/05/2010","W",7150,2010-01-05,1,"Jan",2010,5,"Tuesday","(41.878723, -87.63374)","orange"
"178172",40040,"Quincy/Wells","10/21/2007","U",1873,2007-10-21,10,"Oct",2007,21,"Sunday","(41.878723, -87.63374)","orange"
"178216",40040,"Quincy/Wells","11/18/2006","A",1457,2006-11-18,11,"Nov",2006,18,"Saturday","(41.878723, -87.63374)","orange"
"178325",40040,"Quincy/Wells","02/13/2002","W",7656,2002-02-13,2,"Feb",2002,13,"Wednesday","(41.878723, -87.63374)","orange"
"178711",40040,"Quincy/Wells","08/07/2017","W",8766,2017-08-07,8,"Aug",2017,7,"Monday","(41.878723, -87.63374)","orange"
"178815",40040,"Quincy/Wells","08/24/2016","W",8309,2016-08-24,8,"Aug",2016,24,"Wednesday","(41.878723, -87.63374)","orange"
"178820",40040,"Quincy/Wells","03/31/2017","W",7525,2017-03-31,3,"Mar",2017,31,"Friday","(41.878723, -87.63374)","orange"
"178874",40040,"Quincy/Wells","03/11/2002","W",7720,2002-03-11,3,"Mar",2002,11,"Monday","(41.878723, -87.63374)","orange"
"179039",40040,"Quincy/Wells","04/05/2017","W",8792,2017-04-05,4,"Apr",2017,5,"Wednesday","(41.878723, -87.63374)","orange"
"179156",40040,"Quincy/Wells","03/17/2010","W",7318,2010-03-17,3,"Mar",2010,17,"Wednesday","(41.878723, -87.63374)","orange"
"179268",40040,"Quincy/Wells","04/22/2002","W",7733,2002-04-22,4,"Apr",2002,22,"Monday","(41.878723, -87.63374)","orange"
"179437",40040,"Quincy/Wells","10/24/2007","W",7364,2007-10-24,10,"Oct",2007,24,"Wednesday","(41.878723, -87.63374)","orange"
"179464",40040,"Quincy/Wells","08/04/2007","A",1831,2007-08-04,8,"Aug",2007,4,"Saturday","(41.878723, -87.63374)","orange"
"179661",40040,"Quincy/Wells","07/27/2009","W",8022,2009-07-27,7,"Jul",2009,27,"Monday","(41.878723, -87.63374)","orange"
"179870",40040,"Quincy/Wells","08/12/2006","A",1534,2006-08-12,8,"Aug",2006,12,"Saturday","(41.878723, -87.63374)","orange"
"180001",40040,"Quincy/Wells","06/24/2004","W",6654,2004-06-24,6,"Jun",2004,24,"Thursday","(41.878723, -87.63374)","orange"
"180464",40040,"Quincy/Wells","02/10/2014","W",8580,2014-02-10,2,"Feb",2014,10,"Monday","(41.878723, -87.63374)","orange"
"180521",40040,"Quincy/Wells","04/07/2007","A",1132,2007-04-07,4,"Apr",2007,7,"Saturday","(41.878723, -87.63374)","orange"
"180602",40040,"Quincy/Wells","10/15/2009","W",7896,2009-10-15,10,"Oct",2009,15,"Thursday","(41.878723, -87.63374)","orange"
"180781",40040,"Quincy/Wells","03/23/2004","W",6690,2004-03-23,3,"Mar",2004,23,"Tuesday","(41.878723, -87.63374)","orange"
"180853",40040,"Quincy/Wells","01/20/2005","W",6739,2005-01-20,1,"Jan",2005,20,"Thursday","(41.878723, -87.63374)","orange"
"181128",40040,"Quincy/Wells","04/09/2016","A",1959,2016-04-09,4,"Apr",2016,9,"Saturday","(41.878723, -87.63374)","orange"
"181404",40040,"Quincy/Wells","05/11/2015","W",8388,2015-05-11,5,"May",2015,11,"Monday","(41.878723, -87.63374)","orange"
"181474",40040,"Quincy/Wells","03/20/2004","A",1222,2004-03-20,3,"Mar",2004,20,"Saturday","(41.878723, -87.63374)","orange"
"181670",40040,"Quincy/Wells","11/25/2014","W",8497,2014-11-25,11,"Nov",2014,25,"Tuesday","(41.878723, -87.63374)","orange"
"181715",40040,"Quincy/Wells","04/24/2013","W",8012,2013-04-24,4,"Apr",2013,24,"Wednesday","(41.878723, -87.63374)","orange"
"181811",40040,"Quincy/Wells","12/11/2009","W",6350,2009-12-11,12,"Dec",2009,11,"Friday","(41.878723, -87.63374)","orange"
"181880",40040,"Quincy/Wells","09/07/2012","W",8276,2012-09-07,9,"Sep",2012,7,"Friday","(41.878723, -87.63374)","orange"
"182122",40040,"Quincy/Wells","08/20/2002","W",7485,2002-08-20,8,"Aug",2002,20,"Tuesday","(41.878723, -87.63374)","orange"
"182373",40040,"Quincy/Wells","05/18/2006","W",7013,2006-05-18,5,"May",2006,18,"Thursday","(41.878723, -87.63374)","orange"
"182512",40040,"Quincy/Wells","07/11/2001","W",8390,2001-07-11,7,"Jul",2001,11,"Wednesday","(41.878723, -87.63374)","orange"
"182624",40040,"Quincy/Wells","04/28/2014","W",8635,2014-04-28,4,"Apr",2014,28,"Monday","(41.878723, -87.63374)","orange"
"182716",40040,"Quincy/Wells","03/01/2016","W",8255,2016-03-01,3,"Mar",2016,1,"Tuesday","(41.878723, -87.63374)","orange"
"182814",40040,"Quincy/Wells","11/20/2008","W",7321,2008-11-20,11,"Nov",2008,20,"Thursday","(41.878723, -87.63374)","orange"
"182846",40040,"Quincy/Wells","07/17/2005","U",1065,2005-07-17,7,"Jul",2005,17,"Sunday","(41.878723, -87.63374)","orange"
"182917",40040,"Quincy/Wells","03/30/2004","W",6899,2004-03-30,3,"Mar",2004,30,"Tuesday","(41.878723, -87.63374)","orange"
"182964",40040,"Quincy/Wells","05/22/2001","W",8179,2001-05-22,5,"May",2001,22,"Tuesday","(41.878723, -87.63374)","orange"
"182969",40040,"Quincy/Wells","04/20/2006","W",6876,2006-04-20,4,"Apr",2006,20,"Thursday","(41.878723, -87.63374)","orange"
"183023",40040,"Quincy/Wells","05/14/2004","W",6173,2004-05-14,5,"May",2004,14,"Friday","(41.878723, -87.63374)","orange"
"183070",40040,"Quincy/Wells","09/01/2010","W",7544,2010-09-01,9,"Sep",2010,1,"Wednesday","(41.878723, -87.63374)","orange"
"183073",40040,"Quincy/Wells","01/17/2010","U",1151,2010-01-17,1,"Jan",2010,17,"Sunday","(41.878723, -87.63374)","orange"
"183416",40040,"Quincy/Wells","02/21/2011","W",4786,2011-02-21,2,"Feb",2011,21,"Monday","(41.878723, -87.63374)","orange"
"183418",40040,"Quincy/Wells","12/11/2015","W",7127,2015-12-11,12,"Dec",2015,11,"Friday","(41.878723, -87.63374)","orange"
"183503",40040,"Quincy/Wells","05/03/2002","W",7017,2002-05-03,5,"May",2002,3,"Friday","(41.878723, -87.63374)","orange"
"183718",40040,"Quincy/Wells","12/14/2011","W",8114,2011-12-14,12,"Dec",2011,14,"Wednesday","(41.878723, -87.63374)","orange"
"183963",40040,"Quincy/Wells","01/08/2005","A",853,2005-01-08,1,"Jan",2005,8,"Saturday","(41.878723, -87.63374)","orange"
"184163",40040,"Quincy/Wells","08/20/2015","W",8223,2015-08-20,8,"Aug",2015,20,"Thursday","(41.878723, -87.63374)","orange"
"184305",40040,"Quincy/Wells","12/22/2015","W",6606,2015-12-22,12,"Dec",2015,22,"Tuesday","(41.878723, -87.63374)","orange"
"184383",40040,"Quincy/Wells","11/19/2014","W",8417,2014-11-19,11,"Nov",2014,19,"Wednesday","(41.878723, -87.63374)","orange"
"185177",40040,"Quincy/Wells","05/25/2016","W",8773,2016-05-25,5,"May",2016,25,"Wednesday","(41.878723, -87.63374)","orange"
"185381",40040,"Quincy/Wells","01/18/2012","W",8245,2012-01-18,1,"Jan",2012,18,"Wednesday","(41.878723, -87.63374)","orange"
"185482",40040,"Quincy/Wells","07/16/2013","W",8816,2013-07-16,7,"Jul",2013,16,"Tuesday","(41.878723, -87.63374)","orange"
"185521",40040,"Quincy/Wells","12/21/2007","W",5684,2007-12-21,12,"Dec",2007,21,"Friday","(41.878723, -87.63374)","orange"
"185812",40040,"Quincy/Wells","01/27/2017","W",7699,2017-01-27,1,"Jan",2017,27,"Friday","(41.878723, -87.63374)","orange"
"185920",40040,"Quincy/Wells","07/23/2014","W",8833,2014-07-23,7,"Jul",2014,23,"Wednesday","(41.878723, -87.63374)","orange"
"186001",40040,"Quincy/Wells","03/07/2009","A",1350,2009-03-07,3,"Mar",2009,7,"Saturday","(41.878723, -87.63374)","orange"
"186066",40040,"Quincy/Wells","07/04/2001","U",818,2001-07-04,7,"Jul",2001,4,"Wednesday","(41.878723, -87.63374)","orange"
"186250",40040,"Quincy/Wells","11/22/2009","U",1264,2009-11-22,11,"Nov",2009,22,"Sunday","(41.878723, -87.63374)","orange"
"186278",40040,"Quincy/Wells","12/26/2014","W",2796,2014-12-26,12,"Dec",2014,26,"Friday","(41.878723, -87.63374)","orange"
"186317",40040,"Quincy/Wells","06/06/2014","W",7841,2014-06-06,6,"Jun",2014,6,"Friday","(41.878723, -87.63374)","orange"
"186590",40040,"Quincy/Wells","06/19/2002","W",7776,2002-06-19,6,"Jun",2002,19,"Wednesday","(41.878723, -87.63374)","orange"
"186732",40040,"Quincy/Wells","01/27/2008","U",1071,2008-01-27,1,"Jan",2008,27,"Sunday","(41.878723, -87.63374)","orange"
"186818",40040,"Quincy/Wells","12/28/2013","A",2171,2013-12-28,12,"Dec",2013,28,"Saturday","(41.878723, -87.63374)","orange"
"186893",40040,"Quincy/Wells","09/13/2010","W",7600,2010-09-13,9,"Sep",2010,13,"Monday","(41.878723, -87.63374)","orange"
"186977",40040,"Quincy/Wells","12/12/2014","W",7108,2014-12-12,12,"Dec",2014,12,"Friday","(41.878723, -87.63374)","orange"
"187019",40040,"Quincy/Wells","06/30/2012","A",0,2012-06-30,6,"Jun",2012,30,"Saturday","(41.878723, -87.63374)","orange"
"187103",40040,"Quincy/Wells","09/06/2014","A",1958,2014-09-06,9,"Sep",2014,6,"Saturday","(41.878723, -87.63374)","orange"
"187231",40040,"Quincy/Wells","05/07/2015","W",7783,2015-05-07,5,"May",2015,7,"Thursday","(41.878723, -87.63374)","orange"
"187603",40040,"Quincy/Wells","07/26/2013","W",7875,2013-07-26,7,"Jul",2013,26,"Friday","(41.878723, -87.63374)","orange"
"188233",40040,"Quincy/Wells","12/22/2001","A",573,2001-12-22,12,"Dec",2001,22,"Saturday","(41.878723, -87.63374)","orange"
"188633",40040,"Quincy/Wells","02/07/2006","W",6917,2006-02-07,2,"Feb",2006,7,"Tuesday","(41.878723, -87.63374)","orange"
"188814",40040,"Quincy/Wells","02/02/2014","U",1162,2014-02-02,2,"Feb",2014,2,"Sunday","(41.878723, -87.63374)","orange"
"188871",40040,"Quincy/Wells","06/15/2006","W",7342,2006-06-15,6,"Jun",2006,15,"Thursday","(41.878723, -87.63374)","orange"
"188980",40040,"Quincy/Wells","12/15/2015","W",8078,2015-12-15,12,"Dec",2015,15,"Tuesday","(41.878723, -87.63374)","orange"
"189005",40040,"Quincy/Wells","10/23/2017","W",8606,2017-10-23,10,"Oct",2017,23,"Monday","(41.878723, -87.63374)","orange"
"189222",40040,"Quincy/Wells","06/03/2001","U",681,2001-06-03,6,"Jun",2001,3,"Sunday","(41.878723, -87.63374)","orange"
"189392",40040,"Quincy/Wells","05/13/2010","W",7063,2010-05-13,5,"May",2010,13,"Thursday","(41.878723, -87.63374)","orange"
"189488",40040,"Quincy/Wells","03/17/2017","W",7262,2017-03-17,3,"Mar",2017,17,"Friday","(41.878723, -87.63374)","orange"
"189730",40040,"Quincy/Wells","02/01/2015","U",1234,2015-02-01,2,"Feb",2015,1,"Sunday","(41.878723, -87.63374)","orange"
"189939",40040,"Quincy/Wells","02/25/2005","W",6016,2005-02-25,2,"Feb",2005,25,"Friday","(41.878723, -87.63374)","orange"
"189977",40040,"Quincy/Wells","09/27/2004","W",6987,2004-09-27,9,"Sep",2004,27,"Monday","(41.878723, -87.63374)","orange"
"190221",40040,"Quincy/Wells","03/31/2005","W",6373,2005-03-31,3,"Mar",2005,31,"Thursday","(41.878723, -87.63374)","orange"
"190245",40040,"Quincy/Wells","11/05/2001","W",8087,2001-11-05,11,"Nov",2001,5,"Monday","(41.878723, -87.63374)","orange"
"191488",40040,"Quincy/Wells","06/03/2010","W",7214,2010-06-03,6,"Jun",2010,3,"Thursday","(41.878723, -87.63374)","orange"
"191621",40040,"Quincy/Wells","11/13/2007","W",7250,2007-11-13,11,"Nov",2007,13,"Tuesday","(41.878723, -87.63374)","orange"
"191824",40040,"Quincy/Wells","10/02/2005","U",1087,2005-10-02,10,"Oct",2005,2,"Sunday","(41.878723, -87.63374)","orange"
"191990",40040,"Quincy/Wells","09/19/2009","A",1932,2009-09-19,9,"Sep",2009,19,"Saturday","(41.878723, -87.63374)","orange"
"192081",40040,"Quincy/Wells","10/17/2005","W",7115,2005-10-17,10,"Oct",2005,17,"Monday","(41.878723, -87.63374)","orange"
"192385",40040,"Quincy/Wells","04/27/2014","U",1479,2014-04-27,4,"Apr",2014,27,"Sunday","(41.878723, -87.63374)","orange"
"192415",40040,"Quincy/Wells","01/21/2005","W",6412,2005-01-21,1,"Jan",2005,21,"Friday","(41.878723, -87.63374)","orange"
"192563",40040,"Quincy/Wells","10/19/2003","U",1061,2003-10-19,10,"Oct",2003,19,"Sunday","(41.878723, -87.63374)","orange"
"192586",40040,"Quincy/Wells","09/05/2006","W",7739,2006-09-05,9,"Sep",2006,5,"Tuesday","(41.878723, -87.63374)","orange"
"192745",40040,"Quincy/Wells","12/29/2016","W",5679,2016-12-29,12,"Dec",2016,29,"Thursday","(41.878723, -87.63374)","orange"
"193101",40040,"Quincy/Wells","09/26/2007","W",7208,2007-09-26,9,"Sep",2007,26,"Wednesday","(41.878723, -87.63374)","orange"
"193113",40040,"Quincy/Wells","11/13/2014","W",8353,2014-11-13,11,"Nov",2014,13,"Thursday","(41.878723, -87.63374)","orange"
"193202",40040,"Quincy/Wells","07/22/2004","W",6773,2004-07-22,7,"Jul",2004,22,"Thursday","(41.878723, -87.63374)","orange"
"193268",40040,"Quincy/Wells","12/30/2014","W",6430,2014-12-30,12,"Dec",2014,30,"Tuesday","(41.878723, -87.63374)","orange"
"193370",40040,"Quincy/Wells","08/31/2004","W",6694,2004-08-31,8,"Aug",2004,31,"Tuesday","(41.878723, -87.63374)","orange"
"193680",40040,"Quincy/Wells","10/29/2016","A",2087,2016-10-29,10,"Oct",2016,29,"Saturday","(41.878723, -87.63374)","orange"
"194237",40040,"Quincy/Wells","01/08/2014","W",8911,2014-01-08,1,"Jan",2014,8,"Wednesday","(41.878723, -87.63374)","orange"
"194256",40040,"Quincy/Wells","11/30/2006","W",7523,2006-11-30,11,"Nov",2006,30,"Thursday","(41.878723, -87.63374)","orange"
"194363",40040,"Quincy/Wells","05/27/2010","W",6983,2010-05-27,5,"May",2010,27,"Thursday","(41.878723, -87.63374)","orange"
"194379",40040,"Quincy/Wells","05/29/2001","W",8291,2001-05-29,5,"May",2001,29,"Tuesday","(41.878723, -87.63374)","orange"
"194406",40040,"Quincy/Wells","09/08/2013","U",1545,2013-09-08,9,"Sep",2013,8,"Sunday","(41.878723, -87.63374)","orange"
"194509",40040,"Quincy/Wells","12/10/2007","W",6731,2007-12-10,12,"Dec",2007,10,"Monday","(41.878723, -87.63374)","orange"
"194579",40040,"Quincy/Wells","03/27/2010","A",1744,2010-03-27,3,"Mar",2010,27,"Saturday","(41.878723, -87.63374)","orange"
"195537",40040,"Quincy/Wells","12/04/2001","W",7659,2001-12-04,12,"Dec",2001,4,"Tuesday","(41.878723, -87.63374)","orange"
"195981",40040,"Quincy/Wells","01/29/2001","W",8368,2001-01-29,1,"Jan",2001,29,"Monday","(41.878723, -87.63374)","orange"
"195995",40040,"Quincy/Wells","02/05/2016","W",7468,2016-02-05,2,"Feb",2016,5,"Friday","(41.878723, -87.63374)","orange"
"196242",40040,"Quincy/Wells","03/03/2004","W",6671,2004-03-03,3,"Mar",2004,3,"Wednesday","(41.878723, -87.63374)","orange"
"196326",40040,"Quincy/Wells","05/01/2004","A",948,2004-05-01,5,"May",2004,1,"Saturday","(41.878723, -87.63374)","orange"
"196332",40040,"Quincy/Wells","09/15/2012","A",1949,2012-09-15,9,"Sep",2012,15,"Saturday","(41.878723, -87.63374)","orange"
"196481",40040,"Quincy/Wells","01/31/2008","W",7269,2008-01-31,1,"Jan",2008,31,"Thursday","(41.878723, -87.63374)","orange"
"196598",40040,"Quincy/Wells","01/10/2016","U",1019,2016-01-10,1,"Jan",2016,10,"Sunday","(41.878723, -87.63374)","orange"
"196704",40040,"Quincy/Wells","08/20/2016","A",1675,2016-08-20,8,"Aug",2016,20,"Saturday","(41.878723, -87.63374)","orange"
"196914",40040,"Quincy/Wells","01/26/2013","A",1438,2013-01-26,1,"Jan",2013,26,"Saturday","(41.878723, -87.63374)","orange"
"196953",40040,"Quincy/Wells","01/27/2004","W",7191,2004-01-27,1,"Jan",2004,27,"Tuesday","(41.878723, -87.63374)","orange"
"197162",40040,"Quincy/Wells","03/31/2016","W",7672,2016-03-31,3,"Mar",2016,31,"Thursday","(41.878723, -87.63374)","orange"
"197206",40040,"Quincy/Wells","05/29/2010","A",1957,2010-05-29,5,"May",2010,29,"Saturday","(41.878723, -87.63374)","orange"
"197213",40040,"Quincy/Wells","02/28/2012","W",8047,2012-02-28,2,"Feb",2012,28,"Tuesday","(41.878723, -87.63374)","orange"
"197840",40040,"Quincy/Wells","06/19/2004","A",1119,2004-06-19,6,"Jun",2004,19,"Saturday","(41.878723, -87.63374)","orange"
"198005",40040,"Quincy/Wells","07/16/2009","W",8040,2009-07-16,7,"Jul",2009,16,"Thursday","(41.878723, -87.63374)","orange"
"198017",40040,"Quincy/Wells","09/28/2003","U",911,2003-09-28,9,"Sep",2003,28,"Sunday","(41.878723, -87.63374)","orange"
"198086",40040,"Quincy/Wells","10/12/2010","W",7755,2010-10-12,10,"Oct",2010,12,"Tuesday","(41.878723, -87.63374)","orange"
"198163",40040,"Quincy/Wells","10/22/2017","U",1484,2017-10-22,10,"Oct",2017,22,"Sunday","(41.878723, -87.63374)","orange"
"198240",40040,"Quincy/Wells","08/28/2010","A",1804,2010-08-28,8,"Aug",2010,28,"Saturday","(41.878723, -87.63374)","orange"
"198390",40040,"Quincy/Wells","08/29/2004","U",876,2004-08-29,8,"Aug",2004,29,"Sunday","(41.878723, -87.63374)","orange"
"198802",40040,"Quincy/Wells","03/24/2010","W",7028,2010-03-24,3,"Mar",2010,24,"Wednesday","(41.878723, -87.63374)","orange"
"199272",40040,"Quincy/Wells","08/31/2011","W",8039,2011-08-31,8,"Aug",2011,31,"Wednesday","(41.878723, -87.63374)","orange"
"199273",40040,"Quincy/Wells","03/26/2015","W",7858,2015-03-26,3,"Mar",2015,26,"Thursday","(41.878723, -87.63374)","orange"
"199304",40040,"Quincy/Wells","05/05/2016","W",8229,2016-05-05,5,"May",2016,5,"Thursday","(41.878723, -87.63374)","orange"
"199449",40040,"Quincy/Wells","04/12/2012","W",8272,2012-04-12,4,"Apr",2012,12,"Thursday","(41.878723, -87.63374)","orange"
"199460",40040,"Quincy/Wells","12/19/2014","W",6884,2014-12-19,12,"Dec",2014,19,"Friday","(41.878723, -87.63374)","orange"
"199575",40040,"Quincy/Wells","10/28/2013","W",8849,2013-10-28,10,"Oct",2013,28,"Monday","(41.878723, -87.63374)","orange"
"199664",40040,"Quincy/Wells","11/20/2015","W",7770,2015-11-20,11,"Nov",2015,20,"Friday","(41.878723, -87.63374)","orange"
"199688",40040,"Quincy/Wells","01/26/2017","W",8195,2017-01-26,1,"Jan",2017,26,"Thursday","(41.878723, -87.63374)","orange"
"200079",40040,"Quincy/Wells","12/27/2011","W",5775,2011-12-27,12,"Dec",2011,27,"Tuesday","(41.878723, -87.63374)","orange"
"200170",40040,"Quincy/Wells","02/28/2015","A",1604,2015-02-28,2,"Feb",2015,28,"Saturday","(41.878723, -87.63374)","orange"
"200295",40040,"Quincy/Wells","11/19/2015","W",8418,2015-11-19,11,"Nov",2015,19,"Thursday","(41.878723, -87.63374)","orange"
"200393",40040,"Quincy/Wells","06/16/2007","A",1614,2007-06-16,6,"Jun",2007,16,"Saturday","(41.878723, -87.63374)","orange"
"200417",40040,"Quincy/Wells","06/09/2007","A",1773,2007-06-09,6,"Jun",2007,9,"Saturday","(41.878723, -87.63374)","orange"
"200497",40040,"Quincy/Wells","02/20/2015","W",7389,2015-02-20,2,"Feb",2015,20,"Friday","(41.878723, -87.63374)","orange"
"200674",40040,"Quincy/Wells","07/23/2007","W",6938,2007-07-23,7,"Jul",2007,23,"Monday","(41.878723, -87.63374)","orange"
"200698",40040,"Quincy/Wells","04/24/2017","W",8328,2017-04-24,4,"Apr",2017,24,"Monday","(41.878723, -87.63374)","orange"
"200766",40040,"Quincy/Wells","10/26/2005","W",6983,2005-10-26,10,"Oct",2005,26,"Wednesday","(41.878723, -87.63374)","orange"
"200816",40040,"Quincy/Wells","06/18/2016","A",2237,2016-06-18,6,"Jun",2016,18,"Saturday","(41.878723, -87.63374)","orange"
"200831",40040,"Quincy/Wells","12/02/2001","U",664,2001-12-02,12,"Dec",2001,2,"Sunday","(41.878723, -87.63374)","orange"
"200833",40040,"Quincy/Wells","12/12/2016","W",8068,2016-12-12,12,"Dec",2016,12,"Monday","(41.878723, -87.63374)","orange"
"201006",40040,"Quincy/Wells","07/22/2001","U",731,2001-07-22,7,"Jul",2001,22,"Sunday","(41.878723, -87.63374)","orange"
"201104",40040,"Quincy/Wells","05/04/2010","W",7002,2010-05-04,5,"May",2010,4,"Tuesday","(41.878723, -87.63374)","orange"
"201277",40040,"Quincy/Wells","05/29/2016","U",2138,2016-05-29,5,"May",2016,29,"Sunday","(41.878723, -87.63374)","orange"
"201302",40040,"Quincy/Wells","08/10/2014","U",1783,2014-08-10,8,"Aug",2014,10,"Sunday","(41.878723, -87.63374)","orange"
"201485",40040,"Quincy/Wells","09/10/2006","U",1119,2006-09-10,9,"Sep",2006,10,"Sunday","(41.878723, -87.63374)","orange"
"201839",40040,"Quincy/Wells","11/22/2004","W",6753,2004-11-22,11,"Nov",2004,22,"Monday","(41.878723, -87.63374)","orange"
"201921",40040,"Quincy/Wells","06/11/2002","W",7909,2002-06-11,6,"Jun",2002,11,"Tuesday","(41.878723, -87.63374)","orange"
"201934",40040,"Quincy/Wells","04/18/2008","W",6814,2008-04-18,4,"Apr",2008,18,"Friday","(41.878723, -87.63374)","orange"
"202083",40040,"Quincy/Wells","09/02/2003","W",7072,2003-09-02,9,"Sep",2003,2,"Tuesday","(41.878723, -87.63374)","orange"
"202217",40040,"Quincy/Wells","11/03/2004","W",6871,2004-11-03,11,"Nov",2004,3,"Wednesday","(41.878723, -87.63374)","orange"
"202739",40040,"Quincy/Wells","04/01/2015","W",8176,2015-04-01,4,"Apr",2015,1,"Wednesday","(41.878723, -87.63374)","orange"
"202821",40040,"Quincy/Wells","06/02/2004","W",7054,2004-06-02,6,"Jun",2004,2,"Wednesday","(41.878723, -87.63374)","orange"
"202878",40040,"Quincy/Wells","12/05/2010","U",1030,2010-12-05,12,"Dec",2010,5,"Sunday","(41.878723, -87.63374)","orange"
"202924",40040,"Quincy/Wells","05/11/2002","A",842,2002-05-11,5,"May",2002,11,"Saturday","(41.878723, -87.63374)","orange"
"203269",40040,"Quincy/Wells","09/25/2004","A",1121,2004-09-25,9,"Sep",2004,25,"Saturday","(41.878723, -87.63374)","orange"
"203325",40040,"Quincy/Wells","03/31/2003","W",7176,2003-03-31,3,"Mar",2003,31,"Monday","(41.878723, -87.63374)","orange"
"203369",40040,"Quincy/Wells","09/18/2003","W",7019,2003-09-18,9,"Sep",2003,18,"Thursday","(41.878723, -87.63374)","orange"
"203534",40040,"Quincy/Wells","12/11/2011","U",1175,2011-12-11,12,"Dec",2011,11,"Sunday","(41.878723, -87.63374)","orange"
"203771",40040,"Quincy/Wells","02/20/2012","W",5337,2012-02-20,2,"Feb",2012,20,"Monday","(41.878723, -87.63374)","orange"
"203866",40040,"Quincy/Wells","12/13/2003","A",938,2003-12-13,12,"Dec",2003,13,"Saturday","(41.878723, -87.63374)","orange"
"203973",40040,"Quincy/Wells","02/03/2014","W",8486,2014-02-03,2,"Feb",2014,3,"Monday","(41.878723, -87.63374)","orange"
"204182",40040,"Quincy/Wells","07/11/2006","W",7893,2006-07-11,7,"Jul",2006,11,"Tuesday","(41.878723, -87.63374)","orange"
"204262",40040,"Quincy/Wells","03/29/2001","W",7852,2001-03-29,3,"Mar",2001,29,"Thursday","(41.878723, -87.63374)","orange"
"204620",40040,"Quincy/Wells","05/09/2005","W",6635,2005-05-09,5,"May",2005,9,"Monday","(41.878723, -87.63374)","orange"
"204660",40040,"Quincy/Wells","05/15/2005","U",849,2005-05-15,5,"May",2005,15,"Sunday","(41.878723, -87.63374)","orange"
"204724",40040,"Quincy/Wells","04/06/2006","W",6861,2006-04-06,4,"Apr",2006,6,"Thursday","(41.878723, -87.63374)","orange"
"204799",40040,"Quincy/Wells","05/26/2017","W",6925,2017-05-26,5,"May",2017,26,"Friday","(41.878723, -87.63374)","orange"
"204817",40040,"Quincy/Wells","01/15/2006","U",790,2006-01-15,1,"Jan",2006,15,"Sunday","(41.878723, -87.63374)","orange"
"204821",40040,"Quincy/Wells","03/22/2001","W",7852,2001-03-22,3,"Mar",2001,22,"Thursday","(41.878723, -87.63374)","orange"
"204946",40040,"Quincy/Wells","11/20/2004","A",1070,2004-11-20,11,"Nov",2004,20,"Saturday","(41.878723, -87.63374)","orange"
"205016",40040,"Quincy/Wells","02/18/2005","W",5998,2005-02-18,2,"Feb",2005,18,"Friday","(41.878723, -87.63374)","orange"
"205250",40040,"Quincy/Wells","08/06/2006","U",1435,2006-08-06,8,"Aug",2006,6,"Sunday","(41.878723, -87.63374)","orange"
"205543",40040,"Quincy/Wells","09/09/2008","W",7613,2008-09-09,9,"Sep",2008,9,"Tuesday","(41.878723, -87.63374)","orange"
"205787",40040,"Quincy/Wells","10/01/2016","A",1508,2016-10-01,10,"Oct",2016,1,"Saturday","(41.878723, -87.63374)","orange"
"205942",40040,"Quincy/Wells","04/13/2003","U",763,2003-04-13,4,"Apr",2003,13,"Sunday","(41.878723, -87.63374)","orange"
"206187",40040,"Quincy/Wells","05/12/2014","W",8499,2014-05-12,5,"May",2014,12,"Monday","(41.878723, -87.63374)","orange"
"206252",40040,"Quincy/Wells","07/09/2014","W",8636,2014-07-09,7,"Jul",2014,9,"Wednesday","(41.878723, -87.63374)","orange"
"206329",40040,"Quincy/Wells","10/01/2014","W",8439,2014-10-01,10,"Oct",2014,1,"Wednesday","(41.878723, -87.63374)","orange"
"206341",40040,"Quincy/Wells","01/10/2008","W",7287,2008-01-10,1,"Jan",2008,10,"Thursday","(41.878723, -87.63374)","orange"
"206490",40040,"Quincy/Wells","04/28/2013","U",663,2013-04-28,4,"Apr",2013,28,"Sunday","(41.878723, -87.63374)","orange"
"206562",40040,"Quincy/Wells","02/14/2011","W",7448,2011-02-14,2,"Feb",2011,14,"Monday","(41.878723, -87.63374)","orange"
"206743",40040,"Quincy/Wells","08/12/2013","W",8751,2013-08-12,8,"Aug",2013,12,"Monday","(41.878723, -87.63374)","orange"
"206746",40040,"Quincy/Wells","06/04/2007","W",7201,2007-06-04,6,"Jun",2007,4,"Monday","(41.878723, -87.63374)","orange"
"206900",40040,"Quincy/Wells","10/13/2003","W",6056,2003-10-13,10,"Oct",2003,13,"Monday","(41.878723, -87.63374)","orange"
"207475",40040,"Quincy/Wells","05/28/2016","A",2277,2016-05-28,5,"May",2016,28,"Saturday","(41.878723, -87.63374)","orange"
"208232",40040,"Quincy/Wells","05/23/2008","W",6672,2008-05-23,5,"May",2008,23,"Friday","(41.878723, -87.63374)","orange"
"208358",40040,"Quincy/Wells","09/10/2002","W",7987,2002-09-10,9,"Sep",2002,10,"Tuesday","(41.878723, -87.63374)","orange"
"208365",40040,"Quincy/Wells","03/02/2016","W",8239,2016-03-02,3,"Mar",2016,2,"Wednesday","(41.878723, -87.63374)","orange"
"208834",40040,"Quincy/Wells","02/03/2005","W",6438,2005-02-03,2,"Feb",2005,3,"Thursday","(41.878723, -87.63374)","orange"
"209217",40040,"Quincy/Wells","03/04/2004","W",6676,2004-03-04,3,"Mar",2004,4,"Thursday","(41.878723, -87.63374)","orange"
"209446",40040,"Quincy/Wells","05/27/2003","W",7232,2003-05-27,5,"May",2003,27,"Tuesday","(41.878723, -87.63374)","orange"
"209450",40040,"Quincy/Wells","12/20/2010","W",6779,2010-12-20,12,"Dec",2010,20,"Monday","(41.878723, -87.63374)","orange"
"209693",40040,"Quincy/Wells","10/05/2005","W",6949,2005-10-05,10,"Oct",2005,5,"Wednesday","(41.878723, -87.63374)","orange"
"209834",40040,"Quincy/Wells","12/12/2002","W",6829,2002-12-12,12,"Dec",2002,12,"Thursday","(41.878723, -87.63374)","orange"
"209846",40040,"Quincy/Wells","09/27/2011","W",8407,2011-09-27,9,"Sep",2011,27,"Tuesday","(41.878723, -87.63374)","orange"
"209849",40040,"Quincy/Wells","11/19/2009","W",7323,2009-11-19,11,"Nov",2009,19,"Thursday","(41.878723, -87.63374)","orange"
"210264",40040,"Quincy/Wells","09/02/2009","W",7587,2009-09-02,9,"Sep",2009,2,"Wednesday","(41.878723, -87.63374)","orange"
"210626",40040,"Quincy/Wells","09/29/2005","W",6958,2005-09-29,9,"Sep",2005,29,"Thursday","(41.878723, -87.63374)","orange"
"210694",40040,"Quincy/Wells","05/09/2007","W",6627,2007-05-09,5,"May",2007,9,"Wednesday","(41.878723, -87.63374)","orange"
"210833",40040,"Quincy/Wells","10/09/2007","W",7526,2007-10-09,10,"Oct",2007,9,"Tuesday","(41.878723, -87.63374)","orange"
"211242",40040,"Quincy/Wells","06/04/2002","W",7858,2002-06-04,6,"Jun",2002,4,"Tuesday","(41.878723, -87.63374)","orange"
"211274",40040,"Quincy/Wells","01/14/2003","W",7440,2003-01-14,1,"Jan",2003,14,"Tuesday","(41.878723, -87.63374)","orange"
"211313",40040,"Quincy/Wells","11/28/2004","U",1015,2004-11-28,11,"Nov",2004,28,"Sunday","(41.878723, -87.63374)","orange"
"211359",40040,"Quincy/Wells","07/17/2011","U",1977,2011-07-17,7,"Jul",2011,17,"Sunday","(41.878723, -87.63374)","orange"
"211553",40040,"Quincy/Wells","02/22/2006","W",6728,2006-02-22,2,"Feb",2006,22,"Wednesday","(41.878723, -87.63374)","orange"
"211607",40040,"Quincy/Wells","04/11/2005","W",6629,2005-04-11,4,"Apr",2005,11,"Monday","(41.878723, -87.63374)","orange"
"211634",40040,"Quincy/Wells","01/16/2017","W",4189,2017-01-16,1,"Jan",2017,16,"Monday","(41.878723, -87.63374)","orange"
"211865",40040,"Quincy/Wells","10/04/2015","U",1469,2015-10-04,10,"Oct",2015,4,"Sunday","(41.878723, -87.63374)","orange"
"211909",40040,"Quincy/Wells","09/19/2010","U",1588,2010-09-19,9,"Sep",2010,19,"Sunday","(41.878723, -87.63374)","orange"
"211923",40040,"Quincy/Wells","08/07/2001","W",8381,2001-08-07,8,"Aug",2001,7,"Tuesday","(41.878723, -87.63374)","orange"
"212432",40040,"Quincy/Wells","06/17/2012","U",0,2012-06-17,6,"Jun",2012,17,"Sunday","(41.878723, -87.63374)","orange"
"212481",40040,"Quincy/Wells","03/28/2008","W",6691,2008-03-28,3,"Mar",2008,28,"Friday","(41.878723, -87.63374)","orange"
"212606",40040,"Quincy/Wells","04/21/2003","W",7131,2003-04-21,4,"Apr",2003,21,"Monday","(41.878723, -87.63374)","orange"
"212686",40040,"Quincy/Wells","03/08/2017","W",8345,2017-03-08,3,"Mar",2017,8,"Wednesday","(41.878723, -87.63374)","orange"
"212706",40040,"Quincy/Wells","08/07/2015","W",7210,2015-08-07,8,"Aug",2015,7,"Friday","(41.878723, -87.63374)","orange"
"212877",40040,"Quincy/Wells","01/29/2011","A",1202,2011-01-29,1,"Jan",2011,29,"Saturday","(41.878723, -87.63374)","orange"
"212911",40040,"Quincy/Wells","10/01/2004","W",6152,2004-10-01,10,"Oct",2004,1,"Friday","(41.878723, -87.63374)","orange"
"212930",40040,"Quincy/Wells","11/04/2009","W",7356,2009-11-04,11,"Nov",2009,4,"Wednesday","(41.878723, -87.63374)","orange"
"213185",40040,"Quincy/Wells","04/22/2014","W",9135,2014-04-22,4,"Apr",2014,22,"Tuesday","(41.878723, -87.63374)","orange"
"213352",40040,"Quincy/Wells","11/26/2014","W",5791,2014-11-26,11,"Nov",2014,26,"Wednesday","(41.878723, -87.63374)","orange"
"213419",40040,"Quincy/Wells","05/11/2008","U",1878,2008-05-11,5,"May",2008,11,"Sunday","(41.878723, -87.63374)","orange"
"213454",40040,"Quincy/Wells","04/27/2002","A",932,2002-04-27,4,"Apr",2002,27,"Saturday","(41.878723, -87.63374)","orange"
"213472",40040,"Quincy/Wells","09/24/2017","U",1358,2017-09-24,9,"Sep",2017,24,"Sunday","(41.878723, -87.63374)","orange"
"213692",40040,"Quincy/Wells","01/22/2011","A",1239,2011-01-22,1,"Jan",2011,22,"Saturday","(41.878723, -87.63374)","orange"
"213770",40040,"Quincy/Wells","03/26/2005","A",1083,2005-03-26,3,"Mar",2005,26,"Saturday","(41.878723, -87.63374)","orange"
"213865",40040,"Quincy/Wells","09/20/2011","W",8398,2011-09-20,9,"Sep",2011,20,"Tuesday","(41.878723, -87.63374)","orange"
"213999",40040,"Quincy/Wells","02/18/2013","W",5537,2013-02-18,2,"Feb",2013,18,"Monday","(41.878723, -87.63374)","orange"
"214001",40040,"Quincy/Wells","07/25/2009","A",2502,2009-07-25,7,"Jul",2009,25,"Saturday","(41.878723, -87.63374)","orange"
"214145",40040,"Quincy/Wells","08/28/2008","W",7509,2008-08-28,8,"Aug",2008,28,"Thursday","(41.878723, -87.63374)","orange"
"214223",40040,"Quincy/Wells","10/13/2011","W",8986,2011-10-13,10,"Oct",2011,13,"Thursday","(41.878723, -87.63374)","orange"
"214362",40040,"Quincy/Wells","01/15/2001","W",4807,2001-01-15,1,"Jan",2001,15,"Monday","(41.878723, -87.63374)","orange"
"214467",40040,"Quincy/Wells","04/27/2006","W",7047,2006-04-27,4,"Apr",2006,27,"Thursday","(41.878723, -87.63374)","orange"
"214553",40040,"Quincy/Wells","10/05/2015","W",8348,2015-10-05,10,"Oct",2015,5,"Monday","(41.878723, -87.63374)","orange"
"215014",40040,"Quincy/Wells","04/27/2010","W",7266,2010-04-27,4,"Apr",2010,27,"Tuesday","(41.878723, -87.63374)","orange"
"215141",40040,"Quincy/Wells","11/01/2014","A",1967,2014-11-01,11,"Nov",2014,1,"Saturday","(41.878723, -87.63374)","orange"
"215245",40040,"Quincy/Wells","07/05/2016","W",8375,2016-07-05,7,"Jul",2016,5,"Tuesday","(41.878723, -87.63374)","orange"
"215737",40040,"Quincy/Wells","05/06/2003","W",7148,2003-05-06,5,"May",2003,6,"Tuesday","(41.878723, -87.63374)","orange"
"215830",40040,"Quincy/Wells","08/26/2006","A",1377,2006-08-26,8,"Aug",2006,26,"Saturday","(41.878723, -87.63374)","orange"
"216272",40040,"Quincy/Wells","07/20/2007","W",6554,2007-07-20,7,"Jul",2007,20,"Friday","(41.878723, -87.63374)","orange"
"216356",40040,"Quincy/Wells","06/27/2007","W",7522,2007-06-27,6,"Jun",2007,27,"Wednesday","(41.878723, -87.63374)","orange"
"216740",40040,"Quincy/Wells","03/07/2013","W",3130,2013-03-07,3,"Mar",2013,7,"Thursday","(41.878723, -87.63374)","orange"
"216813",40040,"Quincy/Wells","06/18/2011","A",2298,2011-06-18,6,"Jun",2011,18,"Saturday","(41.878723, -87.63374)","orange"
"216877",40040,"Quincy/Wells","04/24/2011","U",1667,2011-04-24,4,"Apr",2011,24,"Sunday","(41.878723, -87.63374)","orange"
"217246",40040,"Quincy/Wells","01/22/2017","U",965,2017-01-22,1,"Jan",2017,22,"Sunday","(41.878723, -87.63374)","orange"
"217290",40040,"Quincy/Wells","11/25/2007","U",1686,2007-11-25,11,"Nov",2007,25,"Sunday","(41.878723, -87.63374)","orange"
"217354",40040,"Quincy/Wells","08/27/2009","W",7593,2009-08-27,8,"Aug",2009,27,"Thursday","(41.878723, -87.63374)","orange"
"217382",40040,"Quincy/Wells","12/06/2002","W",6534,2002-12-06,12,"Dec",2002,6,"Friday","(41.878723, -87.63374)","orange"
"217556",40040,"Quincy/Wells","02/02/2003","U",692,2003-02-02,2,"Feb",2003,2,"Sunday","(41.878723, -87.63374)","orange"
"217609",40040,"Quincy/Wells","07/14/2003","W",7297,2003-07-14,7,"Jul",2003,14,"Monday","(41.878723, -87.63374)","orange"
"217611",40040,"Quincy/Wells","06/29/2008","U",2494,2008-06-29,6,"Jun",2008,29,"Sunday","(41.878723, -87.63374)","orange"
"217624",40040,"Quincy/Wells","10/06/2007","A",2161,2007-10-06,10,"Oct",2007,6,"Saturday","(41.878723, -87.63374)","orange"
"217820",40040,"Quincy/Wells","02/11/2008","W",7036,2008-02-11,2,"Feb",2008,11,"Monday","(41.878723, -87.63374)","orange"
"217871",40040,"Quincy/Wells","01/22/2003","W",7341,2003-01-22,1,"Jan",2003,22,"Wednesday","(41.878723, -87.63374)","orange"
"217945",40040,"Quincy/Wells","03/15/2005","W",6486,2005-03-15,3,"Mar",2005,15,"Tuesday","(41.878723, -87.63374)","orange"
"218067",40040,"Quincy/Wells","09/10/2011","A",1854,2011-09-10,9,"Sep",2011,10,"Saturday","(41.878723, -87.63374)","orange"
"218083",40040,"Quincy/Wells","09/20/2008","A",2548,2008-09-20,9,"Sep",2008,20,"Saturday","(41.878723, -87.63374)","orange"
"218192",40040,"Quincy/Wells","04/15/2004","W",6565,2004-04-15,4,"Apr",2004,15,"Thursday","(41.878723, -87.63374)","orange"
"218481",40040,"Quincy/Wells","07/28/2008","W",7519,2008-07-28,7,"Jul",2008,28,"Monday","(41.878723, -87.63374)","orange"
"218549",40040,"Quincy/Wells","11/15/2005","W",7010,2005-11-15,11,"Nov",2005,15,"Tuesday","(41.878723, -87.63374)","orange"
"218671",40040,"Quincy/Wells","01/20/2010","W",7391,2010-01-20,1,"Jan",2010,20,"Wednesday","(41.878723, -87.63374)","orange"
"218686",40040,"Quincy/Wells","06/22/2010","W",7601,2010-06-22,6,"Jun",2010,22,"Tuesday","(41.878723, -87.63374)","orange"
"219036",40040,"Quincy/Wells","11/16/2012","W",8039,2012-11-16,11,"Nov",2012,16,"Friday","(41.878723, -87.63374)","orange"
"219078",40040,"Quincy/Wells","04/21/2007","A",1561,2007-04-21,4,"Apr",2007,21,"Saturday","(41.878723, -87.63374)","orange"
"219154",40040,"Quincy/Wells","09/13/2014","A",2073,2014-09-13,9,"Sep",2014,13,"Saturday","(41.878723, -87.63374)","orange"
"219195",40040,"Quincy/Wells","02/11/2005","W",5967,2005-02-11,2,"Feb",2005,11,"Friday","(41.878723, -87.63374)","orange"
"219258",40040,"Quincy/Wells","11/27/2017","W",8175,2017-11-27,11,"Nov",2017,27,"Monday","(41.878723, -87.63374)","orange"
"219498",40040,"Quincy/Wells","03/03/2009","W",7431,2009-03-03,3,"Mar",2009,3,"Tuesday","(41.878723, -87.63374)","orange"
"219736",40040,"Quincy/Wells","09/15/2017","W",7720,2017-09-15,9,"Sep",2017,15,"Friday","(41.878723, -87.63374)","orange"
"219752",40040,"Quincy/Wells","02/24/2014","W",8527,2014-02-24,2,"Feb",2014,24,"Monday","(41.878723, -87.63374)","orange"
"219885",40040,"Quincy/Wells","04/09/2002","W",7739,2002-04-09,4,"Apr",2002,9,"Tuesday","(41.878723, -87.63374)","orange"
"220115",40040,"Quincy/Wells","02/20/2011","U",1179,2011-02-20,2,"Feb",2011,20,"Sunday","(41.878723, -87.63374)","orange"
"220151",40040,"Quincy/Wells","07/05/2008","A",1855,2008-07-05,7,"Jul",2008,5,"Saturday","(41.878723, -87.63374)","orange"
"220215",40040,"Quincy/Wells","09/16/2005","W",6622,2005-09-16,9,"Sep",2005,16,"Friday","(41.878723, -87.63374)","orange"
"220254",40040,"Quincy/Wells","12/04/2016","U",1027,2016-12-04,12,"Dec",2016,4,"Sunday","(41.878723, -87.63374)","orange"
"220322",40040,"Quincy/Wells","08/19/2009","W",7865,2009-08-19,8,"Aug",2009,19,"Wednesday","(41.878723, -87.63374)","orange"
"220325",40040,"Quincy/Wells","03/06/2012","W",8062,2012-03-06,3,"Mar",2012,6,"Tuesday","(41.878723, -87.63374)","orange"
"221003",40040,"Quincy/Wells","01/02/2004","W",3911,2004-01-02,1,"Jan",2004,2,"Friday","(41.878723, -87.63374)","orange"
"221030",40040,"Quincy/Wells","01/07/2013","W",8520,2013-01-07,1,"Jan",2013,7,"Monday","(41.878723, -87.63374)","orange"
"221234",40040,"Quincy/Wells","05/09/2010","U",1379,2010-05-09,5,"May",2010,9,"Sunday","(41.878723, -87.63374)","orange"
"221288",40040,"Quincy/Wells","03/21/2002","W",7520,2002-03-21,3,"Mar",2002,21,"Thursday","(41.878723, -87.63374)","orange"
"221521",40040,"Quincy/Wells","08/17/2001","W",7240,2001-08-17,8,"Aug",2001,17,"Friday","(41.878723, -87.63374)","orange"
"221644",40040,"Quincy/Wells","05/25/2017","W",8227,2017-05-25,5,"May",2017,25,"Thursday","(41.878723, -87.63374)","orange"
"222065",40040,"Quincy/Wells","05/07/2002","W",8033,2002-05-07,5,"May",2002,7,"Tuesday","(41.878723, -87.63374)","orange"
"222190",40040,"Quincy/Wells","12/26/2002","W",4245,2002-12-26,12,"Dec",2002,26,"Thursday","(41.878723, -87.63374)","orange"
"222316",40040,"Quincy/Wells","02/07/2008","W",7092,2008-02-07,2,"Feb",2008,7,"Thursday","(41.878723, -87.63374)","orange"
"222329",40040,"Quincy/Wells","07/21/2009","W",7972,2009-07-21,7,"Jul",2009,21,"Tuesday","(41.878723, -87.63374)","orange"
"222564",40040,"Quincy/Wells","06/19/2005","U",1046,2005-06-19,6,"Jun",2005,19,"Sunday","(41.878723, -87.63374)","orange"
"222663",40040,"Quincy/Wells","04/11/2010","U",1159,2010-04-11,4,"Apr",2010,11,"Sunday","(41.878723, -87.63374)","orange"
"222707",40040,"Quincy/Wells","04/04/2006","W",6939,2006-04-04,4,"Apr",2006,4,"Tuesday","(41.878723, -87.63374)","orange"
"222731",40040,"Quincy/Wells","11/27/2008","U",925,2008-11-27,11,"Nov",2008,27,"Thursday","(41.878723, -87.63374)","orange"
"222743",40040,"Quincy/Wells","10/18/2014","A",2363,2014-10-18,10,"Oct",2014,18,"Saturday","(41.878723, -87.63374)","orange"
"222758",40040,"Quincy/Wells","01/28/2009","W",7755,2009-01-28,1,"Jan",2009,28,"Wednesday","(41.878723, -87.63374)","orange"
"222950",40040,"Quincy/Wells","11/11/2011","W",7238,2011-11-11,11,"Nov",2011,11,"Friday","(41.878723, -87.63374)","orange"
"223160",40040,"Quincy/Wells","03/15/2004","W",6604,2004-03-15,3,"Mar",2004,15,"Monday","(41.878723, -87.63374)","orange"
"223327",40040,"Quincy/Wells","07/21/2006","W",7349,2006-07-21,7,"Jul",2006,21,"Friday","(41.878723, -87.63374)","orange"
"223332",40040,"Quincy/Wells","10/07/2006","A",1530,2006-10-07,10,"Oct",2006,7,"Saturday","(41.878723, -87.63374)","orange"
"223417",40040,"Quincy/Wells","08/26/2004","W",6587,2004-08-26,8,"Aug",2004,26,"Thursday","(41.878723, -87.63374)","orange"
"223511",40040,"Quincy/Wells","01/20/2016","W",8480,2016-01-20,1,"Jan",2016,20,"Wednesday","(41.878723, -87.63374)","orange"
"223634",40040,"Quincy/Wells","10/28/2002","W",7735,2002-10-28,10,"Oct",2002,28,"Monday","(41.878723, -87.63374)","orange"
"223718",40040,"Quincy/Wells","02/05/2002","W",7757,2002-02-05,2,"Feb",2002,5,"Tuesday","(41.878723, -87.63374)","orange"
"223764",40040,"Quincy/Wells","05/17/2008","A",2031,2008-05-17,5,"May",2008,17,"Saturday","(41.878723, -87.63374)","orange"
"223768",40040,"Quincy/Wells","06/27/2002","W",7774,2002-06-27,6,"Jun",2002,27,"Thursday","(41.878723, -87.63374)","orange"
"223783",40040,"Quincy/Wells","01/25/2007","W",7123,2007-01-25,1,"Jan",2007,25,"Thursday","(41.878723, -87.63374)","orange"
"223882",40040,"Quincy/Wells","04/24/2001","W",8195,2001-04-24,4,"Apr",2001,24,"Tuesday","(41.878723, -87.63374)","orange"
"224049",40040,"Quincy/Wells","02/09/2005","W",6777,2005-02-09,2,"Feb",2005,9,"Wednesday","(41.878723, -87.63374)","orange"
"224280",40040,"Quincy/Wells","11/21/2009","A",1735,2009-11-21,11,"Nov",2009,21,"Saturday","(41.878723, -87.63374)","orange"
"224357",40040,"Quincy/Wells","01/03/2004","A",842,2004-01-03,1,"Jan",2004,3,"Saturday","(41.878723, -87.63374)","orange"
"224420",40040,"Quincy/Wells","11/05/2002","W",7725,2002-11-05,11,"Nov",2002,5,"Tuesday","(41.878723, -87.63374)","orange"
"224494",40040,"Quincy/Wells","07/18/2008","W",7324,2008-07-18,7,"Jul",2008,18,"Friday","(41.878723, -87.63374)","orange"
"224642",40040,"Quincy/Wells","07/12/2001","W",8371,2001-07-12,7,"Jul",2001,12,"Thursday","(41.878723, -87.63374)","orange"
"224708",40040,"Quincy/Wells","09/18/2017","W",8709,2017-09-18,9,"Sep",2017,18,"Monday","(41.878723, -87.63374)","orange"
"224726",40040,"Quincy/Wells","03/10/2004","W",6845,2004-03-10,3,"Mar",2004,10,"Wednesday","(41.878723, -87.63374)","orange"
"224743",40040,"Quincy/Wells","03/23/2007","W",6975,2007-03-23,3,"Mar",2007,23,"Friday","(41.878723, -87.63374)","orange"
"224749",40040,"Quincy/Wells","04/02/2006","U",879,2006-04-02,4,"Apr",2006,2,"Sunday","(41.878723, -87.63374)","orange"
"224941",40040,"Quincy/Wells","11/22/2006","W",5932,2006-11-22,11,"Nov",2006,22,"Wednesday","(41.878723, -87.63374)","orange"
"225080",40040,"Quincy/Wells","07/12/2014","A",1946,2014-07-12,7,"Jul",2014,12,"Saturday","(41.878723, -87.63374)","orange"
"225331",40040,"Quincy/Wells","06/06/2003","W",6659,2003-06-06,6,"Jun",2003,6,"Friday","(41.878723, -87.63374)","orange"
"225412",40040,"Quincy/Wells","02/04/2017","A",1161,2017-02-04,2,"Feb",2017,4,"Saturday","(41.878723, -87.63374)","orange"
"225680",40040,"Quincy/Wells","11/13/2005","U",1040,2005-11-13,11,"Nov",2005,13,"Sunday","(41.878723, -87.63374)","orange"
"225784",40040,"Quincy/Wells","02/03/2002","U",555,2002-02-03,2,"Feb",2002,3,"Sunday","(41.878723, -87.63374)","orange"
"225842",40040,"Quincy/Wells","06/13/2013","W",8599,2013-06-13,6,"Jun",2013,13,"Thursday","(41.878723, -87.63374)","orange"
"226063",40040,"Quincy/Wells","04/14/2014","W",8630,2014-04-14,4,"Apr",2014,14,"Monday","(41.878723, -87.63374)","orange"
"226081",40040,"Quincy/Wells","08/10/2002","A",1176,2002-08-10,8,"Aug",2002,10,"Saturday","(41.878723, -87.63374)","orange"
"226266",40040,"Quincy/Wells","06/03/2012","U",0,2012-06-03,6,"Jun",2012,3,"Sunday","(41.878723, -87.63374)","orange"
"226276",40040,"Quincy/Wells","01/12/2010","W",7247,2010-01-12,1,"Jan",2010,12,"Tuesday","(41.878723, -87.63374)","orange"
"226304",40040,"Quincy/Wells","03/29/2009","U",1279,2009-03-29,3,"Mar",2009,29,"Sunday","(41.878723, -87.63374)","orange"
"226399",40040,"Quincy/Wells","01/07/2011","W",7355,2011-01-07,1,"Jan",2011,7,"Friday","(41.878723, -87.63374)","orange"
"226510",40040,"Quincy/Wells","08/05/2004","W",6737,2004-08-05,8,"Aug",2004,5,"Thursday","(41.878723, -87.63374)","orange"
"226640",40040,"Quincy/Wells","06/30/2017","W",7372,2017-06-30,6,"Jun",2017,30,"Friday","(41.878723, -87.63374)","orange"
"226659",40040,"Quincy/Wells","06/02/2005","W",6968,2005-06-02,6,"Jun",2005,2,"Thursday","(41.878723, -87.63374)","orange"
"226883",40040,"Quincy/Wells","07/28/2002","U",889,2002-07-28,7,"Jul",2002,28,"Sunday","(41.878723, -87.63374)","orange"
"226981",40040,"Quincy/Wells","12/13/2005","W",6533,2005-12-13,12,"Dec",2005,13,"Tuesday","(41.878723, -87.63374)","orange"
"226993",40040,"Quincy/Wells","01/24/2015","A",1391,2015-01-24,1,"Jan",2015,24,"Saturday","(41.878723, -87.63374)","orange"
"227194",40040,"Quincy/Wells","03/24/2016","W",7906,2016-03-24,3,"Mar",2016,24,"Thursday","(41.878723, -87.63374)","orange"
"227273",40040,"Quincy/Wells","06/08/2004","W",7218,2004-06-08,6,"Jun",2004,8,"Tuesday","(41.878723, -87.63374)","orange"
"227370",40040,"Quincy/Wells","06/11/2008","W",7873,2008-06-11,6,"Jun",2008,11,"Wednesday","(41.878723, -87.63374)","orange"
"227598",40040,"Quincy/Wells","07/08/2017","A",1869,2017-07-08,7,"Jul",2017,8,"Saturday","(41.878723, -87.63374)","orange"
"227709",40040,"Quincy/Wells","11/17/2014","W",8675,2014-11-17,11,"Nov",2014,17,"Monday","(41.878723, -87.63374)","orange"
"227720",40040,"Quincy/Wells","08/17/2010","W",7484,2010-08-17,8,"Aug",2010,17,"Tuesday","(41.878723, -87.63374)","orange"
"227926",40040,"Quincy/Wells","04/01/2010","W",7243,2010-04-01,4,"Apr",2010,1,"Thursday","(41.878723, -87.63374)","orange"
"228295",40040,"Quincy/Wells","04/03/2004","A",1124,2004-04-03,4,"Apr",2004,3,"Saturday","(41.878723, -87.63374)","orange"
"228396",40040,"Quincy/Wells","03/18/2007","U",1090,2007-03-18,3,"Mar",2007,18,"Sunday","(41.878723, -87.63374)","orange"
"228442",40040,"Quincy/Wells","11/11/2004","W",5502,2004-11-11,11,"Nov",2004,11,"Thursday","(41.878723, -87.63374)","orange"
"228543",40040,"Quincy/Wells","02/23/2004","W",6460,2004-02-23,2,"Feb",2004,23,"Monday","(41.878723, -87.63374)","orange"
"228725",40040,"Quincy/Wells","02/25/2003","W",7082,2003-02-25,2,"Feb",2003,25,"Tuesday","(41.878723, -87.63374)","orange"
"228806",40040,"Quincy/Wells","01/26/2004","W",6896,2004-01-26,1,"Jan",2004,26,"Monday","(41.878723, -87.63374)","orange"
"228908",40040,"Quincy/Wells","04/11/2017","W",8188,2017-04-11,4,"Apr",2017,11,"Tuesday","(41.878723, -87.63374)","orange"
"229009",40040,"Quincy/Wells","08/06/2014","W",8657,2014-08-06,8,"Aug",2014,6,"Wednesday","(41.878723, -87.63374)","orange"
"229056",40040,"Quincy/Wells","09/11/2007","W",7049,2007-09-11,9,"Sep",2007,11,"Tuesday","(41.878723, -87.63374)","orange"
"229246",40040,"Quincy/Wells","12/04/2002","W",7329,2002-12-04,12,"Dec",2002,4,"Wednesday","(41.878723, -87.63374)","orange"
"229379",40040,"Quincy/Wells","08/19/2013","W",8778,2013-08-19,8,"Aug",2013,19,"Monday","(41.878723, -87.63374)","orange"
"229419",40040,"Quincy/Wells","11/24/2007","A",1588,2007-11-24,11,"Nov",2007,24,"Saturday","(41.878723, -87.63374)","orange"
"229706",40040,"Quincy/Wells","02/20/2014","W",8512,2014-02-20,2,"Feb",2014,20,"Thursday","(41.878723, -87.63374)","orange"
"229773",40040,"Quincy/Wells","09/22/2007","A",1894,2007-09-22,9,"Sep",2007,22,"Saturday","(41.878723, -87.63374)","orange"
"229871",40040,"Quincy/Wells","12/14/2004","W",6132,2004-12-14,12,"Dec",2004,14,"Tuesday","(41.878723, -87.63374)","orange"
"229903",40040,"Quincy/Wells","12/13/2016","W",8074,2016-12-13,12,"Dec",2016,13,"Tuesday","(41.878723, -87.63374)","orange"
"229944",40040,"Quincy/Wells","05/01/2003","W",7174,2003-05-01,5,"May",2003,1,"Thursday","(41.878723, -87.63374)","orange"
"230118",40040,"Quincy/Wells","04/05/2016","W",8550,2016-04-05,4,"Apr",2016,5,"Tuesday","(41.878723, -87.63374)","orange"
"231018",40040,"Quincy/Wells","07/09/2017","U",1486,2017-07-09,7,"Jul",2017,9,"Sunday","(41.878723, -87.63374)","orange"
"231378",40040,"Quincy/Wells","05/25/2002","A",853,2002-05-25,5,"May",2002,25,"Saturday","(41.878723, -87.63374)","orange"
"231558",40040,"Quincy/Wells","12/13/2014","A",1532,2014-12-13,12,"Dec",2014,13,"Saturday","(41.878723, -87.63374)","orange"
"231636",40040,"Quincy/Wells","01/01/2014","U",1291,2014-01-01,1,"Jan",2014,1,"Wednesday","(41.878723, -87.63374)","orange"
"231794",40040,"Quincy/Wells","07/01/2010","W",7619,2010-07-01,7,"Jul",2010,1,"Thursday","(41.878723, -87.63374)","orange"
"231912",40040,"Quincy/Wells","01/29/2005","A",889,2005-01-29,1,"Jan",2005,29,"Saturday","(41.878723, -87.63374)","orange"
"232135",40040,"Quincy/Wells","07/03/2011","U",2084,2011-07-03,7,"Jul",2011,3,"Sunday","(41.878723, -87.63374)","orange"
"232184",40040,"Quincy/Wells","10/06/2001","A",2,2001-10-06,10,"Oct",2001,6,"Saturday","(41.878723, -87.63374)","orange"
"232219",40040,"Quincy/Wells","08/18/2004","W",6693,2004-08-18,8,"Aug",2004,18,"Wednesday","(41.878723, -87.63374)","orange"
"232242",40040,"Quincy/Wells","01/09/2017","W",8459,2017-01-09,1,"Jan",2017,9,"Monday","(41.878723, -87.63374)","orange"
"232366",40040,"Quincy/Wells","10/12/2011","W",8571,2011-10-12,10,"Oct",2011,12,"Wednesday","(41.878723, -87.63374)","orange"
"232437",40040,"Quincy/Wells","04/20/2007","W",6160,2007-04-20,4,"Apr",2007,20,"Friday","(41.878723, -87.63374)","orange"
"232601",40040,"Quincy/Wells","07/28/2001","A",1142,2001-07-28,7,"Jul",2001,28,"Saturday","(41.878723, -87.63374)","orange"
"232660",40040,"Quincy/Wells","08/19/2004","W",6447,2004-08-19,8,"Aug",2004,19,"Thursday","(41.878723, -87.63374)","orange"
"232847",40040,"Quincy/Wells","01/12/2012","W",8855,2012-01-12,1,"Jan",2012,12,"Thursday","(41.878723, -87.63374)","orange"
"232885",40040,"Quincy/Wells","01/30/2010","A",1316,2010-01-30,1,"Jan",2010,30,"Saturday","(41.878723, -87.63374)","orange"
"232889",40040,"Quincy/Wells","03/27/2008","W",7074,2008-03-27,3,"Mar",2008,27,"Thursday","(41.878723, -87.63374)","orange"
"233178",40040,"Quincy/Wells","05/06/2016","W",7222,2016-05-06,5,"May",2016,6,"Friday","(41.878723, -87.63374)","orange"
"233863",40040,"Quincy/Wells","01/22/2016","W",7794,2016-01-22,1,"Jan",2016,22,"Friday","(41.878723, -87.63374)","orange"
"233999",40040,"Quincy/Wells","06/28/2017","W",8830,2017-06-28,6,"Jun",2017,28,"Wednesday","(41.878723, -87.63374)","orange"
"234143",40040,"Quincy/Wells","11/19/2007","W",7064,2007-11-19,11,"Nov",2007,19,"Monday","(41.878723, -87.63374)","orange"
"234207",40040,"Quincy/Wells","05/18/2014","U",1570,2014-05-18,5,"May",2014,18,"Sunday","(41.878723, -87.63374)","orange"
"234320",40040,"Quincy/Wells","05/20/2002","W",7673,2002-05-20,5,"May",2002,20,"Monday","(41.878723, -87.63374)","orange"
"234360",40040,"Quincy/Wells","02/07/2012","W",8142,2012-02-07,2,"Feb",2012,7,"Tuesday","(41.878723, -87.63374)","orange"
"234583",40040,"Quincy/Wells","06/01/2001","W",7505,2001-06-01,6,"Jun",2001,1,"Friday","(41.878723, -87.63374)","orange"
"234759",40040,"Quincy/Wells","04/05/2010","W",7479,2010-04-05,4,"Apr",2010,5,"Monday","(41.878723, -87.63374)","orange"
"234822",40040,"Quincy/Wells","12/03/2005","A",1086,2005-12-03,12,"Dec",2005,3,"Saturday","(41.878723, -87.63374)","orange"
"234905",40040,"Quincy/Wells","02/22/2008","W",6589,2008-02-22,2,"Feb",2008,22,"Friday","(41.878723, -87.63374)","orange"
"234934",40040,"Quincy/Wells","08/25/2008","W",7473,2008-08-25,8,"Aug",2008,25,"Monday","(41.878723, -87.63374)","orange"
"234987",40040,"Quincy/Wells","01/26/2016","W",8431,2016-01-26,1,"Jan",2016,26,"Tuesday","(41.878723, -87.63374)","orange"
"235439",40040,"Quincy/Wells","08/12/2015","W",8401,2015-08-12,8,"Aug",2015,12,"Wednesday","(41.878723, -87.63374)","orange"
"235460",40040,"Quincy/Wells","05/23/2010","U",1368,2010-05-23,5,"May",2010,23,"Sunday","(41.878723, -87.63374)","orange"
"235497",40040,"Quincy/Wells","11/19/2005","A",1178,2005-11-19,11,"Nov",2005,19,"Saturday","(41.878723, -87.63374)","orange"
"235532",40040,"Quincy/Wells","12/03/2002","W",7679,2002-12-03,12,"Dec",2002,3,"Tuesday","(41.878723, -87.63374)","orange"
"235618",40040,"Quincy/Wells","01/31/2002","W",8101,2002-01-31,1,"Jan",2002,31,"Thursday","(41.878723, -87.63374)","orange"
"235786",40040,"Quincy/Wells","06/11/2006","U",997,2006-06-11,6,"Jun",2006,11,"Sunday","(41.878723, -87.63374)","orange"
"236338",40040,"Quincy/Wells","08/22/2010","U",1617,2010-08-22,8,"Aug",2010,22,"Sunday","(41.878723, -87.63374)","orange"
"236504",40040,"Quincy/Wells","02/10/2012","W",8055,2012-02-10,2,"Feb",2012,10,"Friday","(41.878723, -87.63374)","orange"
"236865",40040,"Quincy/Wells","10/01/2011","A",1874,2011-10-01,10,"Oct",2011,1,"Saturday","(41.878723, -87.63374)","orange"
"236891",40040,"Quincy/Wells","05/12/2002","U",597,2002-05-12,5,"May",2002,12,"Sunday","(41.878723, -87.63374)","orange"
"236940",40040,"Quincy/Wells","11/01/2005","W",6982,2005-11-01,11,"Nov",2005,1,"Tuesday","(41.878723, -87.63374)","orange"
"236960",40040,"Quincy/Wells","06/01/2009","W",7821,2009-06-01,6,"Jun",2009,1,"Monday","(41.878723, -87.63374)","orange"
"236992",40040,"Quincy/Wells","04/28/2016","W",8264,2016-04-28,4,"Apr",2016,28,"Thursday","(41.878723, -87.63374)","orange"
"237081",40040,"Quincy/Wells","01/23/2006","W",6970,2006-01-23,1,"Jan",2006,23,"Monday","(41.878723, -87.63374)","orange"
"237292",40040,"Quincy/Wells","11/15/2001","W",7655,2001-11-15,11,"Nov",2001,15,"Thursday","(41.878723, -87.63374)","orange"
"237631",40040,"Quincy/Wells","01/20/2002","U",605,2002-01-20,1,"Jan",2002,20,"Sunday","(41.878723, -87.63374)","orange"
"237644",40040,"Quincy/Wells","01/12/2007","W",7028,2007-01-12,1,"Jan",2007,12,"Friday","(41.878723, -87.63374)","orange"
"237691",40040,"Quincy/Wells","07/15/2001","U",834,2001-07-15,7,"Jul",2001,15,"Sunday","(41.878723, -87.63374)","orange"
"238369",40040,"Quincy/Wells","06/25/2001","W",8443,2001-06-25,6,"Jun",2001,25,"Monday","(41.878723, -87.63374)","orange"
"238474",40040,"Quincy/Wells","03/20/2012","W",7965,2012-03-20,3,"Mar",2012,20,"Tuesday","(41.878723, -87.63374)","orange"
"238481",40040,"Quincy/Wells","07/15/2013","W",8786,2013-07-15,7,"Jul",2013,15,"Monday","(41.878723, -87.63374)","orange"
"238488",40040,"Quincy/Wells","05/03/2007","W",6601,2007-05-03,5,"May",2007,3,"Thursday","(41.878723, -87.63374)","orange"
"238511",40040,"Quincy/Wells","08/20/2017","U",1534,2017-08-20,8,"Aug",2017,20,"Sunday","(41.878723, -87.63374)","orange"
"238805",40040,"Quincy/Wells","05/15/2012","W",7853,2012-05-15,5,"May",2012,15,"Tuesday","(41.878723, -87.63374)","orange"
"238832",40040,"Quincy/Wells","04/09/2006","U",1059,2006-04-09,4,"Apr",2006,9,"Sunday","(41.878723, -87.63374)","orange"
"239015",40040,"Quincy/Wells","10/12/2003","U",1562,2003-10-12,10,"Oct",2003,12,"Sunday","(41.878723, -87.63374)","orange"
"239025",40040,"Quincy/Wells","11/23/2006","U",720,2006-11-23,11,"Nov",2006,23,"Thursday","(41.878723, -87.63374)","orange"
"239217",40040,"Quincy/Wells","10/03/2003","W",7080,2003-10-03,10,"Oct",2003,3,"Friday","(41.878723, -87.63374)","orange"
"239323",40040,"Quincy/Wells","02/27/2002","W",7831,2002-02-27,2,"Feb",2002,27,"Wednesday","(41.878723, -87.63374)","orange"
"239580",40040,"Quincy/Wells","01/25/2003","A",838,2003-01-25,1,"Jan",2003,25,"Saturday","(41.878723, -87.63374)","orange"
"239704",40040,"Quincy/Wells","10/06/2017","W",7717,2017-10-06,10,"Oct",2017,6,"Friday","(41.878723, -87.63374)","orange"
"239724",40040,"Quincy/Wells","02/26/2003","W",7087,2003-02-26,2,"Feb",2003,26,"Wednesday","(41.878723, -87.63374)","orange"
"239760",40040,"Quincy/Wells","09/13/2012","W",8513,2012-09-13,9,"Sep",2012,13,"Thursday","(41.878723, -87.63374)","orange"
"239890",40040,"Quincy/Wells","06/04/2012","W",8032,2012-06-04,6,"Jun",2012,4,"Monday","(41.878723, -87.63374)","orange"
"239952",40040,"Quincy/Wells","05/13/2015","W",8358,2015-05-13,5,"May",2015,13,"Wednesday","(41.878723, -87.63374)","orange"
"239956",40040,"Quincy/Wells","04/10/2009","W",5524,2009-04-10,4,"Apr",2009,10,"Friday","(41.878723, -87.63374)","orange"
"240126",40040,"Quincy/Wells","09/13/2002","W",7093,2002-09-13,9,"Sep",2002,13,"Friday","(41.878723, -87.63374)","orange"
"240136",40040,"Quincy/Wells","08/01/2003","W",6636,2003-08-01,8,"Aug",2003,1,"Friday","(41.878723, -87.63374)","orange"
"240147",40040,"Quincy/Wells","08/29/2009","A",2264,2009-08-29,8,"Aug",2009,29,"Saturday","(41.878723, -87.63374)","orange"
"240224",40040,"Quincy/Wells","12/28/2015","W",6007,2015-12-28,12,"Dec",2015,28,"Monday","(41.878723, -87.63374)","orange"
"240302",40040,"Quincy/Wells","06/11/2013","W",8784,2013-06-11,6,"Jun",2013,11,"Tuesday","(41.878723, -87.63374)","orange"
"240514",40040,"Quincy/Wells","06/03/2004","W",6540,2004-06-03,6,"Jun",2004,3,"Thursday","(41.878723, -87.63374)","orange"
"240516",40040,"Quincy/Wells","11/26/2009","U",879,2009-11-26,11,"Nov",2009,26,"Thursday","(41.878723, -87.63374)","orange"
"240559",40040,"Quincy/Wells","08/01/2001","W",8129,2001-08-01,8,"Aug",2001,1,"Wednesday","(41.878723, -87.63374)","orange"
"240590",40040,"Quincy/Wells","08/17/2015","W",8296,2015-08-17,8,"Aug",2015,17,"Monday","(41.878723, -87.63374)","orange"
"240660",40040,"Quincy/Wells","01/06/2012","W",7973,2012-01-06,1,"Jan",2012,6,"Friday","(41.878723, -87.63374)","orange"
"240770",40040,"Quincy/Wells","11/09/2007","W",7193,2007-11-09,11,"Nov",2007,9,"Friday","(41.878723, -87.63374)","orange"
"240896",40040,"Quincy/Wells","05/21/2003","W",7008,2003-05-21,5,"May",2003,21,"Wednesday","(41.878723, -87.63374)","orange"
"240932",40040,"Quincy/Wells","04/26/2013","W",7118,2013-04-26,4,"Apr",2013,26,"Friday","(41.878723, -87.63374)","orange"
"241016",40040,"Quincy/Wells","12/07/2015","W",8011,2015-12-07,12,"Dec",2015,7,"Monday","(41.878723, -87.63374)","orange"
"241307",40040,"Quincy/Wells","12/29/2005","W",5352,2005-12-29,12,"Dec",2005,29,"Thursday","(41.878723, -87.63374)","orange"
"241345",40040,"Quincy/Wells","11/09/2003","U",884,2003-11-09,11,"Nov",2003,9,"Sunday","(41.878723, -87.63374)","orange"
"241541",40040,"Quincy/Wells","03/11/2004","W",6604,2004-03-11,3,"Mar",2004,11,"Thursday","(41.878723, -87.63374)","orange"
"241695",40040,"Quincy/Wells","06/10/2001","U",769,2001-06-10,6,"Jun",2001,10,"Sunday","(41.878723, -87.63374)","orange"
"241789",40040,"Quincy/Wells","04/27/2005","W",6578,2005-04-27,4,"Apr",2005,27,"Wednesday","(41.878723, -87.63374)","orange"
"241877",40040,"Quincy/Wells","08/21/2010","A",1891,2010-08-21,8,"Aug",2010,21,"Saturday","(41.878723, -87.63374)","orange"
"242415",40040,"Quincy/Wells","05/08/2010","A",1459,2010-05-08,5,"May",2010,8,"Saturday","(41.878723, -87.63374)","orange"
"242526",40040,"Quincy/Wells","08/04/2003","W",7035,2003-08-04,8,"Aug",2003,4,"Monday","(41.878723, -87.63374)","orange"
"242805",40040,"Quincy/Wells","02/06/2011","U",1026,2011-02-06,2,"Feb",2011,6,"Sunday","(41.878723, -87.63374)","orange"
"242830",40040,"Quincy/Wells","02/16/2005","W",6621,2005-02-16,2,"Feb",2005,16,"Wednesday","(41.878723, -87.63374)","orange"
"242927",40040,"Quincy/Wells","03/18/2014","W",8735,2014-03-18,3,"Mar",2014,18,"Tuesday","(41.878723, -87.63374)","orange"
"243156",40040,"Quincy/Wells","08/19/2017","A",1961,2017-08-19,8,"Aug",2017,19,"Saturday","(41.878723, -87.63374)","orange"
"243390",40040,"Quincy/Wells","12/18/2015","W",7121,2015-12-18,12,"Dec",2015,18,"Friday","(41.878723, -87.63374)","orange"
"243488",40040,"Quincy/Wells","02/15/2003","A",954,2003-02-15,2,"Feb",2003,15,"Saturday","(41.878723, -87.63374)","orange"
"243608",40040,"Quincy/Wells","05/12/2015","W",8221,2015-05-12,5,"May",2015,12,"Tuesday","(41.878723, -87.63374)","orange"
"243617",40040,"Quincy/Wells","12/15/2013","U",1316,2013-12-15,12,"Dec",2013,15,"Sunday","(41.878723, -87.63374)","orange"
"243714",40040,"Quincy/Wells","06/13/2015","A",2277,2015-06-13,6,"Jun",2015,13,"Saturday","(41.878723, -87.63374)","orange"
"243760",40040,"Quincy/Wells","01/19/2009","W",4471,2009-01-19,1,"Jan",2009,19,"Monday","(41.878723, -87.63374)","orange"
"243995",40040,"Quincy/Wells","05/04/2002","A",1106,2002-05-04,5,"May",2002,4,"Saturday","(41.878723, -87.63374)","orange"
"244043",40040,"Quincy/Wells","07/07/2009","W",8260,2009-07-07,7,"Jul",2009,7,"Tuesday","(41.878723, -87.63374)","orange"
"244128",40040,"Quincy/Wells","02/25/2010","W",7138,2010-02-25,2,"Feb",2010,25,"Thursday","(41.878723, -87.63374)","orange"
"244244",40040,"Quincy/Wells","08/04/2008","W",7713,2008-08-04,8,"Aug",2008,4,"Monday","(41.878723, -87.63374)","orange"
"244376",40040,"Quincy/Wells","06/24/2014","W",8956,2014-06-24,6,"Jun",2014,24,"Tuesday","(41.878723, -87.63374)","orange"
"244513",40040,"Quincy/Wells","07/22/2009","W",7576,2009-07-22,7,"Jul",2009,22,"Wednesday","(41.878723, -87.63374)","orange"
"244558",40040,"Quincy/Wells","09/06/2010","U",1786,2010-09-06,9,"Sep",2010,6,"Monday","(41.878723, -87.63374)","orange"
"244725",40040,"Quincy/Wells","09/05/2015","A",1968,2015-09-05,9,"Sep",2015,5,"Saturday","(41.878723, -87.63374)","orange"
"244784",40040,"Quincy/Wells","08/13/2009","W",7885,2009-08-13,8,"Aug",2009,13,"Thursday","(41.878723, -87.63374)","orange"
"244926",40040,"Quincy/Wells","03/28/2006","W",6853,2006-03-28,3,"Mar",2006,28,"Tuesday","(41.878723, -87.63374)","orange"
"244999",40040,"Quincy/Wells","11/06/2009","W",6950,2009-11-06,11,"Nov",2009,6,"Friday","(41.878723, -87.63374)","orange"
"245087",40040,"Quincy/Wells","12/02/2002","W",7558,2002-12-02,12,"Dec",2002,2,"Monday","(41.878723, -87.63374)","orange"
"245235",40040,"Quincy/Wells","04/11/2015","A",1416,2015-04-11,4,"Apr",2015,11,"Saturday","(41.878723, -87.63374)","orange"
"245399",40040,"Quincy/Wells","05/03/2014","A",1960,2014-05-03,5,"May",2014,3,"Saturday","(41.878723, -87.63374)","orange"
"245509",40040,"Quincy/Wells","03/06/2002","W",7700,2002-03-06,3,"Mar",2002,6,"Wednesday","(41.878723, -87.63374)","orange"
"245597",40040,"Quincy/Wells","03/24/2014","W",8698,2014-03-24,3,"Mar",2014,24,"Monday","(41.878723, -87.63374)","orange"
"245968",40040,"Quincy/Wells","01/16/2006","W",3782,2006-01-16,1,"Jan",2006,16,"Monday","(41.878723, -87.63374)","orange"
"245989",40040,"Quincy/Wells","01/04/2015","U",1009,2015-01-04,1,"Jan",2015,4,"Sunday","(41.878723, -87.63374)","orange"
"246123",40040,"Quincy/Wells","01/15/2005","A",907,2005-01-15,1,"Jan",2005,15,"Saturday","(41.878723, -87.63374)","orange"
"246326",40040,"Quincy/Wells","11/26/2005","A",1207,2005-11-26,11,"Nov",2005,26,"Saturday","(41.878723, -87.63374)","orange"
"246432",40040,"Quincy/Wells","09/20/2010","W",7439,2010-09-20,9,"Sep",2010,20,"Monday","(41.878723, -87.63374)","orange"
"246564",40040,"Quincy/Wells","03/01/2003","A",964,2003-03-01,3,"Mar",2003,1,"Saturday","(41.878723, -87.63374)","orange"
"246657",40040,"Quincy/Wells","07/15/2011","W",8071,2011-07-15,7,"Jul",2011,15,"Friday","(41.878723, -87.63374)","orange"
"246751",40040,"Quincy/Wells","08/22/2009","A",2030,2009-08-22,8,"Aug",2009,22,"Saturday","(41.878723, -87.63374)","orange"
"246812",40040,"Quincy/Wells","07/26/2011","W",8421,2011-07-26,7,"Jul",2011,26,"Tuesday","(41.878723, -87.63374)","orange"
"247306",40040,"Quincy/Wells","03/31/2007","A",1388,2007-03-31,3,"Mar",2007,31,"Saturday","(41.878723, -87.63374)","orange"
"247323",40040,"Quincy/Wells","05/23/2011","W",8090,2011-05-23,5,"May",2011,23,"Monday","(41.878723, -87.63374)","orange"
"247430",40040,"Quincy/Wells","12/13/2006","W",6865,2006-12-13,12,"Dec",2006,13,"Wednesday","(41.878723, -87.63374)","orange"
"247539",40040,"Quincy/Wells","08/02/2008","A",2421,2008-08-02,8,"Aug",2008,2,"Saturday","(41.878723, -87.63374)","orange"
"247621",40040,"Quincy/Wells","07/16/2003","W",7100,2003-07-16,7,"Jul",2003,16,"Wednesday","(41.878723, -87.63374)","orange"
"247718",40040,"Quincy/Wells","04/18/2007","W",6489,2007-04-18,4,"Apr",2007,18,"Wednesday","(41.878723, -87.63374)","orange"
"247724",40040,"Quincy/Wells","04/27/2015","W",8257,2015-04-27,4,"Apr",2015,27,"Monday","(41.878723, -87.63374)","orange"
"247729",40040,"Quincy/Wells","01/02/2012","U",1818,2012-01-02,1,"Jan",2012,2,"Monday","(41.878723, -87.63374)","orange"
"247819",40040,"Quincy/Wells","02/17/2007","A",1316,2007-02-17,2,"Feb",2007,17,"Saturday","(41.878723, -87.63374)","orange"
"247898",40040,"Quincy/Wells","07/14/2015","W",8403,2015-07-14,7,"Jul",2015,14,"Tuesday","(41.878723, -87.63374)","orange"
"247927",40040,"Quincy/Wells","09/13/2015","U",1190,2015-09-13,9,"Sep",2015,13,"Sunday","(41.878723, -87.63374)","orange"
"248087",40040,"Quincy/Wells","09/11/2016","U",1380,2016-09-11,9,"Sep",2016,11,"Sunday","(41.878723, -87.63374)","orange"
"248103",40040,"Quincy/Wells","09/25/2011","U",1777,2011-09-25,9,"Sep",2011,25,"Sunday","(41.878723, -87.63374)","orange"
"248108",40040,"Quincy/Wells","10/18/2015","U",1709,2015-10-18,10,"Oct",2015,18,"Sunday","(41.878723, -87.63374)","orange"
"248187",40040,"Quincy/Wells","07/02/2002","W",7780,2002-07-02,7,"Jul",2002,2,"Tuesday","(41.878723, -87.63374)","orange"
"248436",40040,"Quincy/Wells","11/10/2012","A",1700,2012-11-10,11,"Nov",2012,10,"Saturday","(41.878723, -87.63374)","orange"
"248500",40040,"Quincy/Wells","06/19/2016","U",1858,2016-06-19,6,"Jun",2016,19,"Sunday","(41.878723, -87.63374)","orange"
"248606",40040,"Quincy/Wells","12/02/2004","W",6409,2004-12-02,12,"Dec",2004,2,"Thursday","(41.878723, -87.63374)","orange"
"248613",40040,"Quincy/Wells","07/23/2006","U",1305,2006-07-23,7,"Jul",2006,23,"Sunday","(41.878723, -87.63374)","orange"
"248619",40040,"Quincy/Wells","09/23/2017","A",1696,2017-09-23,9,"Sep",2017,23,"Saturday","(41.878723, -87.63374)","orange"
"248858",40040,"Quincy/Wells","08/29/2001","W",8179,2001-08-29,8,"Aug",2001,29,"Wednesday","(41.878723, -87.63374)","orange"
"248949",40040,"Quincy/Wells","03/19/2017","U",1375,2017-03-19,3,"Mar",2017,19,"Sunday","(41.878723, -87.63374)","orange"
"248994",40040,"Quincy/Wells","09/15/2010","W",7423,2010-09-15,9,"Sep",2010,15,"Wednesday","(41.878723, -87.63374)","orange"
"249107",40040,"Quincy/Wells","01/01/2007","U",797,2007-01-01,1,"Jan",2007,1,"Monday","(41.878723, -87.63374)","orange"
"249598",40040,"Quincy/Wells","10/13/2013","U",3613,2013-10-13,10,"Oct",2013,13,"Sunday","(41.878723, -87.63374)","orange"
"249661",40040,"Quincy/Wells","02/13/2012","W",8015,2012-02-13,2,"Feb",2012,13,"Monday","(41.878723, -87.63374)","orange"
"249670",40040,"Quincy/Wells","09/01/2013","U",2204,2013-09-01,9,"Sep",2013,1,"Sunday","(41.878723, -87.63374)","orange"
"249680",40040,"Quincy/Wells","11/09/2014","U",1738,2014-11-09,11,"Nov",2014,9,"Sunday","(41.878723, -87.63374)","orange"
"249913",40040,"Quincy/Wells","05/15/2002","W",7624,2002-05-15,5,"May",2002,15,"Wednesday","(41.878723, -87.63374)","orange"
"249948",40040,"Quincy/Wells","09/03/2005","A",1356,2005-09-03,9,"Sep",2005,3,"Saturday","(41.878723, -87.63374)","orange"
"250089",40040,"Quincy/Wells","07/01/2004","W",6696,2004-07-01,7,"Jul",2004,1,"Thursday","(41.878723, -87.63374)","orange"
"250120",40040,"Quincy/Wells","11/18/2003","W",7009,2003-11-18,11,"Nov",2003,18,"Tuesday","(41.878723, -87.63374)","orange"
"250428",40040,"Quincy/Wells","05/02/2006","W",7068,2006-05-02,5,"May",2006,2,"Tuesday","(41.878723, -87.63374)","orange"
"250987",40040,"Quincy/Wells","04/22/2009","W",7410,2009-04-22,4,"Apr",2009,22,"Wednesday","(41.878723, -87.63374)","orange"
"251295",40040,"Quincy/Wells","04/18/2010","U",1412,2010-04-18,4,"Apr",2010,18,"Sunday","(41.878723, -87.63374)","orange"
"251296",40040,"Quincy/Wells","09/09/2016","W",7866,2016-09-09,9,"Sep",2016,9,"Friday","(41.878723, -87.63374)","orange"
"251528",40040,"Quincy/Wells","01/31/2006","W",6904,2006-01-31,1,"Jan",2006,31,"Tuesday","(41.878723, -87.63374)","orange"
"251690",40040,"Quincy/Wells","06/11/2004","W",5529,2004-06-11,6,"Jun",2004,11,"Friday","(41.878723, -87.63374)","orange"
"251766",40040,"Quincy/Wells","07/27/2011","W",8210,2011-07-27,7,"Jul",2011,27,"Wednesday","(41.878723, -87.63374)","orange"
"251864",40040,"Quincy/Wells","03/24/2006","W",6460,2006-03-24,3,"Mar",2006,24,"Friday","(41.878723, -87.63374)","orange"
"252037",40040,"Quincy/Wells","10/29/2003","W",7207,2003-10-29,10,"Oct",2003,29,"Wednesday","(41.878723, -87.63374)","orange"
"252267",40040,"Quincy/Wells","04/23/2003","W",7208,2003-04-23,4,"Apr",2003,23,"Wednesday","(41.878723, -87.63374)","orange"
"252388",40040,"Quincy/Wells","10/07/2004","W",6527,2004-10-07,10,"Oct",2004,7,"Thursday","(41.878723, -87.63374)","orange"
"252480",40040,"Quincy/Wells","04/28/2009","W",7421,2009-04-28,4,"Apr",2009,28,"Tuesday","(41.878723, -87.63374)","orange"
"252690",40040,"Quincy/Wells","12/24/2011","A",830,2011-12-24,12,"Dec",2011,24,"Saturday","(41.878723, -87.63374)","orange"
"252962",40040,"Quincy/Wells","02/21/2005","W",3764,2005-02-21,2,"Feb",2005,21,"Monday","(41.878723, -87.63374)","orange"
"253192",40040,"Quincy/Wells","06/04/2017","U",1186,2017-06-04,6,"Jun",2017,4,"Sunday","(41.878723, -87.63374)","orange"
"253624",40040,"Quincy/Wells","10/01/2015","W",8315,2015-10-01,10,"Oct",2015,1,"Thursday","(41.878723, -87.63374)","orange"
"253653",40040,"Quincy/Wells","02/10/2002","U",575,2002-02-10,2,"Feb",2002,10,"Sunday","(41.878723, -87.63374)","orange"
"253939",40040,"Quincy/Wells","02/24/2008","U",1292,2008-02-24,2,"Feb",2008,24,"Sunday","(41.878723, -87.63374)","orange"
"254084",40040,"Quincy/Wells","07/30/2008","W",7548,2008-07-30,7,"Jul",2008,30,"Wednesday","(41.878723, -87.63374)","orange"
"254169",40040,"Quincy/Wells","09/08/2008","W",7983,2008-09-08,9,"Sep",2008,8,"Monday","(41.878723, -87.63374)","orange"
"254348",40040,"Quincy/Wells","10/13/2016","W",8402,2016-10-13,10,"Oct",2016,13,"Thursday","(41.878723, -87.63374)","orange"
"254364",40040,"Quincy/Wells","11/16/2017","W",8324,2017-11-16,11,"Nov",2017,16,"Thursday","(41.878723, -87.63374)","orange"
"254655",40040,"Quincy/Wells","09/10/2010","W",7140,2010-09-10,9,"Sep",2010,10,"Friday","(41.878723, -87.63374)","orange"
"254706",40040,"Quincy/Wells","07/24/2004","A",1218,2004-07-24,7,"Jul",2004,24,"Saturday","(41.878723, -87.63374)","orange"
"254804",40040,"Quincy/Wells","09/09/2011","W",8059,2011-09-09,9,"Sep",2011,9,"Friday","(41.878723, -87.63374)","orange"
"254830",40040,"Quincy/Wells","01/11/2016","W",8559,2016-01-11,1,"Jan",2016,11,"Monday","(41.878723, -87.63374)","orange"
"254856",40040,"Quincy/Wells","06/08/2012","W",7789,2012-06-08,6,"Jun",2012,8,"Friday","(41.878723, -87.63374)","orange"
"255036",40040,"Quincy/Wells","05/11/2004","W",6801,2004-05-11,5,"May",2004,11,"Tuesday","(41.878723, -87.63374)","orange"
"255145",40040,"Quincy/Wells","02/05/2015","W",8398,2015-02-05,2,"Feb",2015,5,"Thursday","(41.878723, -87.63374)","orange"
"255371",40040,"Quincy/Wells","11/23/2016","W",5272,2016-11-23,11,"Nov",2016,23,"Wednesday","(41.878723, -87.63374)","orange"
"255564",40040,"Quincy/Wells","12/05/2013","W",8694,2013-12-05,12,"Dec",2013,5,"Thursday","(41.878723, -87.63374)","orange"
"255596",40040,"Quincy/Wells","11/22/2003","A",911,2003-11-22,11,"Nov",2003,22,"Saturday","(41.878723, -87.63374)","orange"
"255798",40040,"Quincy/Wells","08/31/2014","U",2164,2014-08-31,8,"Aug",2014,31,"Sunday","(41.878723, -87.63374)","orange"
"255967",40040,"Quincy/Wells","01/27/2012","W",7732,2012-01-27,1,"Jan",2012,27,"Friday","(41.878723, -87.63374)","orange"
"256490",40040,"Quincy/Wells","05/23/2005","W",6907,2005-05-23,5,"May",2005,23,"Monday","(41.878723, -87.63374)","orange"
"256562",40040,"Quincy/Wells","05/26/2016","W",7757,2016-05-26,5,"May",2016,26,"Thursday","(41.878723, -87.63374)","orange"
"256867",40040,"Quincy/Wells","08/06/2012","W",8712,2012-08-06,8,"Aug",2012,6,"Monday","(41.878723, -87.63374)","orange"
"256919",40040,"Quincy/Wells","09/28/2012","W",8074,2012-09-28,9,"Sep",2012,28,"Friday","(41.878723, -87.63374)","orange"
"257081",40040,"Quincy/Wells","07/03/2002","W",7885,2002-07-03,7,"Jul",2002,3,"Wednesday","(41.878723, -87.63374)","orange"
"257296",40040,"Quincy/Wells","01/27/2009","W",7537,2009-01-27,1,"Jan",2009,27,"Tuesday","(41.878723, -87.63374)","orange"
"257328",40040,"Quincy/Wells","04/01/2005","W",6137,2005-04-01,4,"Apr",2005,1,"Friday","(41.878723, -87.63374)","orange"
"257355",40040,"Quincy/Wells","11/24/2014","W",8637,2014-11-24,11,"Nov",2014,24,"Monday","(41.878723, -87.63374)","orange"
"257387",40040,"Quincy/Wells","01/21/2004","W",6866,2004-01-21,1,"Jan",2004,21,"Wednesday","(41.878723, -87.63374)","orange"
"257392",40040,"Quincy/Wells","03/05/2002","W",7814,2002-03-05,3,"Mar",2002,5,"Tuesday","(41.878723, -87.63374)","orange"
"257494",40040,"Quincy/Wells","05/29/2013","W",8366,2013-05-29,5,"May",2013,29,"Wednesday","(41.878723, -87.63374)","orange"
"257500",40040,"Quincy/Wells","04/12/2016","W",8406,2016-04-12,4,"Apr",2016,12,"Tuesday","(41.878723, -87.63374)","orange"
"257593",40040,"Quincy/Wells","05/29/2004","A",1012,2004-05-29,5,"May",2004,29,"Saturday","(41.878723, -87.63374)","orange"
"257708",40040,"Quincy/Wells","12/08/2003","W",6652,2003-12-08,12,"Dec",2003,8,"Monday","(41.878723, -87.63374)","orange"
"257780",40040,"Quincy/Wells","01/24/2008","W",6897,2008-01-24,1,"Jan",2008,24,"Thursday","(41.878723, -87.63374)","orange"
"257880",40040,"Quincy/Wells","06/10/2016","W",7711,2016-06-10,6,"Jun",2016,10,"Friday","(41.878723, -87.63374)","orange"
"258312",40040,"Quincy/Wells","05/22/2002","W",7922,2002-05-22,5,"May",2002,22,"Wednesday","(41.878723, -87.63374)","orange"
"258351",40040,"Quincy/Wells","02/23/2001","W",7555,2001-02-23,2,"Feb",2001,23,"Friday","(41.878723, -87.63374)","orange"
"258368",40040,"Quincy/Wells","04/18/2003","W",4800,2003-04-18,4,"Apr",2003,18,"Friday","(41.878723, -87.63374)","orange"
"258417",40040,"Quincy/Wells","02/28/2014","W",8081,2014-02-28,2,"Feb",2014,28,"Friday","(41.878723, -87.63374)","orange"
"258611",40040,"Quincy/Wells","10/03/2001","W",8034,2001-10-03,10,"Oct",2001,3,"Wednesday","(41.878723, -87.63374)","orange"
"258616",40040,"Quincy/Wells","11/03/2014","W",8789,2014-11-03,11,"Nov",2014,3,"Monday","(41.878723, -87.63374)","orange"
"258642",40040,"Quincy/Wells","12/12/2015","A",1357,2015-12-12,12,"Dec",2015,12,"Saturday","(41.878723, -87.63374)","orange"
"258971",40040,"Quincy/Wells","08/21/2009","W",6854,2009-08-21,8,"Aug",2009,21,"Friday","(41.878723, -87.63374)","orange"
"259022",40040,"Quincy/Wells","09/30/2014","W",8438,2014-09-30,9,"Sep",2014,30,"Tuesday","(41.878723, -87.63374)","orange"
"259030",40040,"Quincy/Wells","05/24/2002","W",6596,2002-05-24,5,"May",2002,24,"Friday","(41.878723, -87.63374)","orange"
"259323",40040,"Quincy/Wells","06/23/2015","W",8490,2015-06-23,6,"Jun",2015,23,"Tuesday","(41.878723, -87.63374)","orange"
"259456",40040,"Quincy/Wells","03/10/2003","W",7368,2003-03-10,3,"Mar",2003,10,"Monday","(41.878723, -87.63374)","orange"
"259706",40040,"Quincy/Wells","06/25/2014","W",8690,2014-06-25,6,"Jun",2014,25,"Wednesday","(41.878723, -87.63374)","orange"
"259750",40040,"Quincy/Wells","09/28/2004","W",6907,2004-09-28,9,"Sep",2004,28,"Tuesday","(41.878723, -87.63374)","orange"
"259858",40040,"Quincy/Wells","06/27/2011","W",8140,2011-06-27,6,"Jun",2011,27,"Monday","(41.878723, -87.63374)","orange"
"259996",40040,"Quincy/Wells","12/07/2001","W",6914,2001-12-07,12,"Dec",2001,7,"Friday","(41.878723, -87.63374)","orange"
"260029",40040,"Quincy/Wells","02/06/2006","W",6817,2006-02-06,2,"Feb",2006,6,"Monday","(41.878723, -87.63374)","orange"
"260087",40040,"Quincy/Wells","10/08/2015","W",8296,2015-10-08,10,"Oct",2015,8,"Thursday","(41.878723, -87.63374)","orange"
"260147",40040,"Quincy/Wells","12/31/2003","W",4438,2003-12-31,12,"Dec",2003,31,"Wednesday","(41.878723, -87.63374)","orange"
"260171",40040,"Quincy/Wells","12/21/2009","W",6078,2009-12-21,12,"Dec",2009,21,"Monday","(41.878723, -87.63374)","orange"
"260219",40040,"Quincy/Wells","03/30/2001","W",7500,2001-03-30,3,"Mar",2001,30,"Friday","(41.878723, -87.63374)","orange"
"260709",40040,"Quincy/Wells","10/04/2012","W",8762,2012-10-04,10,"Oct",2012,4,"Thursday","(41.878723, -87.63374)","orange"
"260710",40040,"Quincy/Wells","10/12/2005","W",7047,2005-10-12,10,"Oct",2005,12,"Wednesday","(41.878723, -87.63374)","orange"
"260720",40040,"Quincy/Wells","05/17/2004","W",6602,2004-05-17,5,"May",2004,17,"Monday","(41.878723, -87.63374)","orange"
"260777",40040,"Quincy/Wells","06/11/2014","W",8571,2014-06-11,6,"Jun",2014,11,"Wednesday","(41.878723, -87.63374)","orange"
"260779",40040,"Quincy/Wells","12/24/2015","W",2206,2015-12-24,12,"Dec",2015,24,"Thursday","(41.878723, -87.63374)","orange"
"260852",40040,"Quincy/Wells","06/13/2004","U",790,2004-06-13,6,"Jun",2004,13,"Sunday","(41.878723, -87.63374)","orange"
"260884",40040,"Quincy/Wells","03/29/2004","W",6724,2004-03-29,3,"Mar",2004,29,"Monday","(41.878723, -87.63374)","orange"
"261041",40040,"Quincy/Wells","06/29/2006","W",7494,2006-06-29,6,"Jun",2006,29,"Thursday","(41.878723, -87.63374)","orange"
"261278",40040,"Quincy/Wells","07/05/2003","A",1456,2003-07-05,7,"Jul",2003,5,"Saturday","(41.878723, -87.63374)","orange"
"261443",40040,"Quincy/Wells","10/24/2006","W",7150,2006-10-24,10,"Oct",2006,24,"Tuesday","(41.878723, -87.63374)","orange"
"262084",40040,"Quincy/Wells","05/08/2014","W",8251,2014-05-08,5,"May",2014,8,"Thursday","(41.878723, -87.63374)","orange"
"262339",40040,"Quincy/Wells","01/05/2006","W",6890,2006-01-05,1,"Jan",2006,5,"Thursday","(41.878723, -87.63374)","orange"
"262414",40040,"Quincy/Wells","11/23/2007","W",2965,2007-11-23,11,"Nov",2007,23,"Friday","(41.878723, -87.63374)","orange"
"262452",40040,"Quincy/Wells","08/18/2016","W",8172,2016-08-18,8,"Aug",2016,18,"Thursday","(41.878723, -87.63374)","orange"
"262528",40040,"Quincy/Wells","05/05/2013","U",515,2013-05-05,5,"May",2013,5,"Sunday","(41.878723, -87.63374)","orange"
"262903",40040,"Quincy/Wells","01/04/2005","W",6582,2005-01-04,1,"Jan",2005,4,"Tuesday","(41.878723, -87.63374)","orange"
"263043",40040,"Quincy/Wells","02/21/2009","A",1492,2009-02-21,2,"Feb",2009,21,"Saturday","(41.878723, -87.63374)","orange"
"263133",40040,"Quincy/Wells","06/06/2010","U",1279,2010-06-06,6,"Jun",2010,6,"Sunday","(41.878723, -87.63374)","orange"
"263153",40040,"Quincy/Wells","06/04/2001","W",8476,2001-06-04,6,"Jun",2001,4,"Monday","(41.878723, -87.63374)","orange"
"263363",40040,"Quincy/Wells","06/26/2001","W",8474,2001-06-26,6,"Jun",2001,26,"Tuesday","(41.878723, -87.63374)","orange"
"263647",40040,"Quincy/Wells","02/18/2011","W",7122,2011-02-18,2,"Feb",2011,18,"Friday","(41.878723, -87.63374)","orange"
"264269",40040,"Quincy/Wells","12/15/2006","W",6379,2006-12-15,12,"Dec",2006,15,"Friday","(41.878723, -87.63374)","orange"
"264766",40040,"Quincy/Wells","08/29/2016","W",8589,2016-08-29,8,"Aug",2016,29,"Monday","(41.878723, -87.63374)","orange"
"264781",40040,"Quincy/Wells","01/06/2014","W",3575,2014-01-06,1,"Jan",2014,6,"Monday","(41.878723, -87.63374)","orange"
"264848",40040,"Quincy/Wells","09/23/2005","W",6838,2005-09-23,9,"Sep",2005,23,"Friday","(41.878723, -87.63374)","orange"
"264950",40040,"Quincy/Wells","07/23/2002","W",7746,2002-07-23,7,"Jul",2002,23,"Tuesday","(41.878723, -87.63374)","orange"
"265027",40040,"Quincy/Wells","04/26/2014","A",1930,2014-04-26,4,"Apr",2014,26,"Saturday","(41.878723, -87.63374)","orange"
"265028",40040,"Quincy/Wells","03/14/2011","W",8065,2011-03-14,3,"Mar",2011,14,"Monday","(41.878723, -87.63374)","orange"
"265178",40040,"Quincy/Wells","07/03/2017","W",4374,2017-07-03,7,"Jul",2017,3,"Monday","(41.878723, -87.63374)","orange"
"265336",40040,"Quincy/Wells","10/23/2011","U",1812,2011-10-23,10,"Oct",2011,23,"Sunday","(41.878723, -87.63374)","orange"
"265345",40040,"Quincy/Wells","06/27/2006","W",7798,2006-06-27,6,"Jun",2006,27,"Tuesday","(41.878723, -87.63374)","orange"
"265491",40040,"Quincy/Wells","05/23/2007","W",6846,2007-05-23,5,"May",2007,23,"Wednesday","(41.878723, -87.63374)","orange"
"265569",40040,"Quincy/Wells","07/01/2012","U",0,2012-07-01,7,"Jul",2012,1,"Sunday","(41.878723, -87.63374)","orange"
"265597",40040,"Quincy/Wells","06/16/2006","W",6757,2006-06-16,6,"Jun",2006,16,"Friday","(41.878723, -87.63374)","orange"
"265639",40040,"Quincy/Wells","05/03/2012","W",7718,2012-05-03,5,"May",2012,3,"Thursday","(41.878723, -87.63374)","orange"
"265727",40040,"Quincy/Wells","12/01/2003","W",7032,2003-12-01,12,"Dec",2003,1,"Monday","(41.878723, -87.63374)","orange"
"265735",40040,"Quincy/Wells","03/08/2013","W",3093,2013-03-08,3,"Mar",2013,8,"Friday","(41.878723, -87.63374)","orange"
"265892",40040,"Quincy/Wells","02/21/2012","W",7959,2012-02-21,2,"Feb",2012,21,"Tuesday","(41.878723, -87.63374)","orange"
"265999",40040,"Quincy/Wells","10/28/2009","W",7384,2009-10-28,10,"Oct",2009,28,"Wednesday","(41.878723, -87.63374)","orange"
"266174",40040,"Quincy/Wells","02/27/2007","W",7158,2007-02-27,2,"Feb",2007,27,"Tuesday","(41.878723, -87.63374)","orange"
"266175",40040,"Quincy/Wells","03/17/2009","W",7444,2009-03-17,3,"Mar",2009,17,"Tuesday","(41.878723, -87.63374)","orange"
"266257",40040,"Quincy/Wells","05/27/2007","U",1217,2007-05-27,5,"May",2007,27,"Sunday","(41.878723, -87.63374)","orange"
"266409",40040,"Quincy/Wells","02/01/2001","W",8055,2001-02-01,2,"Feb",2001,1,"Thursday","(41.878723, -87.63374)","orange"
"266438",40040,"Quincy/Wells","12/29/2004","W",5200,2004-12-29,12,"Dec",2004,29,"Wednesday","(41.878723, -87.63374)","orange"
"266589",40040,"Quincy/Wells","08/09/2014","A",2261,2014-08-09,8,"Aug",2014,9,"Saturday","(41.878723, -87.63374)","orange"
"266645",40040,"Quincy/Wells","06/07/2006","W",7290,2006-06-07,6,"Jun",2006,7,"Wednesday","(41.878723, -87.63374)","orange"
"267022",40040,"Quincy/Wells","03/26/2009","W",7368,2009-03-26,3,"Mar",2009,26,"Thursday","(41.878723, -87.63374)","orange"
"267213",40040,"Quincy/Wells","10/31/2001","W",7686,2001-10-31,10,"Oct",2001,31,"Wednesday","(41.878723, -87.63374)","orange"
"267236",40040,"Quincy/Wells","11/16/2013","A",1794,2013-11-16,11,"Nov",2013,16,"Saturday","(41.878723, -87.63374)","orange"
"267252",40040,"Quincy/Wells","07/21/2014","W",8669,2014-07-21,7,"Jul",2014,21,"Monday","(41.878723, -87.63374)","orange"
"267553",40040,"Quincy/Wells","05/06/2001","U",661,2001-05-06,5,"May",2001,6,"Sunday","(41.878723, -87.63374)","orange"
"267846",40040,"Quincy/Wells","05/06/2007","U",779,2007-05-06,5,"May",2007,6,"Sunday","(41.878723, -87.63374)","orange"
"267892",40040,"Quincy/Wells","06/24/2011","W",7591,2011-06-24,6,"Jun",2011,24,"Friday","(41.878723, -87.63374)","orange"
"268207",40040,"Quincy/Wells","06/29/2002","A",1097,2002-06-29,6,"Jun",2002,29,"Saturday","(41.878723, -87.63374)","orange"
"268229",40040,"Quincy/Wells","06/22/2001","W",7693,2001-06-22,6,"Jun",2001,22,"Friday","(41.878723, -87.63374)","orange"
"268307",40040,"Quincy/Wells","10/15/2006","U",1256,2006-10-15,10,"Oct",2006,15,"Sunday","(41.878723, -87.63374)","orange"
"268642",40040,"Quincy/Wells","10/31/2004","U",814,2004-10-31,10,"Oct",2004,31,"Sunday","(41.878723, -87.63374)","orange"
"268767",40040,"Quincy/Wells","07/18/2007","W",7190,2007-07-18,7,"Jul",2007,18,"Wednesday","(41.878723, -87.63374)","orange"
"268996",40040,"Quincy/Wells","10/05/2001","W",7547,2001-10-05,10,"Oct",2001,5,"Friday","(41.878723, -87.63374)","orange"
"269332",40040,"Quincy/Wells","06/06/2017","W",9178,2017-06-06,6,"Jun",2017,6,"Tuesday","(41.878723, -87.63374)","orange"
"269513",40040,"Quincy/Wells","05/11/2010","W",7178,2010-05-11,5,"May",2010,11,"Tuesday","(41.878723, -87.63374)","orange"
"269529",40040,"Quincy/Wells","08/20/2009","W",7448,2009-08-20,8,"Aug",2009,20,"Thursday","(41.878723, -87.63374)","orange"
"269727",40040,"Quincy/Wells","01/11/2004","U",608,2004-01-11,1,"Jan",2004,11,"Sunday","(41.878723, -87.63374)","orange"
"269759",40040,"Quincy/Wells","04/04/2004","U",803,2004-04-04,4,"Apr",2004,4,"Sunday","(41.878723, -87.63374)","orange"
"269814",40040,"Quincy/Wells","07/13/2002","A",1185,2002-07-13,7,"Jul",2002,13,"Saturday","(41.878723, -87.63374)","orange"
"269875",40040,"Quincy/Wells","02/22/2001","W",7971,2001-02-22,2,"Feb",2001,22,"Thursday","(41.878723, -87.63374)","orange"
"270080",40040,"Quincy/Wells","12/18/2005","U",655,2005-12-18,12,"Dec",2005,18,"Sunday","(41.878723, -87.63374)","orange"
"270238",40040,"Quincy/Wells","07/30/2001","W",8308,2001-07-30,7,"Jul",2001,30,"Monday","(41.878723, -87.63374)","orange"
"270264",40040,"Quincy/Wells","02/06/2015","W",7728,2015-02-06,2,"Feb",2015,6,"Friday","(41.878723, -87.63374)","orange"
"270621",40040,"Quincy/Wells","11/11/2017","A",1590,2017-11-11,11,"Nov",2017,11,"Saturday","(41.878723, -87.63374)","orange"
"270657",40040,"Quincy/Wells","06/29/2011","W",8298,2011-06-29,6,"Jun",2011,29,"Wednesday","(41.878723, -87.63374)","orange"
"270852",40040,"Quincy/Wells","05/01/2013","W",3146,2013-05-01,5,"May",2013,1,"Wednesday","(41.878723, -87.63374)","orange"
"271089",40040,"Quincy/Wells","09/21/2005","W",6990,2005-09-21,9,"Sep",2005,21,"Wednesday","(41.878723, -87.63374)","orange"
"271293",40040,"Quincy/Wells","12/27/2009","U",1017,2009-12-27,12,"Dec",2009,27,"Sunday","(41.878723, -87.63374)","orange"
"271409",40040,"Quincy/Wells","04/03/2010","A",1320,2010-04-03,4,"Apr",2010,3,"Saturday","(41.878723, -87.63374)","orange"
"271423",40040,"Quincy/Wells","09/12/2015","A",1561,2015-09-12,9,"Sep",2015,12,"Saturday","(41.878723, -87.63374)","orange"
"271573",40040,"Quincy/Wells","07/03/2014","W",6817,2014-07-03,7,"Jul",2014,3,"Thursday","(41.878723, -87.63374)","orange"
"271703",40040,"Quincy/Wells","03/24/2012","A",1629,2012-03-24,3,"Mar",2012,24,"Saturday","(41.878723, -87.63374)","orange"
"271708",40040,"Quincy/Wells","01/16/2009","W",6574,2009-01-16,1,"Jan",2009,16,"Friday","(41.878723, -87.63374)","orange"
"271770",40040,"Quincy/Wells","05/20/2006","A",1245,2006-05-20,5,"May",2006,20,"Saturday","(41.878723, -87.63374)","orange"
"271878",40040,"Quincy/Wells","02/25/2008","W",7114,2008-02-25,2,"Feb",2008,25,"Monday","(41.878723, -87.63374)","orange"
"272289",40040,"Quincy/Wells","03/02/2012","W",7713,2012-03-02,3,"Mar",2012,2,"Friday","(41.878723, -87.63374)","orange"
"272334",40040,"Quincy/Wells","07/31/2014","W",8745,2014-07-31,7,"Jul",2014,31,"Thursday","(41.878723, -87.63374)","orange"
"272367",40040,"Quincy/Wells","08/04/2002","U",795,2002-08-04,8,"Aug",2002,4,"Sunday","(41.878723, -87.63374)","orange"
"272423",40040,"Quincy/Wells","04/19/2010","W",7115,2010-04-19,4,"Apr",2010,19,"Monday","(41.878723, -87.63374)","orange"
"272467",40040,"Quincy/Wells","06/13/2017","W",8944,2017-06-13,6,"Jun",2017,13,"Tuesday","(41.878723, -87.63374)","orange"
"272531",40040,"Quincy/Wells","07/11/2011","W",8315,2011-07-11,7,"Jul",2011,11,"Monday","(41.878723, -87.63374)","orange"
"272719",40040,"Quincy/Wells","06/24/2016","W",7664,2016-06-24,6,"Jun",2016,24,"Friday","(41.878723, -87.63374)","orange"
"272726",40040,"Quincy/Wells","02/19/2001","W",4578,2001-02-19,2,"Feb",2001,19,"Monday","(41.878723, -87.63374)","orange"
"272879",40040,"Quincy/Wells","01/01/2008","U",742,2008-01-01,1,"Jan",2008,1,"Tuesday","(41.878723, -87.63374)","orange"
"272897",40040,"Quincy/Wells","04/07/2002","U",619,2002-04-07,4,"Apr",2002,7,"Sunday","(41.878723, -87.63374)","orange"
"272927",40040,"Quincy/Wells","11/28/2005","W",6780,2005-11-28,11,"Nov",2005,28,"Monday","(41.878723, -87.63374)","orange"
"272980",40040,"Quincy/Wells","04/02/2007","W",6720,2007-04-02,4,"Apr",2007,2,"Monday","(41.878723, -87.63374)","orange"
"273255",40040,"Quincy/Wells","03/24/2002","U",679,2002-03-24,3,"Mar",2002,24,"Sunday","(41.878723, -87.63374)","orange"
"273295",40040,"Quincy/Wells","10/02/2011","U",1716,2011-10-02,10,"Oct",2011,2,"Sunday","(41.878723, -87.63374)","orange"
"273307",40040,"Quincy/Wells","06/25/2013","W",8356,2013-06-25,6,"Jun",2013,25,"Tuesday","(41.878723, -87.63374)","orange"
"273940",40040,"Quincy/Wells","12/11/2002","W",6951,2002-12-11,12,"Dec",2002,11,"Wednesday","(41.878723, -87.63374)","orange"
"274068",40040,"Quincy/Wells","03/11/2001","U",669,2001-03-11,3,"Mar",2001,11,"Sunday","(41.878723, -87.63374)","orange"
"274097",40040,"Quincy/Wells","11/20/2014","W",8409,2014-11-20,11,"Nov",2014,20,"Thursday","(41.878723, -87.63374)","orange"
"274232",40040,"Quincy/Wells","04/05/2015","U",1681,2015-04-05,4,"Apr",2015,5,"Sunday","(41.878723, -87.63374)","orange"
"274239",40040,"Quincy/Wells","09/28/2008","U",1814,2008-09-28,9,"Sep",2008,28,"Sunday","(41.878723, -87.63374)","orange"
"274313",40040,"Quincy/Wells","07/31/2010","A",1904,2010-07-31,7,"Jul",2010,31,"Saturday","(41.878723, -87.63374)","orange"
"274563",40040,"Quincy/Wells","07/16/2016","A",2249,2016-07-16,7,"Jul",2016,16,"Saturday","(41.878723, -87.63374)","orange"
"274599",40040,"Quincy/Wells","07/06/2007","W",6542,2007-07-06,7,"Jul",2007,6,"Friday","(41.878723, -87.63374)","orange"
"274653",40040,"Quincy/Wells","02/08/2014","A",1538,2014-02-08,2,"Feb",2014,8,"Saturday","(41.878723, -87.63374)","orange"
"274735",40040,"Quincy/Wells","12/10/2015","W",7881,2015-12-10,12,"Dec",2015,10,"Thursday","(41.878723, -87.63374)","orange"
"274873",40040,"Quincy/Wells","07/22/2008","W",7539,2008-07-22,7,"Jul",2008,22,"Tuesday","(41.878723, -87.63374)","orange"
"274964",40040,"Quincy/Wells","02/11/2007","U",889,2007-02-11,2,"Feb",2007,11,"Sunday","(41.878723, -87.63374)","orange"
"275320",40040,"Quincy/Wells","03/03/2006","W",6372,2006-03-03,3,"Mar",2006,3,"Friday","(41.878723, -87.63374)","orange"
"275497",40040,"Quincy/Wells","06/23/2003","W",7102,2003-06-23,6,"Jun",2003,23,"Monday","(41.878723, -87.63374)","orange"
"275670",40040,"Quincy/Wells","10/29/2002","W",7632,2002-10-29,10,"Oct",2002,29,"Tuesday","(41.878723, -87.63374)","orange"
"275744",40040,"Quincy/Wells","05/21/2006","U",1048,2006-05-21,5,"May",2006,21,"Sunday","(41.878723, -87.63374)","orange"
"275876",40040,"Quincy/Wells","04/07/2006","W",6544,2006-04-07,4,"Apr",2006,7,"Friday","(41.878723, -87.63374)","orange"
"275911",40040,"Quincy/Wells","11/25/2002","W",7493,2002-11-25,11,"Nov",2002,25,"Monday","(41.878723, -87.63374)","orange"
"276103",40040,"Quincy/Wells","08/18/2014","W",8671,2014-08-18,8,"Aug",2014,18,"Monday","(41.878723, -87.63374)","orange"
"276137",40040,"Quincy/Wells","02/18/2012","A",1726,2012-02-18,2,"Feb",2012,18,"Saturday","(41.878723, -87.63374)","orange"
"276379",40040,"Quincy/Wells","07/25/2012","W",8848,2012-07-25,7,"Jul",2012,25,"Wednesday","(41.878723, -87.63374)","orange"
"276473",40040,"Quincy/Wells","11/01/2009","U",1541,2009-11-01,11,"Nov",2009,1,"Sunday","(41.878723, -87.63374)","orange"
"276573",40040,"Quincy/Wells","04/01/2011","W",7294,2011-04-01,4,"Apr",2011,1,"Friday","(41.878723, -87.63374)","orange"
"276581",40040,"Quincy/Wells","05/11/2003","U",714,2003-05-11,5,"May",2003,11,"Sunday","(41.878723, -87.63374)","orange"
"276740",40040,"Quincy/Wells","12/05/2016","W",8120,2016-12-05,12,"Dec",2016,5,"Monday","(41.878723, -87.63374)","orange"
"276801",40040,"Quincy/Wells","10/02/2015","W",7749,2015-10-02,10,"Oct",2015,2,"Friday","(41.878723, -87.63374)","orange"
"276958",40040,"Quincy/Wells","07/28/2016","W",9348,2016-07-28,7,"Jul",2016,28,"Thursday","(41.878723, -87.63374)","orange"
"277033",40040,"Quincy/Wells","03/22/2011","W",7760,2011-03-22,3,"Mar",2011,22,"Tuesday","(41.878723, -87.63374)","orange"
"277038",40040,"Quincy/Wells","10/30/2012","W",8620,2012-10-30,10,"Oct",2012,30,"Tuesday","(41.878723, -87.63374)","orange"
"277237",40040,"Quincy/Wells","12/04/2005","U",770,2005-12-04,12,"Dec",2005,4,"Sunday","(41.878723, -87.63374)","orange"
"277330",40040,"Quincy/Wells","04/23/2002","W",7739,2002-04-23,4,"Apr",2002,23,"Tuesday","(41.878723, -87.63374)","orange"
"277354",40040,"Quincy/Wells","09/30/2008","W",7185,2008-09-30,9,"Sep",2008,30,"Tuesday","(41.878723, -87.63374)","orange"
"277677",40040,"Quincy/Wells","03/31/2014","W",8368,2014-03-31,3,"Mar",2014,31,"Monday","(41.878723, -87.63374)","orange"
"277708",40040,"Quincy/Wells","04/30/2005","A",1111,2005-04-30,4,"Apr",2005,30,"Saturday","(41.878723, -87.63374)","orange"
"277719",40040,"Quincy/Wells","02/27/2012","W",8043,2012-02-27,2,"Feb",2012,27,"Monday","(41.878723, -87.63374)","orange"
"277738",40040,"Quincy/Wells","05/20/2001","U",746,2001-05-20,5,"May",2001,20,"Sunday","(41.878723, -87.63374)","orange"
"277835",40040,"Quincy/Wells","07/20/2009","W",7837,2009-07-20,7,"Jul",2009,20,"Monday","(41.878723, -87.63374)","orange"
"277899",40040,"Quincy/Wells","05/24/2004","W",6783,2004-05-24,5,"May",2004,24,"Monday","(41.878723, -87.63374)","orange"
"278057",40040,"Quincy/Wells","01/04/2017","W",8484,2017-01-04,1,"Jan",2017,4,"Wednesday","(41.878723, -87.63374)","orange"
"278086",40040,"Quincy/Wells","11/06/2015","W",7926,2015-11-06,11,"Nov",2015,6,"Friday","(41.878723, -87.63374)","orange"
"278226",40040,"Quincy/Wells","09/14/2011","W",8467,2011-09-14,9,"Sep",2011,14,"Wednesday","(41.878723, -87.63374)","orange"
"278262",40040,"Quincy/Wells","01/09/2003","W",7436,2003-01-09,1,"Jan",2003,9,"Thursday","(41.878723, -87.63374)","orange"
"278299",40040,"Quincy/Wells","01/25/2005","W",6491,2005-01-25,1,"Jan",2005,25,"Tuesday","(41.878723, -87.63374)","orange"
"278311",40040,"Quincy/Wells","08/14/2015","W",7492,2015-08-14,8,"Aug",2015,14,"Friday","(41.878723, -87.63374)","orange"
"278502",40040,"Quincy/Wells","05/08/2013","W",7726,2013-05-08,5,"May",2013,8,"Wednesday","(41.878723, -87.63374)","orange"
"278627",40040,"Quincy/Wells","02/22/2004","U",771,2004-02-22,2,"Feb",2004,22,"Sunday","(41.878723, -87.63374)","orange"
"279045",40040,"Quincy/Wells","06/29/2017","W",9075,2017-06-29,6,"Jun",2017,29,"Thursday","(41.878723, -87.63374)","orange"
"279463",40040,"Quincy/Wells","10/09/2004","A",1417,2004-10-09,10,"Oct",2004,9,"Saturday","(41.878723, -87.63374)","orange"
"279529",40040,"Quincy/Wells","01/15/2014","W",8881,2014-01-15,1,"Jan",2014,15,"Wednesday","(41.878723, -87.63374)","orange"
"279599",40040,"Quincy/Wells","12/10/2002","W",6976,2002-12-10,12,"Dec",2002,10,"Tuesday","(41.878723, -87.63374)","orange"
"279678",40040,"Quincy/Wells","05/08/2008","W",7407,2008-05-08,5,"May",2008,8,"Thursday","(41.878723, -87.63374)","orange"
"279813",40040,"Quincy/Wells","08/28/2001","W",8248,2001-08-28,8,"Aug",2001,28,"Tuesday","(41.878723, -87.63374)","orange"
"279878",40040,"Quincy/Wells","12/17/2009","W",6609,2009-12-17,12,"Dec",2009,17,"Thursday","(41.878723, -87.63374)","orange"
"280120",40040,"Quincy/Wells","02/18/2003","W",7248,2003-02-18,2,"Feb",2003,18,"Tuesday","(41.878723, -87.63374)","orange"
"280173",40040,"Quincy/Wells","10/23/2013","W",8945,2013-10-23,10,"Oct",2013,23,"Wednesday","(41.878723, -87.63374)","orange"
"280340",40040,"Quincy/Wells","05/29/2011","U",1516,2011-05-29,5,"May",2011,29,"Sunday","(41.878723, -87.63374)","orange"
"280637",40040,"Quincy/Wells","04/18/2014","W",6723,2014-04-18,4,"Apr",2014,18,"Friday","(41.878723, -87.63374)","orange"
"280867",40040,"Quincy/Wells","02/21/2014","W",8206,2014-02-21,2,"Feb",2014,21,"Friday","(41.878723, -87.63374)","orange"
"280949",40040,"Quincy/Wells","01/06/2010","W",7318,2010-01-06,1,"Jan",2010,6,"Wednesday","(41.878723, -87.63374)","orange"
"281247",40040,"Quincy/Wells","05/25/2010","W",7390,2010-05-25,5,"May",2010,25,"Tuesday","(41.878723, -87.63374)","orange"
"281250",40040,"Quincy/Wells","05/28/2008","W",7783,2008-05-28,5,"May",2008,28,"Wednesday","(41.878723, -87.63374)","orange"
"281571",40040,"Quincy/Wells","09/26/2017","W",8508,2017-09-26,9,"Sep",2017,26,"Tuesday","(41.878723, -87.63374)","orange"
"281696",40040,"Quincy/Wells","08/03/2013","A",2709,2013-08-03,8,"Aug",2013,3,"Saturday","(41.878723, -87.63374)","orange"
"281752",40040,"Quincy/Wells","10/07/2015","W",8584,2015-10-07,10,"Oct",2015,7,"Wednesday","(41.878723, -87.63374)","orange"
"282147",40040,"Quincy/Wells","10/24/2003","W",6789,2003-10-24,10,"Oct",2003,24,"Friday","(41.878723, -87.63374)","orange"
"282443",40040,"Quincy/Wells","01/19/2016","W",8520,2016-01-19,1,"Jan",2016,19,"Tuesday","(41.878723, -87.63374)","orange"
"282555",40040,"Quincy/Wells","02/12/2008","W",6999,2008-02-12,2,"Feb",2008,12,"Tuesday","(41.878723, -87.63374)","orange"
"282571",40040,"Quincy/Wells","06/28/2014","A",2220,2014-06-28,6,"Jun",2014,28,"Saturday","(41.878723, -87.63374)","orange"
"282639",40040,"Quincy/Wells","04/27/2017","W",8486,2017-04-27,4,"Apr",2017,27,"Thursday","(41.878723, -87.63374)","orange"
"283132",40040,"Quincy/Wells","07/08/2011","W",7685,2011-07-08,7,"Jul",2011,8,"Friday","(41.878723, -87.63374)","orange"
"283337",40040,"Quincy/Wells","05/06/2002","W",7821,2002-05-06,5,"May",2002,6,"Monday","(41.878723, -87.63374)","orange"
"283744",40040,"Quincy/Wells","12/20/2012","W",7856,2012-12-20,12,"Dec",2012,20,"Thursday","(41.878723, -87.63374)","orange"
"283800",40040,"Quincy/Wells","09/08/2005","W",6875,2005-09-08,9,"Sep",2005,8,"Thursday","(41.878723, -87.63374)","orange"
"283836",40040,"Quincy/Wells","05/23/2016","W",8340,2016-05-23,5,"May",2016,23,"Monday","(41.878723, -87.63374)","orange"
"283980",40040,"Quincy/Wells","05/29/2007","W",7052,2007-05-29,5,"May",2007,29,"Tuesday","(41.878723, -87.63374)","orange"
"284074",40040,"Quincy/Wells","10/19/2007","W",7024,2007-10-19,10,"Oct",2007,19,"Friday","(41.878723, -87.63374)","orange"
"284156",40040,"Quincy/Wells","06/10/2003","W",7141,2003-06-10,6,"Jun",2003,10,"Tuesday","(41.878723, -87.63374)","orange"
"284364",40040,"Quincy/Wells","07/03/2011","U",2092,2011-07-03,7,"Jul",2011,3,"Sunday","(41.878723, -87.63374)","orange"
"284386",40040,"Quincy/Wells","08/26/2008","W",7469,2008-08-26,8,"Aug",2008,26,"Tuesday","(41.878723, -87.63374)","orange"
"284451",40040,"Quincy/Wells","10/27/2012","A",0,2012-10-27,10,"Oct",2012,27,"Saturday","(41.878723, -87.63374)","orange"
"284490",40040,"Quincy/Wells","09/17/2010","W",7376,2010-09-17,9,"Sep",2010,17,"Friday","(41.878723, -87.63374)","orange"
"284527",40040,"Quincy/Wells","04/24/2012","W",8117,2012-04-24,4,"Apr",2012,24,"Tuesday","(41.878723, -87.63374)","orange"
"284594",40040,"Quincy/Wells","09/28/2010","W",7507,2010-09-28,9,"Sep",2010,28,"Tuesday","(41.878723, -87.63374)","orange"
"284806",40040,"Quincy/Wells","11/21/2004","U",789,2004-11-21,11,"Nov",2004,21,"Sunday","(41.878723, -87.63374)","orange"
"284909",40040,"Quincy/Wells","11/04/2016","W",9625,2016-11-04,11,"Nov",2016,4,"Friday","(41.878723, -87.63374)","orange"
"285232",40040,"Quincy/Wells","03/16/2009","W",7594,2009-03-16,3,"Mar",2009,16,"Monday","(41.878723, -87.63374)","orange"
"285270",40040,"Quincy/Wells","05/24/2014","A",2119,2014-05-24,5,"May",2014,24,"Saturday","(41.878723, -87.63374)","orange"
"285296",40040,"Quincy/Wells","10/17/2010","U",1619,2010-10-17,10,"Oct",2010,17,"Sunday","(41.878723, -87.63374)","orange"
"285313",40040,"Quincy/Wells","12/24/2010","W",1117,2010-12-24,12,"Dec",2010,24,"Friday","(41.878723, -87.63374)","orange"
"285483",40040,"Quincy/Wells","11/29/2001","W",7742,2001-11-29,11,"Nov",2001,29,"Thursday","(41.878723, -87.63374)","orange"
"285576",40040,"Quincy/Wells","09/17/2002","W",7627,2002-09-17,9,"Sep",2002,17,"Tuesday","(41.878723, -87.63374)","orange"
"285584",40040,"Quincy/Wells","01/11/2013","W",7819,2013-01-11,1,"Jan",2013,11,"Friday","(41.878723, -87.63374)","orange"
"285593",40040,"Quincy/Wells","10/08/2004","W",6237,2004-10-08,10,"Oct",2004,8,"Friday","(41.878723, -87.63374)","orange"
"285596",40040,"Quincy/Wells","09/13/2005","W",7187,2005-09-13,9,"Sep",2005,13,"Tuesday","(41.878723, -87.63374)","orange"
"286091",40040,"Quincy/Wells","10/09/2005","U",1871,2005-10-09,10,"Oct",2005,9,"Sunday","(41.878723, -87.63374)","orange"
"286138",40040,"Quincy/Wells","03/04/2002","W",7341,2002-03-04,3,"Mar",2002,4,"Monday","(41.878723, -87.63374)","orange"
"286206",40040,"Quincy/Wells","01/01/2009","U",1042,2009-01-01,1,"Jan",2009,1,"Thursday","(41.878723, -87.63374)","orange"
"286329",40040,"Quincy/Wells","11/16/2015","W",8463,2015-11-16,11,"Nov",2015,16,"Monday","(41.878723, -87.63374)","orange"
"286373",40040,"Quincy/Wells","02/16/2002","A",1059,2002-02-16,2,"Feb",2002,16,"Saturday","(41.878723, -87.63374)","orange"
"286689",40040,"Quincy/Wells","02/27/2008","W",6907,2008-02-27,2,"Feb",2008,27,"Wednesday","(41.878723, -87.63374)","orange"
"286846",40040,"Quincy/Wells","07/19/2012","W",8341,2012-07-19,7,"Jul",2012,19,"Thursday","(41.878723, -87.63374)","orange"
"287088",40040,"Quincy/Wells","04/16/2006","U",854,2006-04-16,4,"Apr",2006,16,"Sunday","(41.878723, -87.63374)","orange"
"287127",40040,"Quincy/Wells","11/20/2006","W",7512,2006-11-20,11,"Nov",2006,20,"Monday","(41.878723, -87.63374)","orange"
"287221",40040,"Quincy/Wells","11/05/2005","A",1083,2005-11-05,11,"Nov",2005,5,"Saturday","(41.878723, -87.63374)","orange"
"287517",40040,"Quincy/Wells","11/03/2007","A",1715,2007-11-03,11,"Nov",2007,3,"Saturday","(41.878723, -87.63374)","orange"
"287564",40040,"Quincy/Wells","11/18/2017","A",1371,2017-11-18,11,"Nov",2017,18,"Saturday","(41.878723, -87.63374)","orange"
"287933",40040,"Quincy/Wells","07/19/2008","A",2097,2008-07-19,7,"Jul",2008,19,"Saturday","(41.878723, -87.63374)","orange"
"288069",40040,"Quincy/Wells","01/06/2001","A",844,2001-01-06,1,"Jan",2001,6,"Saturday","(41.878723, -87.63374)","orange"
"288676",40040,"Quincy/Wells","06/01/2017","W",8471,2017-06-01,6,"Jun",2017,1,"Thursday","(41.878723, -87.63374)","orange"
"288794",40040,"Quincy/Wells","11/02/2015","W",8644,2015-11-02,11,"Nov",2015,2,"Monday","(41.878723, -87.63374)","orange"
"288795",40040,"Quincy/Wells","07/11/2007","W",7142,2007-07-11,7,"Jul",2007,11,"Wednesday","(41.878723, -87.63374)","orange"
"288831",40040,"Quincy/Wells","12/31/2006","U",1088,2006-12-31,12,"Dec",2006,31,"Sunday","(41.878723, -87.63374)","orange"
"289040",40040,"Quincy/Wells","01/04/2007","W",7439,2007-01-04,1,"Jan",2007,4,"Thursday","(41.878723, -87.63374)","orange"
"289133",40040,"Quincy/Wells","09/29/2017","W",7605,2017-09-29,9,"Sep",2017,29,"Friday","(41.878723, -87.63374)","orange"
"289299",40040,"Quincy/Wells","06/22/2016","W",8590,2016-06-22,6,"Jun",2016,22,"Wednesday","(41.878723, -87.63374)","orange"
"289504",40040,"Quincy/Wells","05/22/2010","A",1728,2010-05-22,5,"May",2010,22,"Saturday","(41.878723, -87.63374)","orange"
"289508",40040,"Quincy/Wells","12/01/2005","W",6670,2005-12-01,12,"Dec",2005,1,"Thursday","(41.878723, -87.63374)","orange"
"289699",40040,"Quincy/Wells","01/03/2014","W",7815,2014-01-03,1,"Jan",2014,3,"Friday","(41.878723, -87.63374)","orange"
"289726",40040,"Quincy/Wells","06/20/2004","U",800,2004-06-20,6,"Jun",2004,20,"Sunday","(41.878723, -87.63374)","orange"
"289771",40040,"Quincy/Wells","05/20/2008","W",7289,2008-05-20,5,"May",2008,20,"Tuesday","(41.878723, -87.63374)","orange"
"289796",40040,"Quincy/Wells","10/13/2005","W",6817,2005-10-13,10,"Oct",2005,13,"Thursday","(41.878723, -87.63374)","orange"
"290050",40040,"Quincy/Wells","04/21/2013","U",1454,2013-04-21,4,"Apr",2013,21,"Sunday","(41.878723, -87.63374)","orange"
"290140",40040,"Quincy/Wells","05/09/2002","W",7644,2002-05-09,5,"May",2002,9,"Thursday","(41.878723, -87.63374)","orange"
"290227",40040,"Quincy/Wells","04/10/2001","W",8322,2001-04-10,4,"Apr",2001,10,"Tuesday","(41.878723, -87.63374)","orange"
"290236",40040,"Quincy/Wells","06/14/2011","W",8405,2011-06-14,6,"Jun",2011,14,"Tuesday","(41.878723, -87.63374)","orange"
"290497",40040,"Quincy/Wells","02/28/2004","A",1109,2004-02-28,2,"Feb",2004,28,"Saturday","(41.878723, -87.63374)","orange"
"290630",40040,"Quincy/Wells","11/07/2016","W",8402,2016-11-07,11,"Nov",2016,7,"Monday","(41.878723, -87.63374)","orange"
"290729",40040,"Quincy/Wells","04/22/2003","W",7297,2003-04-22,4,"Apr",2003,22,"Tuesday","(41.878723, -87.63374)","orange"
"290911",40040,"Quincy/Wells","12/29/2006","W",4844,2006-12-29,12,"Dec",2006,29,"Friday","(41.878723, -87.63374)","orange"
"290915",40040,"Quincy/Wells","01/15/2007","W",4146,2007-01-15,1,"Jan",2007,15,"Monday","(41.878723, -87.63374)","orange"
"290931",40040,"Quincy/Wells","12/18/2009","W",6199,2009-12-18,12,"Dec",2009,18,"Friday","(41.878723, -87.63374)","orange"
"291518",40040,"Quincy/Wells","02/06/2016","A",1436,2016-02-06,2,"Feb",2016,6,"Saturday","(41.878723, -87.63374)","orange"
"291709",40040,"Quincy/Wells","09/15/2009","W",7849,2009-09-15,9,"Sep",2009,15,"Tuesday","(41.878723, -87.63374)","orange"
"291918",40040,"Quincy/Wells","03/30/2013","A",1913,2013-03-30,3,"Mar",2013,30,"Saturday","(41.878723, -87.63374)","orange"
"291945",40040,"Quincy/Wells","12/12/2004","U",647,2004-12-12,12,"Dec",2004,12,"Sunday","(41.878723, -87.63374)","orange"
"292126",40040,"Quincy/Wells","11/16/2016","W",8220,2016-11-16,11,"Nov",2016,16,"Wednesday","(41.878723, -87.63374)","orange"
"292179",40040,"Quincy/Wells","03/13/2008","W",7029,2008-03-13,3,"Mar",2008,13,"Thursday","(41.878723, -87.63374)","orange"
"292218",40040,"Quincy/Wells","06/07/2005","W",7095,2005-06-07,6,"Jun",2005,7,"Tuesday","(41.878723, -87.63374)","orange"
"292284",40040,"Quincy/Wells","03/24/2017","W",7274,2017-03-24,3,"Mar",2017,24,"Friday","(41.878723, -87.63374)","orange"
"292439",40040,"Quincy/Wells","02/04/2005","W",6004,2005-02-04,2,"Feb",2005,4,"Friday","(41.878723, -87.63374)","orange"
"292481",40040,"Quincy/Wells","08/10/2015","W",8388,2015-08-10,8,"Aug",2015,10,"Monday","(41.878723, -87.63374)","orange"
"292488",40040,"Quincy/Wells","05/05/2012","A",1882,2012-05-05,5,"May",2012,5,"Saturday","(41.878723, -87.63374)","orange"
"292544",40040,"Quincy/Wells","06/13/2012","W",8380,2012-06-13,6,"Jun",2012,13,"Wednesday","(41.878723, -87.63374)","orange"
"292676",40040,"Quincy/Wells","12/27/2002","W",4657,2002-12-27,12,"Dec",2002,27,"Friday","(41.878723, -87.63374)","orange"
"292757",40040,"Quincy/Wells","11/20/2005","U",808,2005-11-20,11,"Nov",2005,20,"Sunday","(41.878723, -87.63374)","orange"
"292911",40040,"Quincy/Wells","03/19/2009","W",7510,2009-03-19,3,"Mar",2009,19,"Thursday","(41.878723, -87.63374)","orange"
"293065",40040,"Quincy/Wells","02/10/2010","W",7130,2010-02-10,2,"Feb",2010,10,"Wednesday","(41.878723, -87.63374)","orange"
"293121",40040,"Quincy/Wells","03/09/2005","W",6681,2005-03-09,3,"Mar",2005,9,"Wednesday","(41.878723, -87.63374)","orange"
"293137",40040,"Quincy/Wells","07/04/2010","U",1645,2010-07-04,7,"Jul",2010,4,"Sunday","(41.878723, -87.63374)","orange"
"293144",40040,"Quincy/Wells","08/11/2006","W",6875,2006-08-11,8,"Aug",2006,11,"Friday","(41.878723, -87.63374)","orange"
"293153",40040,"Quincy/Wells","04/28/2007","A",1560,2007-04-28,4,"Apr",2007,28,"Saturday","(41.878723, -87.63374)","orange"
"293293",40040,"Quincy/Wells","06/14/2010","W",7419,2010-06-14,6,"Jun",2010,14,"Monday","(41.878723, -87.63374)","orange"
"293393",40040,"Quincy/Wells","08/06/2017","U",1652,2017-08-06,8,"Aug",2017,6,"Sunday","(41.878723, -87.63374)","orange"
"293402",40040,"Quincy/Wells","03/28/2007","W",7651,2007-03-28,3,"Mar",2007,28,"Wednesday","(41.878723, -87.63374)","orange"
"293486",40040,"Quincy/Wells","09/26/2010","U",1540,2010-09-26,9,"Sep",2010,26,"Sunday","(41.878723, -87.63374)","orange"
"293607",40040,"Quincy/Wells","09/26/2011","W",8298,2011-09-26,9,"Sep",2011,26,"Monday","(41.878723, -87.63374)","orange"
"293964",40040,"Quincy/Wells","09/27/2012","W",8487,2012-09-27,9,"Sep",2012,27,"Thursday","(41.878723, -87.63374)","orange"
"293965",40040,"Quincy/Wells","05/24/2017","W",8795,2017-05-24,5,"May",2017,24,"Wednesday","(41.878723, -87.63374)","orange"
"295006",40040,"Quincy/Wells","03/06/2017","W",8350,2017-03-06,3,"Mar",2017,6,"Monday","(41.878723, -87.63374)","orange"
"295436",40040,"Quincy/Wells","03/12/2002","W",7861,2002-03-12,3,"Mar",2002,12,"Tuesday","(41.878723, -87.63374)","orange"
"295962",40040,"Quincy/Wells","10/22/2014","W",8775,2014-10-22,10,"Oct",2014,22,"Wednesday","(41.878723, -87.63374)","orange"
"296005",40040,"Quincy/Wells","08/11/2013","U",1900,2013-08-11,8,"Aug",2013,11,"Sunday","(41.878723, -87.63374)","orange"
"296046",40040,"Quincy/Wells","04/06/2017","W",8470,2017-04-06,4,"Apr",2017,6,"Thursday","(41.878723, -87.63374)","orange"
"296171",40040,"Quincy/Wells","07/10/2002","W",7836,2002-07-10,7,"Jul",2002,10,"Wednesday","(41.878723, -87.63374)","orange"
"296194",40040,"Quincy/Wells","09/30/2009","W",7731,2009-09-30,9,"Sep",2009,30,"Wednesday","(41.878723, -87.63374)","orange"
"296368",40040,"Quincy/Wells","11/04/2010","W",8108,2010-11-04,11,"Nov",2010,4,"Thursday","(41.878723, -87.63374)","orange"
"296462",40040,"Quincy/Wells","08/30/2013","W",6975,2013-08-30,8,"Aug",2013,30,"Friday","(41.878723, -87.63374)","orange"
"296506",40040,"Quincy/Wells","04/02/2016","A",1400,2016-04-02,4,"Apr",2016,2,"Saturday","(41.878723, -87.63374)","orange"
"296581",40040,"Quincy/Wells","06/24/2012","U",2731,2012-06-24,6,"Jun",2012,24,"Sunday","(41.878723, -87.63374)","orange"
"296621",40040,"Quincy/Wells","06/20/2016","W",9029,2016-06-20,6,"Jun",2016,20,"Monday","(41.878723, -87.63374)","orange"
"296654",40040,"Quincy/Wells","11/30/2001","W",7199,2001-11-30,11,"Nov",2001,30,"Friday","(41.878723, -87.63374)","orange"
"296855",40040,"Quincy/Wells","11/20/2002","W",7696,2002-11-20,11,"Nov",2002,20,"Wednesday","(41.878723, -87.63374)","orange"
"296905",40040,"Quincy/Wells","06/18/2008","W",7500,2008-06-18,6,"Jun",2008,18,"Wednesday","(41.878723, -87.63374)","orange"
"297102",40040,"Quincy/Wells","05/20/2015","W",8337,2015-05-20,5,"May",2015,20,"Wednesday","(41.878723, -87.63374)","orange"
"297145",40040,"Quincy/Wells","07/12/2016","W",8760,2016-07-12,7,"Jul",2016,12,"Tuesday","(41.878723, -87.63374)","orange"
"297260",40040,"Quincy/Wells","04/17/2013","W",8712,2013-04-17,4,"Apr",2013,17,"Wednesday","(41.878723, -87.63374)","orange"
"297550",40040,"Quincy/Wells","04/02/2001","W",7966,2001-04-02,4,"Apr",2001,2,"Monday","(41.878723, -87.63374)","orange"
"297584",40040,"Quincy/Wells","09/30/2001","U",716,2001-09-30,9,"Sep",2001,30,"Sunday","(41.878723, -87.63374)","orange"
"297587",40040,"Quincy/Wells","10/20/2017","W",7671,2017-10-20,10,"Oct",2017,20,"Friday","(41.878723, -87.63374)","orange"
"297638",40040,"Quincy/Wells","06/21/2008","A",1941,2008-06-21,6,"Jun",2008,21,"Saturday","(41.878723, -87.63374)","orange"
"297703",40040,"Quincy/Wells","06/10/2002","W",8022,2002-06-10,6,"Jun",2002,10,"Monday","(41.878723, -87.63374)","orange"
"298019",40040,"Quincy/Wells","04/17/2008","W",7078,2008-04-17,4,"Apr",2008,17,"Thursday","(41.878723, -87.63374)","orange"
"298074",40040,"Quincy/Wells","07/10/2017","W",8713,2017-07-10,7,"Jul",2017,10,"Monday","(41.878723, -87.63374)","orange"
"298395",40040,"Quincy/Wells","06/18/2010","W",7438,2010-06-18,6,"Jun",2010,18,"Friday","(41.878723, -87.63374)","orange"
"298566",40040,"Quincy/Wells","11/18/2002","W",7533,2002-11-18,11,"Nov",2002,18,"Monday","(41.878723, -87.63374)","orange"
"299009",40040,"Quincy/Wells","07/01/2001","U",960,2001-07-01,7,"Jul",2001,1,"Sunday","(41.878723, -87.63374)","orange"
"299050",40040,"Quincy/Wells","08/06/2002","W",7718,2002-08-06,8,"Aug",2002,6,"Tuesday","(41.878723, -87.63374)","orange"
"299202",40040,"Quincy/Wells","09/26/2002","W",7789,2002-09-26,9,"Sep",2002,26,"Thursday","(41.878723, -87.63374)","orange"
"299607",40040,"Quincy/Wells","01/30/2003","W",7107,2003-01-30,1,"Jan",2003,30,"Thursday","(41.878723, -87.63374)","orange"
"299784",40040,"Quincy/Wells","05/03/2009","U",1429,2009-05-03,5,"May",2009,3,"Sunday","(41.878723, -87.63374)","orange"
"300058",40040,"Quincy/Wells","04/22/2005","W",5973,2005-04-22,4,"Apr",2005,22,"Friday","(41.878723, -87.63374)","orange"
"300062",40040,"Quincy/Wells","11/15/2012","W",8493,2012-11-15,11,"Nov",2012,15,"Thursday","(41.878723, -87.63374)","orange"
"300128",40040,"Quincy/Wells","08/28/2013","W",8245,2013-08-28,8,"Aug",2013,28,"Wednesday","(41.878723, -87.63374)","orange"
"300293",40040,"Quincy/Wells","08/19/2010","W",7382,2010-08-19,8,"Aug",2010,19,"Thursday","(41.878723, -87.63374)","orange"
"300294",40040,"Quincy/Wells","11/27/2004","A",906,2004-11-27,11,"Nov",2004,27,"Saturday","(41.878723, -87.63374)","orange"
"300366",40040,"Quincy/Wells","10/12/2001","W",7235,2001-10-12,10,"Oct",2001,12,"Friday","(41.878723, -87.63374)","orange"
"300483",40040,"Quincy/Wells","09/07/2016","W",8473,2016-09-07,9,"Sep",2016,7,"Wednesday","(41.878723, -87.63374)","orange"
"300684",40040,"Quincy/Wells","01/14/2004","W",6947,2004-01-14,1,"Jan",2004,14,"Wednesday","(41.878723, -87.63374)","orange"
"300842",40040,"Quincy/Wells","01/24/2001","W",8106,2001-01-24,1,"Jan",2001,24,"Wednesday","(41.878723, -87.63374)","orange"
"300956",40040,"Quincy/Wells","06/12/2008","W",7669,2008-06-12,6,"Jun",2008,12,"Thursday","(41.878723, -87.63374)","orange"
"301048",40040,"Quincy/Wells","10/07/2017","A",2036,2017-10-07,10,"Oct",2017,7,"Saturday","(41.878723, -87.63374)","orange"
"301118",40040,"Quincy/Wells","02/21/2015","A",1717,2015-02-21,2,"Feb",2015,21,"Saturday","(41.878723, -87.63374)","orange"
"301168",40040,"Quincy/Wells","05/06/2009","W",7525,2009-05-06,5,"May",2009,6,"Wednesday","(41.878723, -87.63374)","orange"
"301271",40040,"Quincy/Wells","11/03/2001","A",995,2001-11-03,11,"Nov",2001,3,"Saturday","(41.878723, -87.63374)","orange"
"301383",40040,"Quincy/Wells","06/14/2008","A",1965,2008-06-14,6,"Jun",2008,14,"Saturday","(41.878723, -87.63374)","orange"
"301712",40040,"Quincy/Wells","03/19/2004","W",6206,2004-03-19,3,"Mar",2004,19,"Friday","(41.878723, -87.63374)","orange"
"301782",40040,"Quincy/Wells","05/16/2001","W",8146,2001-05-16,5,"May",2001,16,"Wednesday","(41.878723, -87.63374)","orange"
"301796",40040,"Quincy/Wells","12/09/2013","W",8606,2013-12-09,12,"Dec",2013,9,"Monday","(41.878723, -87.63374)","orange"
"302222",40040,"Quincy/Wells","06/08/2002","A",1063,2002-06-08,6,"Jun",2002,8,"Saturday","(41.878723, -87.63374)","orange"
"302257",40040,"Quincy/Wells","04/15/2003","W",7136,2003-04-15,4,"Apr",2003,15,"Tuesday","(41.878723, -87.63374)","orange"
"302652",40040,"Quincy/Wells","02/13/2017","W",8219,2017-02-13,2,"Feb",2017,13,"Monday","(41.878723, -87.63374)","orange"
"302695",40040,"Quincy/Wells","07/29/2010","W",7404,2010-07-29,7,"Jul",2010,29,"Thursday","(41.878723, -87.63374)","orange"
"302935",40040,"Quincy/Wells","07/01/2009","W",7563,2009-07-01,7,"Jul",2009,1,"Wednesday","(41.878723, -87.63374)","orange"
"302965",40040,"Quincy/Wells","07/23/2009","W",8098,2009-07-23,7,"Jul",2009,23,"Thursday","(41.878723, -87.63374)","orange"
"303209",40040,"Quincy/Wells","06/26/2013","W",8267,2013-06-26,6,"Jun",2013,26,"Wednesday","(41.878723, -87.63374)","orange"
"303260",40040,"Quincy/Wells","02/13/2005","U",685,2005-02-13,2,"Feb",2005,13,"Sunday","(41.878723, -87.63374)","orange"
"303354",40040,"Quincy/Wells","07/31/2009","W",7316,2009-07-31,7,"Jul",2009,31,"Friday","(41.878723, -87.63374)","orange"
"303426",40040,"Quincy/Wells","06/22/2006","W",6996,2006-06-22,6,"Jun",2006,22,"Thursday","(41.878723, -87.63374)","orange"
"303799",40040,"Quincy/Wells","08/17/2012","W",7997,2012-08-17,8,"Aug",2012,17,"Friday","(41.878723, -87.63374)","orange"
"303904",40040,"Quincy/Wells","05/06/2005","W",5960,2005-05-06,5,"May",2005,6,"Friday","(41.878723, -87.63374)","orange"
"304064",40040,"Quincy/Wells","07/09/2008","W",7956,2008-07-09,7,"Jul",2008,9,"Wednesday","(41.878723, -87.63374)","orange"
"304336",40040,"Quincy/Wells","08/24/2017","W",8147,2017-08-24,8,"Aug",2017,24,"Thursday","(41.878723, -87.63374)","orange"
"304340",40040,"Quincy/Wells","02/03/2017","W",7497,2017-02-03,2,"Feb",2017,3,"Friday","(41.878723, -87.63374)","orange"
"304456",40040,"Quincy/Wells","05/05/2011","W",7748,2011-05-05,5,"May",2011,5,"Thursday","(41.878723, -87.63374)","orange"
"304586",40040,"Quincy/Wells","09/24/2012","W",8650,2012-09-24,9,"Sep",2012,24,"Monday","(41.878723, -87.63374)","orange"
"304657",40040,"Quincy/Wells","01/04/2002","W",7239,2002-01-04,1,"Jan",2002,4,"Friday","(41.878723, -87.63374)","orange"
"304672",40040,"Quincy/Wells","12/19/2007","W",6627,2007-12-19,12,"Dec",2007,19,"Wednesday","(41.878723, -87.63374)","orange"
"304985",40040,"Quincy/Wells","08/08/2004","U",879,2004-08-08,8,"Aug",2004,8,"Sunday","(41.878723, -87.63374)","orange"
"304990",40040,"Quincy/Wells","01/18/2007","W",7182,2007-01-18,1,"Jan",2007,18,"Thursday","(41.878723, -87.63374)","orange"
"305091",40040,"Quincy/Wells","01/18/2016","W",4074,2016-01-18,1,"Jan",2016,18,"Monday","(41.878723, -87.63374)","orange"
"305141",40040,"Quincy/Wells","09/25/2017","W",8650,2017-09-25,9,"Sep",2017,25,"Monday","(41.878723, -87.63374)","orange"
"305305",40040,"Quincy/Wells","02/02/2017","W",8229,2017-02-02,2,"Feb",2017,2,"Thursday","(41.878723, -87.63374)","orange"
"305403",40040,"Quincy/Wells","02/04/2014","W",8892,2014-02-04,2,"Feb",2014,4,"Tuesday","(41.878723, -87.63374)","orange"
"305438",40040,"Quincy/Wells","12/23/2004","W",3931,2004-12-23,12,"Dec",2004,23,"Thursday","(41.878723, -87.63374)","orange"
"305556",40040,"Quincy/Wells","01/11/2011","W",7732,2011-01-11,1,"Jan",2011,11,"Tuesday","(41.878723, -87.63374)","orange"
"305697",40040,"Quincy/Wells","11/06/2002","W",7692,2002-11-06,11,"Nov",2002,6,"Wednesday","(41.878723, -87.63374)","orange"
"306185",40040,"Quincy/Wells","10/21/2003","W",7129,2003-10-21,10,"Oct",2003,21,"Tuesday","(41.878723, -87.63374)","orange"
"306195",40040,"Quincy/Wells","08/18/2002","U",1016,2002-08-18,8,"Aug",2002,18,"Sunday","(41.878723, -87.63374)","orange"
"306282",40040,"Quincy/Wells","09/04/2009","W",6401,2009-09-04,9,"Sep",2009,4,"Friday","(41.878723, -87.63374)","orange"
"306428",40040,"Quincy/Wells","11/16/2002","A",1038,2002-11-16,11,"Nov",2002,16,"Saturday","(41.878723, -87.63374)","orange"
"306638",40040,"Quincy/Wells","07/04/2003","U",1083,2003-07-04,7,"Jul",2003,4,"Friday","(41.878723, -87.63374)","orange"
"306848",40040,"Quincy/Wells","09/14/2004","W",6835,2004-09-14,9,"Sep",2004,14,"Tuesday","(41.878723, -87.63374)","orange"
"307179",40040,"Quincy/Wells","12/16/2004","W",5732,2004-12-16,12,"Dec",2004,16,"Thursday","(41.878723, -87.63374)","orange"
"307321",40040,"Quincy/Wells","07/23/2016","A",2041,2016-07-23,7,"Jul",2016,23,"Saturday","(41.878723, -87.63374)","orange"
"307651",40040,"Quincy/Wells","05/19/2002","U",511,2002-05-19,5,"May",2002,19,"Sunday","(41.878723, -87.63374)","orange"
"307864",40040,"Quincy/Wells","03/01/2010","W",7102,2010-03-01,3,"Mar",2010,1,"Monday","(41.878723, -87.63374)","orange"
"308629",40040,"Quincy/Wells","03/13/2017","W",8444,2017-03-13,3,"Mar",2017,13,"Monday","(41.878723, -87.63374)","orange"
"308665",40040,"Quincy/Wells","12/27/2014","A",1468,2014-12-27,12,"Dec",2014,27,"Saturday","(41.878723, -87.63374)","orange"
"308858",40040,"Quincy/Wells","09/05/2004","U",960,2004-09-05,9,"Sep",2004,5,"Sunday","(41.878723, -87.63374)","orange"
"309499",40040,"Quincy/Wells","06/20/2017","W",8982,2017-06-20,6,"Jun",2017,20,"Tuesday","(41.878723, -87.63374)","orange"
"309527",40040,"Quincy/Wells","07/12/2006","W",7752,2006-07-12,7,"Jul",2006,12,"Wednesday","(41.878723, -87.63374)","orange"
"309554",40040,"Quincy/Wells","03/27/2005","U",791,2005-03-27,3,"Mar",2005,27,"Sunday","(41.878723, -87.63374)","orange"
"309642",40040,"Quincy/Wells","05/02/2008","W",6821,2008-05-02,5,"May",2008,2,"Friday","(41.878723, -87.63374)","orange"
"309711",40040,"Quincy/Wells","03/31/2004","W",6748,2004-03-31,3,"Mar",2004,31,"Wednesday","(41.878723, -87.63374)","orange"
"309799",40040,"Quincy/Wells","06/22/2008","U",1763,2008-06-22,6,"Jun",2008,22,"Sunday","(41.878723, -87.63374)","orange"
"309876",40040,"Quincy/Wells","02/01/2002","W",7346,2002-02-01,2,"Feb",2002,1,"Friday","(41.878723, -87.63374)","orange"
"309905",40040,"Quincy/Wells","08/26/2012","U",0,2012-08-26,8,"Aug",2012,26,"Sunday","(41.878723, -87.63374)","orange"
"309994",40040,"Quincy/Wells","03/03/2008","W",7103,2008-03-03,3,"Mar",2008,3,"Monday","(41.878723, -87.63374)","orange"
"310047",40040,"Quincy/Wells","12/13/2001","W",7275,2001-12-13,12,"Dec",2001,13,"Thursday","(41.878723, -87.63374)","orange"
"310069",40040,"Quincy/Wells","02/21/2002","W",7612,2002-02-21,2,"Feb",2002,21,"Thursday","(41.878723, -87.63374)","orange"
"310243",40040,"Quincy/Wells","07/16/2011","A",2343,2011-07-16,7,"Jul",2011,16,"Saturday","(41.878723, -87.63374)","orange"
"310337",40040,"Quincy/Wells","07/07/2014","W",8638,2014-07-07,7,"Jul",2014,7,"Monday","(41.878723, -87.63374)","orange"
"310479",40040,"Quincy/Wells","06/30/2004","W",6893,2004-06-30,6,"Jun",2004,30,"Wednesday","(41.878723, -87.63374)","orange"
"310705",40040,"Quincy/Wells","03/24/2009","W",7379,2009-03-24,3,"Mar",2009,24,"Tuesday","(41.878723, -87.63374)","orange"
"310804",40040,"Quincy/Wells","07/11/2011","W",8313,2011-07-11,7,"Jul",2011,11,"Monday","(41.878723, -87.63374)","orange"
"311274",40040,"Quincy/Wells","10/02/2017","W",8346,2017-10-02,10,"Oct",2017,2,"Monday","(41.878723, -87.63374)","orange"
"311366",40040,"Quincy/Wells","06/21/2015","U",1510,2015-06-21,6,"Jun",2015,21,"Sunday","(41.878723, -87.63374)","orange"
"311636",40040,"Quincy/Wells","02/12/2007","W",7082,2007-02-12,2,"Feb",2007,12,"Monday","(41.878723, -87.63374)","orange"
"311650",40040,"Quincy/Wells","05/25/2009","U",1574,2009-05-25,5,"May",2009,25,"Monday","(41.878723, -87.63374)","orange"
"311783",40040,"Quincy/Wells","11/17/2004","W",6522,2004-11-17,11,"Nov",2004,17,"Wednesday","(41.878723, -87.63374)","orange"
"311813",40040,"Quincy/Wells","12/27/2005","W",5012,2005-12-27,12,"Dec",2005,27,"Tuesday","(41.878723, -87.63374)","orange"
"311930",40040,"Quincy/Wells","02/15/2013","W",7637,2013-02-15,2,"Feb",2013,15,"Friday","(41.878723, -87.63374)","orange"
"312281",40040,"Quincy/Wells","10/21/2004","W",6563,2004-10-21,10,"Oct",2004,21,"Thursday","(41.878723, -87.63374)","orange"
"312593",40040,"Quincy/Wells","07/13/2004","W",7047,2004-07-13,7,"Jul",2004,13,"Tuesday","(41.878723, -87.63374)","orange"
"312746",40040,"Quincy/Wells","02/21/2001","W",7845,2001-02-21,2,"Feb",2001,21,"Wednesday","(41.878723, -87.63374)","orange"
"312787",40040,"Quincy/Wells","11/30/2008","U",1758,2008-11-30,11,"Nov",2008,30,"Sunday","(41.878723, -87.63374)","orange"
"312798",40040,"Quincy/Wells","08/16/2006","W",7583,2006-08-16,8,"Aug",2006,16,"Wednesday","(41.878723, -87.63374)","orange"
"312834",40040,"Quincy/Wells","12/21/2006","W",6223,2006-12-21,12,"Dec",2006,21,"Thursday","(41.878723, -87.63374)","orange"
"312837",40040,"Quincy/Wells","12/14/2005","W",7060,2005-12-14,12,"Dec",2005,14,"Wednesday","(41.878723, -87.63374)","orange"
"312868",40040,"Quincy/Wells","09/05/2008","W",7287,2008-09-05,9,"Sep",2008,5,"Friday","(41.878723, -87.63374)","orange"
"313050",40040,"Quincy/Wells","11/14/2016","W",8252,2016-11-14,11,"Nov",2016,14,"Monday","(41.878723, -87.63374)","orange"
"313084",40040,"Quincy/Wells","09/13/2007","W",6883,2007-09-13,9,"Sep",2007,13,"Thursday","(41.878723, -87.63374)","orange"
"313089",40040,"Quincy/Wells","12/29/2011","W",6433,2011-12-29,12,"Dec",2011,29,"Thursday","(41.878723, -87.63374)","orange"
"313100",40040,"Quincy/Wells","07/28/2010","W",7661,2010-07-28,7,"Jul",2010,28,"Wednesday","(41.878723, -87.63374)","orange"
"313528",40040,"Quincy/Wells","12/28/2011","W",6666,2011-12-28,12,"Dec",2011,28,"Wednesday","(41.878723, -87.63374)","orange"
"313591",40040,"Quincy/Wells","11/09/2005","W",7123,2005-11-09,11,"Nov",2005,9,"Wednesday","(41.878723, -87.63374)","orange"
"313694",40040,"Quincy/Wells","07/30/2011","A",2322,2011-07-30,7,"Jul",2011,30,"Saturday","(41.878723, -87.63374)","orange"
"313815",40040,"Quincy/Wells","11/15/2006","W",7262,2006-11-15,11,"Nov",2006,15,"Wednesday","(41.878723, -87.63374)","orange"
"313816",40040,"Quincy/Wells","08/28/2015","W",6936,2015-08-28,8,"Aug",2015,28,"Friday","(41.878723, -87.63374)","orange"
"313843",40040,"Quincy/Wells","01/10/2001","W",8359,2001-01-10,1,"Jan",2001,10,"Wednesday","(41.878723, -87.63374)","orange"
"313981",40040,"Quincy/Wells","10/21/2011","W",8382,2011-10-21,10,"Oct",2011,21,"Friday","(41.878723, -87.63374)","orange"
"314130",40040,"Quincy/Wells","05/15/2011","U",1400,2011-05-15,5,"May",2011,15,"Sunday","(41.878723, -87.63374)","orange"
"314438",40040,"Quincy/Wells","03/21/2016","W",8619,2016-03-21,3,"Mar",2016,21,"Monday","(41.878723, -87.63374)","orange"
"314460",40040,"Quincy/Wells","10/13/2015","W",8700,2015-10-13,10,"Oct",2015,13,"Tuesday","(41.878723, -87.63374)","orange"
"314549",40040,"Quincy/Wells","01/21/2014","W",8880,2014-01-21,1,"Jan",2014,21,"Tuesday","(41.878723, -87.63374)","orange"
"314803",40040,"Quincy/Wells","10/03/2011","W",8624,2011-10-03,10,"Oct",2011,3,"Monday","(41.878723, -87.63374)","orange"
"314895",40040,"Quincy/Wells","04/08/2013","W",7903,2013-04-08,4,"Apr",2013,8,"Monday","(41.878723, -87.63374)","orange"
"315053",40040,"Quincy/Wells","09/30/2012","U",1493,2012-09-30,9,"Sep",2012,30,"Sunday","(41.878723, -87.63374)","orange"
"315321",40040,"Quincy/Wells","10/19/2016","W",8242,2016-10-19,10,"Oct",2016,19,"Wednesday","(41.878723, -87.63374)","orange"
"315441",40040,"Quincy/Wells","09/06/2013","W",7698,2013-09-06,9,"Sep",2013,6,"Friday","(41.878723, -87.63374)","orange"
"315649",40040,"Quincy/Wells","08/07/2011","U",2091,2011-08-07,8,"Aug",2011,7,"Sunday","(41.878723, -87.63374)","orange"
"315682",40040,"Quincy/Wells","11/18/2016","W",7441,2016-11-18,11,"Nov",2016,18,"Friday","(41.878723, -87.63374)","orange"
"316021",40040,"Quincy/Wells","09/19/2006","W",7507,2006-09-19,9,"Sep",2006,19,"Tuesday","(41.878723, -87.63374)","orange"
"316029",40040,"Quincy/Wells","08/03/2017","W",9041,2017-08-03,8,"Aug",2017,3,"Thursday","(41.878723, -87.63374)","orange"
"316137",40040,"Quincy/Wells","02/12/2009","W",7411,2009-02-12,2,"Feb",2009,12,"Thursday","(41.878723, -87.63374)","orange"
"316322",40040,"Quincy/Wells","04/09/2009","W",7385,2009-04-09,4,"Apr",2009,9,"Thursday","(41.878723, -87.63374)","orange"
"316468",40040,"Quincy/Wells","10/31/2005","W",7112,2005-10-31,10,"Oct",2005,31,"Monday","(41.878723, -87.63374)","orange"
"316733",40040,"Quincy/Wells","02/07/2007","W",7123,2007-02-07,2,"Feb",2007,7,"Wednesday","(41.878723, -87.63374)","orange"
"317223",40040,"Quincy/Wells","02/22/2009","U",1310,2009-02-22,2,"Feb",2009,22,"Sunday","(41.878723, -87.63374)","orange"
"318017",40040,"Quincy/Wells","08/06/2003","W",7185,2003-08-06,8,"Aug",2003,6,"Wednesday","(41.878723, -87.63374)","orange"
"318194",40040,"Quincy/Wells","02/09/2007","W",6670,2007-02-09,2,"Feb",2007,9,"Friday","(41.878723, -87.63374)","orange"
"318207",40040,"Quincy/Wells","04/02/2015","W",7699,2015-04-02,4,"Apr",2015,2,"Thursday","(41.878723, -87.63374)","orange"
"318307",40040,"Quincy/Wells","12/23/2012","U",1019,2012-12-23,12,"Dec",2012,23,"Sunday","(41.878723, -87.63374)","orange"
"318384",40040,"Quincy/Wells","01/05/2005","W",7110,2005-01-05,1,"Jan",2005,5,"Wednesday","(41.878723, -87.63374)","orange"
"318408",40040,"Quincy/Wells","12/28/2005","W",5183,2005-12-28,12,"Dec",2005,28,"Wednesday","(41.878723, -87.63374)","orange"
"318416",40040,"Quincy/Wells","08/14/2013","W",8522,2013-08-14,8,"Aug",2013,14,"Wednesday","(41.878723, -87.63374)","orange"
"318614",40040,"Quincy/Wells","09/14/2008","U",1448,2008-09-14,9,"Sep",2008,14,"Sunday","(41.878723, -87.63374)","orange"
"319100",40040,"Quincy/Wells","07/02/2012","W",8301,2012-07-02,7,"Jul",2012,2,"Monday","(41.878723, -87.63374)","orange"
"319169",40040,"Quincy/Wells","04/03/2002","W",7863,2002-04-03,4,"Apr",2002,3,"Wednesday","(41.878723, -87.63374)","orange"
"319235",40040,"Quincy/Wells","07/26/2005","W",7376,2005-07-26,7,"Jul",2005,26,"Tuesday","(41.878723, -87.63374)","orange"
"319267",40040,"Quincy/Wells","04/08/2007","U",1189,2007-04-08,4,"Apr",2007,8,"Sunday","(41.878723, -87.63374)","orange"
"319465",40040,"Quincy/Wells","05/05/2017","W",7685,2017-05-05,5,"May",2017,5,"Friday","(41.878723, -87.63374)","orange"
"319646",40040,"Quincy/Wells","05/29/2003","W",7243,2003-05-29,5,"May",2003,29,"Thursday","(41.878723, -87.63374)","orange"
"320097",40040,"Quincy/Wells","01/29/2006","U",729,2006-01-29,1,"Jan",2006,29,"Sunday","(41.878723, -87.63374)","orange"
"320123",40040,"Quincy/Wells","02/16/2010","W",7277,2010-02-16,2,"Feb",2010,16,"Tuesday","(41.878723, -87.63374)","orange"
"320150",40040,"Quincy/Wells","05/09/2015","A",1244,2015-05-09,5,"May",2015,9,"Saturday","(41.878723, -87.63374)","orange"
"320285",40040,"Quincy/Wells","07/26/2006","W",7511,2006-07-26,7,"Jul",2006,26,"Wednesday","(41.878723, -87.63374)","orange"
"320334",40040,"Quincy/Wells","02/19/2008","W",7044,2008-02-19,2,"Feb",2008,19,"Tuesday","(41.878723, -87.63374)","orange"
"320382",40040,"Quincy/Wells","09/22/2016","W",8275,2016-09-22,9,"Sep",2016,22,"Thursday","(41.878723, -87.63374)","orange"
"320597",40040,"Quincy/Wells","08/04/2001","A",1293,2001-08-04,8,"Aug",2001,4,"Saturday","(41.878723, -87.63374)","orange"
"320650",40040,"Quincy/Wells","07/14/2006","W",7058,2006-07-14,7,"Jul",2006,14,"Friday","(41.878723, -87.63374)","orange"
"320726",40040,"Quincy/Wells","05/31/2005","W",6751,2005-05-31,5,"May",2005,31,"Tuesday","(41.878723, -87.63374)","orange"
"320995",40040,"Quincy/Wells","11/07/2012","W",8674,2012-11-07,11,"Nov",2012,7,"Wednesday","(41.878723, -87.63374)","orange"
"321174",40040,"Quincy/Wells","02/08/2008","W",6771,2008-02-08,2,"Feb",2008,8,"Friday","(41.878723, -87.63374)","orange"
"321215",40040,"Quincy/Wells","06/23/2017","W",7589,2017-06-23,6,"Jun",2017,23,"Friday","(41.878723, -87.63374)","orange"
"321245",40040,"Quincy/Wells","02/21/2006","W",6787,2006-02-21,2,"Feb",2006,21,"Tuesday","(41.878723, -87.63374)","orange"
"321362",40040,"Quincy/Wells","09/19/2003","W",6479,2003-09-19,9,"Sep",2003,19,"Friday","(41.878723, -87.63374)","orange"
"321380",40040,"Quincy/Wells","02/15/2004","U",795,2004-02-15,2,"Feb",2004,15,"Sunday","(41.878723, -87.63374)","orange"
"321392",40040,"Quincy/Wells","04/06/2001","W",7604,2001-04-06,4,"Apr",2001,6,"Friday","(41.878723, -87.63374)","orange"
"321441",40040,"Quincy/Wells","03/03/2012","A",1645,2012-03-03,3,"Mar",2012,3,"Saturday","(41.878723, -87.63374)","orange"
"321571",40040,"Quincy/Wells","04/20/2014","U",1784,2014-04-20,4,"Apr",2014,20,"Sunday","(41.878723, -87.63374)","orange"
"321578",40040,"Quincy/Wells","05/20/2010","W",6993,2010-05-20,5,"May",2010,20,"Thursday","(41.878723, -87.63374)","orange"
"321634",40040,"Quincy/Wells","10/09/2016","U",2571,2016-10-09,10,"Oct",2016,9,"Sunday","(41.878723, -87.63374)","orange"
"321993",40040,"Quincy/Wells","07/11/2005","W",7160,2005-07-11,7,"Jul",2005,11,"Monday","(41.878723, -87.63374)","orange"
"322007",40040,"Quincy/Wells","09/03/2006","U",1377,2006-09-03,9,"Sep",2006,3,"Sunday","(41.878723, -87.63374)","orange"
"322907",40040,"Quincy/Wells","04/07/2016","W",8295,2016-04-07,4,"Apr",2016,7,"Thursday","(41.878723, -87.63374)","orange"
"323174",40040,"Quincy/Wells","01/18/2004","U",655,2004-01-18,1,"Jan",2004,18,"Sunday","(41.878723, -87.63374)","orange"
"323303",40040,"Quincy/Wells","09/04/2008","W",7930,2008-09-04,9,"Sep",2008,4,"Thursday","(41.878723, -87.63374)","orange"
"323524",40040,"Quincy/Wells","11/05/2006","U",1363,2006-11-05,11,"Nov",2006,5,"Sunday","(41.878723, -87.63374)","orange"
"323653",40040,"Quincy/Wells","08/16/2017","W",8975,2017-08-16,8,"Aug",2017,16,"Wednesday","(41.878723, -87.63374)","orange"
"323674",40040,"Quincy/Wells","06/08/2003","U",768,2003-06-08,6,"Jun",2003,8,"Sunday","(41.878723, -87.63374)","orange"
"323755",40040,"Quincy/Wells","07/28/2003","W",7126,2003-07-28,7,"Jul",2003,28,"Monday","(41.878723, -87.63374)","orange"
"324167",40040,"Quincy/Wells","01/01/2012","U",1169,2012-01-01,1,"Jan",2012,1,"Sunday","(41.878723, -87.63374)","orange"
"324168",40040,"Quincy/Wells","02/04/2015","W",8698,2015-02-04,2,"Feb",2015,4,"Wednesday","(41.878723, -87.63374)","orange"
"324530",40040,"Quincy/Wells","05/10/2007","W",6592,2007-05-10,5,"May",2007,10,"Thursday","(41.878723, -87.63374)","orange"
"324734",40040,"Quincy/Wells","04/29/2008","W",7489,2008-04-29,4,"Apr",2008,29,"Tuesday","(41.878723, -87.63374)","orange"
"325096",40040,"Quincy/Wells","11/19/2013","W",8756,2013-11-19,11,"Nov",2013,19,"Tuesday","(41.878723, -87.63374)","orange"
"325132",40040,"Quincy/Wells","01/06/2005","W",6898,2005-01-06,1,"Jan",2005,6,"Thursday","(41.878723, -87.63374)","orange"
"325307",40040,"Quincy/Wells","06/16/2010","W",7679,2010-06-16,6,"Jun",2010,16,"Wednesday","(41.878723, -87.63374)","orange"
"325515",40040,"Quincy/Wells","07/30/2016","A",2163,2016-07-30,7,"Jul",2016,30,"Saturday","(41.878723, -87.63374)","orange"
"325718",40040,"Quincy/Wells","05/30/2011","U",2267,2011-05-30,5,"May",2011,30,"Monday","(41.878723, -87.63374)","orange"
"325759",40040,"Quincy/Wells","12/20/2008","A",1426,2008-12-20,12,"Dec",2008,20,"Saturday","(41.878723, -87.63374)","orange"
"325845",40040,"Quincy/Wells","09/09/2002","W",7853,2002-09-09,9,"Sep",2002,9,"Monday","(41.878723, -87.63374)","orange"
"325943",40040,"Quincy/Wells","11/04/2017","A",1339,2017-11-04,11,"Nov",2017,4,"Saturday","(41.878723, -87.63374)","orange"
"326230",40040,"Quincy/Wells","12/20/2005","W",6131,2005-12-20,12,"Dec",2005,20,"Tuesday","(41.878723, -87.63374)","orange"
"326312",40040,"Quincy/Wells","10/07/2013","W",9029,2013-10-07,10,"Oct",2013,7,"Monday","(41.878723, -87.63374)","orange"
"326402",40040,"Quincy/Wells","06/14/2002","W",7246,2002-06-14,6,"Jun",2002,14,"Friday","(41.878723, -87.63374)","orange"
"326592",40040,"Quincy/Wells","03/03/2015","W",8094,2015-03-03,3,"Mar",2015,3,"Tuesday","(41.878723, -87.63374)","orange"
"326601",40040,"Quincy/Wells","02/03/2009","W",7697,2009-02-03,2,"Feb",2009,3,"Tuesday","(41.878723, -87.63374)","orange"
"326605",40040,"Quincy/Wells","03/05/2007","W",7431,2007-03-05,3,"Mar",2007,5,"Monday","(41.878723, -87.63374)","orange"
"326712",40040,"Quincy/Wells","08/14/2001","W",8139,2001-08-14,8,"Aug",2001,14,"Tuesday","(41.878723, -87.63374)","orange"
"326745",40040,"Quincy/Wells","08/24/2007","W",6429,2007-08-24,8,"Aug",2007,24,"Friday","(41.878723, -87.63374)","orange"
"326795",40040,"Quincy/Wells","10/02/2002","W",7568,2002-10-02,10,"Oct",2002,2,"Wednesday","(41.878723, -87.63374)","orange"
"326948",40040,"Quincy/Wells","07/27/2005","W",7008,2005-07-27,7,"Jul",2005,27,"Wednesday","(41.878723, -87.63374)","orange"
"327094",40040,"Quincy/Wells","01/05/2003","U",592,2003-01-05,1,"Jan",2003,5,"Sunday","(41.878723, -87.63374)","orange"
"327293",40040,"Quincy/Wells","05/19/2014","W",8670,2014-05-19,5,"May",2014,19,"Monday","(41.878723, -87.63374)","orange"
"327483",40040,"Quincy/Wells","02/18/2006","A",1067,2006-02-18,2,"Feb",2006,18,"Saturday","(41.878723, -87.63374)","orange"
"327570",40040,"Quincy/Wells","08/25/2013","U",1465,2013-08-25,8,"Aug",2013,25,"Sunday","(41.878723, -87.63374)","orange"
"327770",40040,"Quincy/Wells","05/19/2015","W",8201,2015-05-19,5,"May",2015,19,"Tuesday","(41.878723, -87.63374)","orange"
"327910",40040,"Quincy/Wells","06/05/2013","W",8514,2013-06-05,6,"Jun",2013,5,"Wednesday","(41.878723, -87.63374)","orange"
"328280",40040,"Quincy/Wells","06/14/2014","A",2140,2014-06-14,6,"Jun",2014,14,"Saturday","(41.878723, -87.63374)","orange"
"328287",40040,"Quincy/Wells","05/24/2011","W",8308,2011-05-24,5,"May",2011,24,"Tuesday","(41.878723, -87.63374)","orange"
"328294",40040,"Quincy/Wells","11/03/2002","U",801,2002-11-03,11,"Nov",2002,3,"Sunday","(41.878723, -87.63374)","orange"
"328518",40040,"Quincy/Wells","10/10/2013","W",8762,2013-10-10,10,"Oct",2013,10,"Thursday","(41.878723, -87.63374)","orange"
"328692",40040,"Quincy/Wells","06/09/2012","A",2198,2012-06-09,6,"Jun",2012,9,"Saturday","(41.878723, -87.63374)","orange"
"329020",40040,"Quincy/Wells","03/10/2009","W",7451,2009-03-10,3,"Mar",2009,10,"Tuesday","(41.878723, -87.63374)","orange"
"329227",40040,"Quincy/Wells","05/18/2001","W",7610,2001-05-18,5,"May",2001,18,"Friday","(41.878723, -87.63374)","orange"
"329275",40040,"Quincy/Wells","05/10/2014","A",1770,2014-05-10,5,"May",2014,10,"Saturday","(41.878723, -87.63374)","orange"
"329379",40040,"Quincy/Wells","07/05/2001","W",7524,2001-07-05,7,"Jul",2001,5,"Thursday","(41.878723, -87.63374)","orange"
"329708",40040,"Quincy/Wells","08/18/2001","A",1272,2001-08-18,8,"Aug",2001,18,"Saturday","(41.878723, -87.63374)","orange"
"329811",40040,"Quincy/Wells","05/03/2011","W",7712,2011-05-03,5,"May",2011,3,"Tuesday","(41.878723, -87.63374)","orange"
"330017",40040,"Quincy/Wells","11/26/2008","W",5884,2008-11-26,11,"Nov",2008,26,"Wednesday","(41.878723, -87.63374)","orange"
"330110",40040,"Quincy/Wells","01/26/2003","U",548,2003-01-26,1,"Jan",2003,26,"Sunday","(41.878723, -87.63374)","orange"
"330118",40040,"Quincy/Wells","02/11/2003","W",7212,2003-02-11,2,"Feb",2003,11,"Tuesday","(41.878723, -87.63374)","orange"
"330279",40040,"Quincy/Wells","05/19/2004","W",6986,2004-05-19,5,"May",2004,19,"Wednesday","(41.878723, -87.63374)","orange"
"330310",40040,"Quincy/Wells","02/26/2009","W",7332,2009-02-26,2,"Feb",2009,26,"Thursday","(41.878723, -87.63374)","orange"
"330379",40040,"Quincy/Wells","02/28/2011","W",7624,2011-02-28,2,"Feb",2011,28,"Monday","(41.878723, -87.63374)","orange"
"330384",40040,"Quincy/Wells","09/21/2011","W",8308,2011-09-21,9,"Sep",2011,21,"Wednesday","(41.878723, -87.63374)","orange"
"330530",40040,"Quincy/Wells","03/12/2010","W",6946,2010-03-12,3,"Mar",2010,12,"Friday","(41.878723, -87.63374)","orange"
"330564",40040,"Quincy/Wells","06/27/2017","W",8784,2017-06-27,6,"Jun",2017,27,"Tuesday","(41.878723, -87.63374)","orange"
"330605",40040,"Quincy/Wells","12/22/2012","A",1278,2012-12-22,12,"Dec",2012,22,"Saturday","(41.878723, -87.63374)","orange"
"330887",40040,"Quincy/Wells","10/25/2011","W",8448,2011-10-25,10,"Oct",2011,25,"Tuesday","(41.878723, -87.63374)","orange"
"331039",40040,"Quincy/Wells","09/01/2004","W",6696,2004-09-01,9,"Sep",2004,1,"Wednesday","(41.878723, -87.63374)","orange"
"331328",40040,"Quincy/Wells","07/29/2008","W",7717,2008-07-29,7,"Jul",2008,29,"Tuesday","(41.878723, -87.63374)","orange"
"331817",40040,"Quincy/Wells","05/20/2013","W",8548,2013-05-20,5,"May",2013,20,"Monday","(41.878723, -87.63374)","orange"
"332066",40040,"Quincy/Wells","03/19/2016","A",1849,2016-03-19,3,"Mar",2016,19,"Saturday","(41.878723, -87.63374)","orange"
"332375",40040,"Quincy/Wells","05/02/2003","W",6575,2003-05-02,5,"May",2003,2,"Friday","(41.878723, -87.63374)","orange"
"332659",40040,"Quincy/Wells","01/03/2011","W",6480,2011-01-03,1,"Jan",2011,3,"Monday","(41.878723, -87.63374)","orange"
"332872",40040,"Quincy/Wells","08/09/2001","W",8026,2001-08-09,8,"Aug",2001,9,"Thursday","(41.878723, -87.63374)","orange"
"332962",40040,"Quincy/Wells","01/31/2009","A",1387,2009-01-31,1,"Jan",2009,31,"Saturday","(41.878723, -87.63374)","orange"
"333497",40040,"Quincy/Wells","03/20/2008","W",6927,2008-03-20,3,"Mar",2008,20,"Thursday","(41.878723, -87.63374)","orange"
"333670",40040,"Quincy/Wells","10/06/2013","U",1887,2013-10-06,10,"Oct",2013,6,"Sunday","(41.878723, -87.63374)","orange"
"333924",40040,"Quincy/Wells","07/16/2008","W",7573,2008-07-16,7,"Jul",2008,16,"Wednesday","(41.878723, -87.63374)","orange"
"334073",40040,"Quincy/Wells","11/10/2004","W",6709,2004-11-10,11,"Nov",2004,10,"Wednesday","(41.878723, -87.63374)","orange"
"334096",40040,"Quincy/Wells","03/14/2004","U",758,2004-03-14,3,"Mar",2004,14,"Sunday","(41.878723, -87.63374)","orange"
"334159",40040,"Quincy/Wells","10/02/2006","W",7253,2006-10-02,10,"Oct",2006,2,"Monday","(41.878723, -87.63374)","orange"
"334296",40040,"Quincy/Wells","07/28/2013","U",1892,2013-07-28,7,"Jul",2013,28,"Sunday","(41.878723, -87.63374)","orange"
"334422",40040,"Quincy/Wells","06/02/2016","W",8489,2016-06-02,6,"Jun",2016,2,"Thursday","(41.878723, -87.63374)","orange"
"334640",40040,"Quincy/Wells","04/16/2009","W",7327,2009-04-16,4,"Apr",2009,16,"Thursday","(41.878723, -87.63374)","orange"
"334654",40040,"Quincy/Wells","06/29/2016","W",8438,2016-06-29,6,"Jun",2016,29,"Wednesday","(41.878723, -87.63374)","orange"
"334771",40040,"Quincy/Wells","05/22/2016","U",1355,2016-05-22,5,"May",2016,22,"Sunday","(41.878723, -87.63374)","orange"
"334945",40040,"Quincy/Wells","01/21/2007","U",813,2007-01-21,1,"Jan",2007,21,"Sunday","(41.878723, -87.63374)","orange"
"335126",40040,"Quincy/Wells","10/11/2002","W",6995,2002-10-11,10,"Oct",2002,11,"Friday","(41.878723, -87.63374)","orange"
"335198",40040,"Quincy/Wells","06/24/2002","W",8213,2002-06-24,6,"Jun",2002,24,"Monday","(41.878723, -87.63374)","orange"
"335319",40040,"Quincy/Wells","03/16/2004","W",6635,2004-03-16,3,"Mar",2004,16,"Tuesday","(41.878723, -87.63374)","orange"
"335345",40040,"Quincy/Wells","01/18/2009","U",1072,2009-01-18,1,"Jan",2009,18,"Sunday","(41.878723, -87.63374)","orange"
"335508",40040,"Quincy/Wells","02/24/2006","W",6354,2006-02-24,2,"Feb",2006,24,"Friday","(41.878723, -87.63374)","orange"
"335611",40040,"Quincy/Wells","08/29/2011","W",8206,2011-08-29,8,"Aug",2011,29,"Monday","(41.878723, -87.63374)","orange"
"335715",40040,"Quincy/Wells","08/03/2008","U",1842,2008-08-03,8,"Aug",2008,3,"Sunday","(41.878723, -87.63374)","orange"
"335816",40040,"Quincy/Wells","11/20/2007","W",7024,2007-11-20,11,"Nov",2007,20,"Tuesday","(41.878723, -87.63374)","orange"
"335818",40040,"Quincy/Wells","09/18/2011","U",1736,2011-09-18,9,"Sep",2011,18,"Sunday","(41.878723, -87.63374)","orange"
"336035",40040,"Quincy/Wells","06/09/2009","W",7711,2009-06-09,6,"Jun",2009,9,"Tuesday","(41.878723, -87.63374)","orange"
"336119",40040,"Quincy/Wells","07/19/2015","U",1569,2015-07-19,7,"Jul",2015,19,"Sunday","(41.878723, -87.63374)","orange"
"336182",40040,"Quincy/Wells","05/21/2009","W",7192,2009-05-21,5,"May",2009,21,"Thursday","(41.878723, -87.63374)","orange"
"336289",40040,"Quincy/Wells","07/31/2001","W",8102,2001-07-31,7,"Jul",2001,31,"Tuesday","(41.878723, -87.63374)","orange"
"336624",40040,"Quincy/Wells","12/20/2004","W",5663,2004-12-20,12,"Dec",2004,20,"Monday","(41.878723, -87.63374)","orange"
"336716",40040,"Quincy/Wells","02/05/2001","W",8135,2001-02-05,2,"Feb",2001,5,"Monday","(41.878723, -87.63374)","orange"
"336725",40040,"Quincy/Wells","09/05/2014","W",8041,2014-09-05,9,"Sep",2014,5,"Friday","(41.878723, -87.63374)","orange"
"336730",40040,"Quincy/Wells","09/06/2012","W",8553,2012-09-06,9,"Sep",2012,6,"Thursday","(41.878723, -87.63374)","orange"
"336893",40040,"Quincy/Wells","09/25/2002","W",7548,2002-09-25,9,"Sep",2002,25,"Wednesday","(41.878723, -87.63374)","orange"
"337056",40040,"Quincy/Wells","01/03/2006","W",6465,2006-01-03,1,"Jan",2006,3,"Tuesday","(41.878723, -87.63374)","orange"
"337352",40040,"Quincy/Wells","04/17/2009","W",7060,2009-04-17,4,"Apr",2009,17,"Friday","(41.878723, -87.63374)","orange"
"337427",40040,"Quincy/Wells","07/02/2011","A",2298,2011-07-02,7,"Jul",2011,2,"Saturday","(41.878723, -87.63374)","orange"
"337868",40040,"Quincy/Wells","06/28/2011","W",8371,2011-06-28,6,"Jun",2011,28,"Tuesday","(41.878723, -87.63374)","orange"
"338131",40040,"Quincy/Wells","03/21/2004","U",823,2004-03-21,3,"Mar",2004,21,"Sunday","(41.878723, -87.63374)","orange"
"338230",40040,"Quincy/Wells","06/29/2005","W",6972,2005-06-29,6,"Jun",2005,29,"Wednesday","(41.878723, -87.63374)","orange"
"338481",40040,"Quincy/Wells","12/03/2016","A",1383,2016-12-03,12,"Dec",2016,3,"Saturday","(41.878723, -87.63374)","orange"
"338583",40040,"Quincy/Wells","03/19/2007","W",7445,2007-03-19,3,"Mar",2007,19,"Monday","(41.878723, -87.63374)","orange"
"338703",40040,"Quincy/Wells","08/04/2006","W",7223,2006-08-04,8,"Aug",2006,4,"Friday","(41.878723, -87.63374)","orange"
"338716",40040,"Quincy/Wells","05/21/2017","U",1373,2017-05-21,5,"May",2017,21,"Sunday","(41.878723, -87.63374)","orange"
"339193",40040,"Quincy/Wells","05/03/2010","W",7006,2010-05-03,5,"May",2010,3,"Monday","(41.878723, -87.63374)","orange"
"339345",40040,"Quincy/Wells","05/15/2015","W",7206,2015-05-15,5,"May",2015,15,"Friday","(41.878723, -87.63374)","orange"
"339394",40040,"Quincy/Wells","03/12/2012","W",8020,2012-03-12,3,"Mar",2012,12,"Monday","(41.878723, -87.63374)","orange"
"339397",40040,"Quincy/Wells","07/03/2007","W",7669,2007-07-03,7,"Jul",2007,3,"Tuesday","(41.878723, -87.63374)","orange"
"339462",40040,"Quincy/Wells","08/26/2007","U",1284,2007-08-26,8,"Aug",2007,26,"Sunday","(41.878723, -87.63374)","orange"
"339514",40040,"Quincy/Wells","01/31/2013","W",8282,2013-01-31,1,"Jan",2013,31,"Thursday","(41.878723, -87.63374)","orange"
"339628",40040,"Quincy/Wells","04/23/2014","W",8789,2014-04-23,4,"Apr",2014,23,"Wednesday","(41.878723, -87.63374)","orange"
"339831",40040,"Quincy/Wells","03/07/2014","W",8215,2014-03-07,3,"Mar",2014,7,"Friday","(41.878723, -87.63374)","orange"
"339859",40040,"Quincy/Wells","01/29/2012","U",1241,2012-01-29,1,"Jan",2012,29,"Sunday","(41.878723, -87.63374)","orange"
"339989",40040,"Quincy/Wells","02/13/2007","W",8035,2007-02-13,2,"Feb",2007,13,"Tuesday","(41.878723, -87.63374)","orange"
"340044",40040,"Quincy/Wells","08/08/2003","W",6377,2003-08-08,8,"Aug",2003,8,"Friday","(41.878723, -87.63374)","orange"
"340384",40040,"Quincy/Wells","01/03/2003","W",6415,2003-01-03,1,"Jan",2003,3,"Friday","(41.878723, -87.63374)","orange"
"340549",40040,"Quincy/Wells","02/24/2009","W",7340,2009-02-24,2,"Feb",2009,24,"Tuesday","(41.878723, -87.63374)","orange"
"340561",40040,"Quincy/Wells","09/12/2007","W",7007,2007-09-12,9,"Sep",2007,12,"Wednesday","(41.878723, -87.63374)","orange"
"340970",40040,"Quincy/Wells","03/06/2006","W",6629,2006-03-06,3,"Mar",2006,6,"Monday","(41.878723, -87.63374)","orange"
"340990",40040,"Quincy/Wells","08/06/2007","W",7036,2007-08-06,8,"Aug",2007,6,"Monday","(41.878723, -87.63374)","orange"
"341378",40040,"Quincy/Wells","03/12/2011","A",2119,2011-03-12,3,"Mar",2011,12,"Saturday","(41.878723, -87.63374)","orange"
"341536",40040,"Quincy/Wells","07/02/2007","W",6913,2007-07-02,7,"Jul",2007,2,"Monday","(41.878723, -87.63374)","orange"
"341539",40040,"Quincy/Wells","06/05/2006","W",7288,2006-06-05,6,"Jun",2006,5,"Monday","(41.878723, -87.63374)","orange"
"341583",40040,"Quincy/Wells","02/19/2004","W",6607,2004-02-19,2,"Feb",2004,19,"Thursday","(41.878723, -87.63374)","orange"
"341654",40040,"Quincy/Wells","08/16/2011","W",8427,2011-08-16,8,"Aug",2011,16,"Tuesday","(41.878723, -87.63374)","orange"
"341782",40040,"Quincy/Wells","05/16/2011","W",8206,2011-05-16,5,"May",2011,16,"Monday","(41.878723, -87.63374)","orange"
"341783",40040,"Quincy/Wells","09/29/2008","W",7479,2008-09-29,9,"Sep",2008,29,"Monday","(41.878723, -87.63374)","orange"
"341998",40040,"Quincy/Wells","01/02/2010","A",1398,2010-01-02,1,"Jan",2010,2,"Saturday","(41.878723, -87.63374)","orange"
"342137",40040,"Quincy/Wells","10/25/2002","W",7034,2002-10-25,10,"Oct",2002,25,"Friday","(41.878723, -87.63374)","orange"
"342193",40040,"Quincy/Wells","05/10/2001","W",7957,2001-05-10,5,"May",2001,10,"Thursday","(41.878723, -87.63374)","orange"
"342391",40040,"Quincy/Wells","12/30/2016","W",4443,2016-12-30,12,"Dec",2016,30,"Friday","(41.878723, -87.63374)","orange"
"342561",40040,"Quincy/Wells","09/02/2011","W",7382,2011-09-02,9,"Sep",2011,2,"Friday","(41.878723, -87.63374)","orange"
"342629",40040,"Quincy/Wells","04/19/2003","A",857,2003-04-19,4,"Apr",2003,19,"Saturday","(41.878723, -87.63374)","orange"
"342785",40040,"Quincy/Wells","08/11/2015","W",8628,2015-08-11,8,"Aug",2015,11,"Tuesday","(41.878723, -87.63374)","orange"
"342796",40040,"Quincy/Wells","09/24/2014","W",8368,2014-09-24,9,"Sep",2014,24,"Wednesday","(41.878723, -87.63374)","orange"
"342807",40040,"Quincy/Wells","02/12/2001","W",8049,2001-02-12,2,"Feb",2001,12,"Monday","(41.878723, -87.63374)","orange"
"342972",40040,"Quincy/Wells","03/24/2013","U",1305,2013-03-24,3,"Mar",2013,24,"Sunday","(41.878723, -87.63374)","orange"
"342977",40040,"Quincy/Wells","11/04/2006","A",1472,2006-11-04,11,"Nov",2006,4,"Saturday","(41.878723, -87.63374)","orange"
"343182",40040,"Quincy/Wells","06/05/2005","U",797,2005-06-05,6,"Jun",2005,5,"Sunday","(41.878723, -87.63374)","orange"
"343626",40040,"Quincy/Wells","11/30/2016","W",8158,2016-11-30,11,"Nov",2016,30,"Wednesday","(41.878723, -87.63374)","orange"
"343671",40040,"Quincy/Wells","10/28/2007","U",1546,2007-10-28,10,"Oct",2007,28,"Sunday","(41.878723, -87.63374)","orange"
"343718",40040,"Quincy/Wells","09/11/2010","A",1694,2010-09-11,9,"Sep",2010,11,"Saturday","(41.878723, -87.63374)","orange"
"343932",40040,"Quincy/Wells","12/03/2014","W",8354,2014-12-03,12,"Dec",2014,3,"Wednesday","(41.878723, -87.63374)","orange"
"344298",40040,"Quincy/Wells","08/10/2016","W",8811,2016-08-10,8,"Aug",2016,10,"Wednesday","(41.878723, -87.63374)","orange"
"344372",40040,"Quincy/Wells","03/08/2006","W",6859,2006-03-08,3,"Mar",2006,8,"Wednesday","(41.878723, -87.63374)","orange"
"344960",40040,"Quincy/Wells","12/07/2014","U",1171,2014-12-07,12,"Dec",2014,7,"Sunday","(41.878723, -87.63374)","orange"
"345135",40040,"Quincy/Wells","10/14/2013","W",8110,2013-10-14,10,"Oct",2013,14,"Monday","(41.878723, -87.63374)","orange"
"345203",40040,"Quincy/Wells","03/10/2002","U",747,2002-03-10,3,"Mar",2002,10,"Sunday","(41.878723, -87.63374)","orange"
"345241",40040,"Quincy/Wells","12/07/2002","A",981,2002-12-07,12,"Dec",2002,7,"Saturday","(41.878723, -87.63374)","orange"
"345880",40040,"Quincy/Wells","06/23/2012","A",1956,2012-06-23,6,"Jun",2012,23,"Saturday","(41.878723, -87.63374)","orange"
"345894",40040,"Quincy/Wells","06/07/2003","A",1104,2003-06-07,6,"Jun",2003,7,"Saturday","(41.878723, -87.63374)","orange"
"346260",40040,"Quincy/Wells","10/27/2010","W",7477,2010-10-27,10,"Oct",2010,27,"Wednesday","(41.878723, -87.63374)","orange"
"346316",40040,"Quincy/Wells","06/05/2016","U",1662,2016-06-05,6,"Jun",2016,5,"Sunday","(41.878723, -87.63374)","orange"
"346416",40040,"Quincy/Wells","08/14/2003","W",6863,2003-08-14,8,"Aug",2003,14,"Thursday","(41.878723, -87.63374)","orange"
"346602",40040,"Quincy/Wells","06/15/2007","W",6751,2007-06-15,6,"Jun",2007,15,"Friday","(41.878723, -87.63374)","orange"
"346681",40040,"Quincy/Wells","12/18/2001","W",7370,2001-12-18,12,"Dec",2001,18,"Tuesday","(41.878723, -87.63374)","orange"
"346704",40040,"Quincy/Wells","03/15/2014","A",3028,2014-03-15,3,"Mar",2014,15,"Saturday","(41.878723, -87.63374)","orange"
"346973",40040,"Quincy/Wells","08/31/2013","A",2205,2013-08-31,8,"Aug",2013,31,"Saturday","(41.878723, -87.63374)","orange"
"347183",40040,"Quincy/Wells","09/09/2012","U",1752,2012-09-09,9,"Sep",2012,9,"Sunday","(41.878723, -87.63374)","orange"
"347327",40040,"Quincy/Wells","04/30/2006","U",912,2006-04-30,4,"Apr",2006,30,"Sunday","(41.878723, -87.63374)","orange"
"347387",40040,"Quincy/Wells","02/01/2017","W",8231,2017-02-01,2,"Feb",2017,1,"Wednesday","(41.878723, -87.63374)","orange"
"347491",40040,"Quincy/Wells","02/06/2009","W",7087,2009-02-06,2,"Feb",2009,6,"Friday","(41.878723, -87.63374)","orange"
"347542",40040,"Quincy/Wells","03/07/2007","W",7465,2007-03-07,3,"Mar",2007,7,"Wednesday","(41.878723, -87.63374)","orange"
"347655",40040,"Quincy/Wells","08/23/2012","W",8184,2012-08-23,8,"Aug",2012,23,"Thursday","(41.878723, -87.63374)","orange"
"347751",40040,"Quincy/Wells","10/13/2014","W",7910,2014-10-13,10,"Oct",2014,13,"Monday","(41.878723, -87.63374)","orange"
"347933",40040,"Quincy/Wells","09/08/2016","W",8430,2016-09-08,9,"Sep",2016,8,"Thursday","(41.878723, -87.63374)","orange"
"347936",40040,"Quincy/Wells","02/27/2010","A",1474,2010-02-27,2,"Feb",2010,27,"Saturday","(41.878723, -87.63374)","orange"
"348033",40040,"Quincy/Wells","03/12/2006","U",990,2006-03-12,3,"Mar",2006,12,"Sunday","(41.878723, -87.63374)","orange"
"348091",40040,"Quincy/Wells","12/09/2014","W",8238,2014-12-09,12,"Dec",2014,9,"Tuesday","(41.878723, -87.63374)","orange"
"348255",40040,"Quincy/Wells","11/01/2004","W",6953,2004-11-01,11,"Nov",2004,1,"Monday","(41.878723, -87.63374)","orange"
"348611",40040,"Quincy/Wells","06/12/2011","U",1900,2011-06-12,6,"Jun",2011,12,"Sunday","(41.878723, -87.63374)","orange"
"348794",40040,"Quincy/Wells","07/08/2006","A",1342,2006-07-08,7,"Jul",2006,8,"Saturday","(41.878723, -87.63374)","orange"
"348906",40040,"Quincy/Wells","12/05/2004","U",721,2004-12-05,12,"Dec",2004,5,"Sunday","(41.878723, -87.63374)","orange"
"349000",40040,"Quincy/Wells","10/26/2008","U",1872,2008-10-26,10,"Oct",2008,26,"Sunday","(41.878723, -87.63374)","orange"
"349057",40040,"Quincy/Wells","02/27/2005","U",776,2005-02-27,2,"Feb",2005,27,"Sunday","(41.878723, -87.63374)","orange"
"349099",40040,"Quincy/Wells","04/17/2014","W",8500,2014-04-17,4,"Apr",2014,17,"Thursday","(41.878723, -87.63374)","orange"
"349389",40040,"Quincy/Wells","09/10/2012","W",9352,2012-09-10,9,"Sep",2012,10,"Monday","(41.878723, -87.63374)","orange"
"349825",40040,"Quincy/Wells","07/28/2006","W",7242,2006-07-28,7,"Jul",2006,28,"Friday","(41.878723, -87.63374)","orange"
"349861",40040,"Quincy/Wells","11/09/2013","A",2023,2013-11-09,11,"Nov",2013,9,"Saturday","(41.878723, -87.63374)","orange"
"349915",40040,"Quincy/Wells","06/17/2016","W",7509,2016-06-17,6,"Jun",2016,17,"Friday","(41.878723, -87.63374)","orange"
"349968",40040,"Quincy/Wells","08/24/2001","W",7280,2001-08-24,8,"Aug",2001,24,"Friday","(41.878723, -87.63374)","orange"
"349970",40040,"Quincy/Wells","11/09/2010","W",7526,2010-11-09,11,"Nov",2010,9,"Tuesday","(41.878723, -87.63374)","orange"
"350155",40040,"Quincy/Wells","09/22/2002","U",820,2002-09-22,9,"Sep",2002,22,"Sunday","(41.878723, -87.63374)","orange"
"350158",40040,"Quincy/Wells","01/06/2007","A",1293,2007-01-06,1,"Jan",2007,6,"Saturday","(41.878723, -87.63374)","orange"
"350214",40040,"Quincy/Wells","09/16/2002","W",7443,2002-09-16,9,"Sep",2002,16,"Monday","(41.878723, -87.63374)","orange"
"350538",40040,"Quincy/Wells","12/04/2007","W",7160,2007-12-04,12,"Dec",2007,4,"Tuesday","(41.878723, -87.63374)","orange"
"350576",40040,"Quincy/Wells","03/11/2007","U",1246,2007-03-11,3,"Mar",2007,11,"Sunday","(41.878723, -87.63374)","orange"
"350648",40040,"Quincy/Wells","08/12/2005","W",6351,2005-08-12,8,"Aug",2005,12,"Friday","(41.878723, -87.63374)","orange"
"350956",40040,"Quincy/Wells","02/04/2009","W",7588,2009-02-04,2,"Feb",2009,4,"Wednesday","(41.878723, -87.63374)","orange"
"351098",40040,"Quincy/Wells","05/29/2014","W",8778,2014-05-29,5,"May",2014,29,"Thursday","(41.878723, -87.63374)","orange"
"351130",40040,"Quincy/Wells","12/24/2013","W",2565,2013-12-24,12,"Dec",2013,24,"Tuesday","(41.878723, -87.63374)","orange"
"351248",40040,"Quincy/Wells","11/17/2006","W",6992,2006-11-17,11,"Nov",2006,17,"Friday","(41.878723, -87.63374)","orange"
"351430",40040,"Quincy/Wells","11/25/2005","W",2350,2005-11-25,11,"Nov",2005,25,"Friday","(41.878723, -87.63374)","orange"
"351468",40040,"Quincy/Wells","04/28/2003","W",7004,2003-04-28,4,"Apr",2003,28,"Monday","(41.878723, -87.63374)","orange"
"351516",40040,"Quincy/Wells","12/16/2012","U",1215,2012-12-16,12,"Dec",2012,16,"Sunday","(41.878723, -87.63374)","orange"
"351620",40040,"Quincy/Wells","06/26/2011","U",3035,2011-06-26,6,"Jun",2011,26,"Sunday","(41.878723, -87.63374)","orange"
"351953",40040,"Quincy/Wells","08/30/2016","W",8427,2016-08-30,8,"Aug",2016,30,"Tuesday","(41.878723, -87.63374)","orange"
"352228",40040,"Quincy/Wells","03/15/2006","W",6869,2006-03-15,3,"Mar",2006,15,"Wednesday","(41.878723, -87.63374)","orange"
"352249",40040,"Quincy/Wells","07/12/2003","A",1439,2003-07-12,7,"Jul",2003,12,"Saturday","(41.878723, -87.63374)","orange"
"352276",40040,"Quincy/Wells","06/25/2006","U",1323,2006-06-25,6,"Jun",2006,25,"Sunday","(41.878723, -87.63374)","orange"
"352353",40040,"Quincy/Wells","01/07/2004","W",6946,2004-01-07,1,"Jan",2004,7,"Wednesday","(41.878723, -87.63374)","orange"
"352614",40040,"Quincy/Wells","09/09/2013","W",8713,2013-09-09,9,"Sep",2013,9,"Monday","(41.878723, -87.63374)","orange"
"352630",40040,"Quincy/Wells","01/01/2002","U",383,2002-01-01,1,"Jan",2002,1,"Tuesday","(41.878723, -87.63374)","orange"
"352803",40040,"Quincy/Wells","12/08/2006","W",7110,2006-12-08,12,"Dec",2006,8,"Friday","(41.878723, -87.63374)","orange"
"352874",40040,"Quincy/Wells","05/17/2001","W",7912,2001-05-17,5,"May",2001,17,"Thursday","(41.878723, -87.63374)","orange"
"352939",40040,"Quincy/Wells","08/31/2012","W",7271,2012-08-31,8,"Aug",2012,31,"Friday","(41.878723, -87.63374)","orange"
"353021",40040,"Quincy/Wells","10/26/2014","U",1686,2014-10-26,10,"Oct",2014,26,"Sunday","(41.878723, -87.63374)","orange"
"353109",40040,"Quincy/Wells","03/01/2006","W",6720,2006-03-01,3,"Mar",2006,1,"Wednesday","(41.878723, -87.63374)","orange"
"353333",40040,"Quincy/Wells","08/10/2007","W",6590,2007-08-10,8,"Aug",2007,10,"Friday","(41.878723, -87.63374)","orange"
"353398",40040,"Quincy/Wells","05/05/2002","U",683,2002-05-05,5,"May",2002,5,"Sunday","(41.878723, -87.63374)","orange"
"353491",40040,"Quincy/Wells","07/27/2003","U",785,2003-07-27,7,"Jul",2003,27,"Sunday","(41.878723, -87.63374)","orange"
"353617",40040,"Quincy/Wells","07/21/2013","U",2170,2013-07-21,7,"Jul",2013,21,"Sunday","(41.878723, -87.63374)","orange"
"353642",40040,"Quincy/Wells","09/25/2006","W",7625,2006-09-25,9,"Sep",2006,25,"Monday","(41.878723, -87.63374)","orange"
"353727",40040,"Quincy/Wells","10/03/2017","W",8457,2017-10-03,10,"Oct",2017,3,"Tuesday","(41.878723, -87.63374)","orange"
"353934",40040,"Quincy/Wells","06/24/2007","U",1788,2007-06-24,6,"Jun",2007,24,"Sunday","(41.878723, -87.63374)","orange"
"353943",40040,"Quincy/Wells","08/30/2002","W",6307,2002-08-30,8,"Aug",2002,30,"Friday","(41.878723, -87.63374)","orange"
"354508",40040,"Quincy/Wells","03/25/2008","W",7013,2008-03-25,3,"Mar",2008,25,"Tuesday","(41.878723, -87.63374)","orange"
"354511",40040,"Quincy/Wells","10/16/2004","A",744,2004-10-16,10,"Oct",2004,16,"Saturday","(41.878723, -87.63374)","orange"
"354577",40040,"Quincy/Wells","11/22/2013","W",8116,2013-11-22,11,"Nov",2013,22,"Friday","(41.878723, -87.63374)","orange"
"354685",40040,"Quincy/Wells","03/06/2007","W",7356,2007-03-06,3,"Mar",2007,6,"Tuesday","(41.878723, -87.63374)","orange"
"354709",40040,"Quincy/Wells","11/15/2003","A",976,2003-11-15,11,"Nov",2003,15,"Saturday","(41.878723, -87.63374)","orange"
"354870",40040,"Quincy/Wells","10/19/2010","W",7576,2010-10-19,10,"Oct",2010,19,"Tuesday","(41.878723, -87.63374)","orange"
"354924",40040,"Quincy/Wells","01/31/2014","W",8286,2014-01-31,1,"Jan",2014,31,"Friday","(41.878723, -87.63374)","orange"
"355018",40040,"Quincy/Wells","02/09/2009","W",7505,2009-02-09,2,"Feb",2009,9,"Monday","(41.878723, -87.63374)","orange"
"355081",40040,"Quincy/Wells","06/02/2015","W",8165,2015-06-02,6,"Jun",2015,2,"Tuesday","(41.878723, -87.63374)","orange"
"355178",40040,"Quincy/Wells","10/30/2011","U",1594,2011-10-30,10,"Oct",2011,30,"Sunday","(41.878723, -87.63374)","orange"
"355207",40040,"Quincy/Wells","03/31/2009","W",7484,2009-03-31,3,"Mar",2009,31,"Tuesday","(41.878723, -87.63374)","orange"
"355274",40040,"Quincy/Wells","05/18/2008","U",1666,2008-05-18,5,"May",2008,18,"Sunday","(41.878723, -87.63374)","orange"
"355421",40040,"Quincy/Wells","11/07/2014","W",8236,2014-11-07,11,"Nov",2014,7,"Friday","(41.878723, -87.63374)","orange"
"355527",40040,"Quincy/Wells","06/27/2004","U",1161,2004-06-27,6,"Jun",2004,27,"Sunday","(41.878723, -87.63374)","orange"
"355605",40040,"Quincy/Wells","06/14/2007","W",7226,2007-06-14,6,"Jun",2007,14,"Thursday","(41.878723, -87.63374)","orange"
"355834",40040,"Quincy/Wells","11/09/2009","W",7335,2009-11-09,11,"Nov",2009,9,"Monday","(41.878723, -87.63374)","orange"
"355900",40040,"Quincy/Wells","11/21/2002","W",7587,2002-11-21,11,"Nov",2002,21,"Thursday","(41.878723, -87.63374)","orange"
"355987",40040,"Quincy/Wells","12/03/2013","W",8523,2013-12-03,12,"Dec",2013,3,"Tuesday","(41.878723, -87.63374)","orange"
"355999",40040,"Quincy/Wells","12/31/2013","W",6376,2013-12-31,12,"Dec",2013,31,"Tuesday","(41.878723, -87.63374)","orange"
"356069",40040,"Quincy/Wells","05/14/2013","W",8134,2013-05-14,5,"May",2013,14,"Tuesday","(41.878723, -87.63374)","orange"
"356294",40040,"Quincy/Wells","01/03/2005","W",5769,2005-01-03,1,"Jan",2005,3,"Monday","(41.878723, -87.63374)","orange"
"356463",40040,"Quincy/Wells","11/14/2001","W",7755,2001-11-14,11,"Nov",2001,14,"Wednesday","(41.878723, -87.63374)","orange"
"356631",40040,"Quincy/Wells","01/23/2014","W",8515,2014-01-23,1,"Jan",2014,23,"Thursday","(41.878723, -87.63374)","orange"
"356831",40040,"Quincy/Wells","05/27/2017","A",1848,2017-05-27,5,"May",2017,27,"Saturday","(41.878723, -87.63374)","orange"
"357205",40040,"Quincy/Wells","03/18/2009","W",7554,2009-03-18,3,"Mar",2009,18,"Wednesday","(41.878723, -87.63374)","orange"
"357315",40040,"Quincy/Wells","12/10/2014","W",7838,2014-12-10,12,"Dec",2014,10,"Wednesday","(41.878723, -87.63374)","orange"
"357418",40040,"Quincy/Wells","11/12/2007","W",6285,2007-11-12,11,"Nov",2007,12,"Monday","(41.878723, -87.63374)","orange"
"357601",40040,"Quincy/Wells","02/16/2013","A",1708,2013-02-16,2,"Feb",2013,16,"Saturday","(41.878723, -87.63374)","orange"
"357744",40040,"Quincy/Wells","05/08/2006","W",7030,2006-05-08,5,"May",2006,8,"Monday","(41.878723, -87.63374)","orange"
"357959",40040,"Quincy/Wells","03/19/2002","W",7585,2002-03-19,3,"Mar",2002,19,"Tuesday","(41.878723, -87.63374)","orange"
"358042",40040,"Quincy/Wells","10/24/2017","W",8773,2017-10-24,10,"Oct",2017,24,"Tuesday","(41.878723, -87.63374)","orange"
"358172",40040,"Quincy/Wells","04/06/2003","U",645,2003-04-06,4,"Apr",2003,6,"Sunday","(41.878723, -87.63374)","orange"
"358205",40040,"Quincy/Wells","02/13/2003","W",7050,2003-02-13,2,"Feb",2003,13,"Thursday","(41.878723, -87.63374)","orange"
"358383",40040,"Quincy/Wells","07/06/2005","W",6972,2005-07-06,7,"Jul",2005,6,"Wednesday","(41.878723, -87.63374)","orange"
"358464",40040,"Quincy/Wells","01/01/2013","U",1175,2013-01-01,1,"Jan",2013,1,"Tuesday","(41.878723, -87.63374)","orange"
"358629",40040,"Quincy/Wells","05/19/2008","W",7414,2008-05-19,5,"May",2008,19,"Monday","(41.878723, -87.63374)","orange"
"358895",40040,"Quincy/Wells","05/01/2007","W",8103,2007-05-01,5,"May",2007,1,"Tuesday","(41.878723, -87.63374)","orange"
"359455",40040,"Quincy/Wells","07/09/2007","W",7427,2007-07-09,7,"Jul",2007,9,"Monday","(41.878723, -87.63374)","orange"
"359516",40040,"Quincy/Wells","12/12/2006","W",6973,2006-12-12,12,"Dec",2006,12,"Tuesday","(41.878723, -87.63374)","orange"
"359640",40040,"Quincy/Wells","06/22/2012","W",7764,2012-06-22,6,"Jun",2012,22,"Friday","(41.878723, -87.63374)","orange"
"360431",40040,"Quincy/Wells","10/19/2013","A",2501,2013-10-19,10,"Oct",2013,19,"Saturday","(41.878723, -87.63374)","orange"
"360556",40040,"Quincy/Wells","01/09/2005","U",554,2005-01-09,1,"Jan",2005,9,"Sunday","(41.878723, -87.63374)","orange"
"360701",40040,"Quincy/Wells","03/17/2013","U",1751,2013-03-17,3,"Mar",2013,17,"Sunday","(41.878723, -87.63374)","orange"
"360749",40040,"Quincy/Wells","10/22/2008","W",7481,2008-10-22,10,"Oct",2008,22,"Wednesday","(41.878723, -87.63374)","orange"
"360815",40040,"Quincy/Wells","01/21/2011","W",6738,2011-01-21,1,"Jan",2011,21,"Friday","(41.878723, -87.63374)","orange"
"360841",40040,"Quincy/Wells","06/22/2013","A",2357,2013-06-22,6,"Jun",2013,22,"Saturday","(41.878723, -87.63374)","orange"
"360934",40040,"Quincy/Wells","02/18/2001","U",509,2001-02-18,2,"Feb",2001,18,"Sunday","(41.878723, -87.63374)","orange"
"360958",40040,"Quincy/Wells","12/26/2012","W",4749,2012-12-26,12,"Dec",2012,26,"Wednesday","(41.878723, -87.63374)","orange"
"360962",40040,"Quincy/Wells","09/26/2013","W",8396,2013-09-26,9,"Sep",2013,26,"Thursday","(41.878723, -87.63374)","orange"
"361007",40040,"Quincy/Wells","12/25/2015","U",700,2015-12-25,12,"Dec",2015,25,"Friday","(41.878723, -87.63374)","orange"
"361080",40040,"Quincy/Wells","09/25/2015","W",7511,2015-09-25,9,"Sep",2015,25,"Friday","(41.878723, -87.63374)","orange"
"361206",40040,"Quincy/Wells","11/04/2004","W",6687,2004-11-04,11,"Nov",2004,4,"Thursday","(41.878723, -87.63374)","orange"
"361352",40040,"Quincy/Wells","09/23/2015","W",8211,2015-09-23,9,"Sep",2015,23,"Wednesday","(41.878723, -87.63374)","orange"
"361676",40040,"Quincy/Wells","08/16/2004","W",6588,2004-08-16,8,"Aug",2004,16,"Monday","(41.878723, -87.63374)","orange"
"361971",40040,"Quincy/Wells","11/14/2002","W",7822,2002-11-14,11,"Nov",2002,14,"Thursday","(41.878723, -87.63374)","orange"
"362367",40040,"Quincy/Wells","08/09/2015","U",1098,2015-08-09,8,"Aug",2015,9,"Sunday","(41.878723, -87.63374)","orange"
"362393",40040,"Quincy/Wells","01/04/2014","A",1587,2014-01-04,1,"Jan",2014,4,"Saturday","(41.878723, -87.63374)","orange"
"362415",40040,"Quincy/Wells","11/10/2006","W",7484,2006-11-10,11,"Nov",2006,10,"Friday","(41.878723, -87.63374)","orange"
"362542",40040,"Quincy/Wells","07/06/2011","W",8444,2011-07-06,7,"Jul",2011,6,"Wednesday","(41.878723, -87.63374)","orange"
"362630",40040,"Quincy/Wells","11/26/2002","W",7445,2002-11-26,11,"Nov",2002,26,"Tuesday","(41.878723, -87.63374)","orange"
"362702",40040,"Quincy/Wells","11/23/2015","W",8424,2015-11-23,11,"Nov",2015,23,"Monday","(41.878723, -87.63374)","orange"
"362869",40040,"Quincy/Wells","04/03/2001","W",8184,2001-04-03,4,"Apr",2001,3,"Tuesday","(41.878723, -87.63374)","orange"
"363115",40040,"Quincy/Wells","11/18/2004","W",6613,2004-11-18,11,"Nov",2004,18,"Thursday","(41.878723, -87.63374)","orange"
"363507",40040,"Quincy/Wells","10/19/2017","W",8557,2017-10-19,10,"Oct",2017,19,"Thursday","(41.878723, -87.63374)","orange"
"363568",40040,"Quincy/Wells","12/22/2009","W",6050,2009-12-22,12,"Dec",2009,22,"Tuesday","(41.878723, -87.63374)","orange"
"363962",40040,"Quincy/Wells","07/05/2006","W",7408,2006-07-05,7,"Jul",2006,5,"Wednesday","(41.878723, -87.63374)","orange"
"364003",40040,"Quincy/Wells","10/11/2009","U",2703,2009-10-11,10,"Oct",2009,11,"Sunday","(41.878723, -87.63374)","orange"
"364009",40040,"Quincy/Wells","07/21/2004","W",6906,2004-07-21,7,"Jul",2004,21,"Wednesday","(41.878723, -87.63374)","orange"
"364065",40040,"Quincy/Wells","07/18/2004","U",892,2004-07-18,7,"Jul",2004,18,"Sunday","(41.878723, -87.63374)","orange"
"364083",40040,"Quincy/Wells","07/14/2013","U",1912,2013-07-14,7,"Jul",2013,14,"Sunday","(41.878723, -87.63374)","orange"
"364255",40040,"Quincy/Wells","10/06/2004","W",6718,2004-10-06,10,"Oct",2004,6,"Wednesday","(41.878723, -87.63374)","orange"
"364332",40040,"Quincy/Wells","03/21/2014","W",8127,2014-03-21,3,"Mar",2014,21,"Friday","(41.878723, -87.63374)","orange"
"364333",40040,"Quincy/Wells","10/12/2017","W",8420,2017-10-12,10,"Oct",2017,12,"Thursday","(41.878723, -87.63374)","orange"
"364463",40040,"Quincy/Wells","12/01/2008","W",7425,2008-12-01,12,"Dec",2008,1,"Monday","(41.878723, -87.63374)","orange"
"364487",40040,"Quincy/Wells","10/24/2016","W",8162,2016-10-24,10,"Oct",2016,24,"Monday","(41.878723, -87.63374)","orange"
"364585",40040,"Quincy/Wells","02/02/2005","W",6561,2005-02-02,2,"Feb",2005,2,"Wednesday","(41.878723, -87.63374)","orange"
"364596",40040,"Quincy/Wells","07/13/2011","W",8377,2011-07-13,7,"Jul",2011,13,"Wednesday","(41.878723, -87.63374)","orange"
"364676",40040,"Quincy/Wells","05/07/2010","W",6525,2010-05-07,5,"May",2010,7,"Friday","(41.878723, -87.63374)","orange"
"364952",40040,"Quincy/Wells","02/19/2017","U",1307,2017-02-19,2,"Feb",2017,19,"Sunday","(41.878723, -87.63374)","orange"
"365055",40040,"Quincy/Wells","12/11/2003","W",6447,2003-12-11,12,"Dec",2003,11,"Thursday","(41.878723, -87.63374)","orange"
"365105",40040,"Quincy/Wells","12/28/2010","W",5869,2010-12-28,12,"Dec",2010,28,"Tuesday","(41.878723, -87.63374)","orange"
"365297",40040,"Quincy/Wells","04/07/2014","W",8790,2014-04-07,4,"Apr",2014,7,"Monday","(41.878723, -87.63374)","orange"
"365406",40040,"Quincy/Wells","02/03/2001","A",843,2001-02-03,2,"Feb",2001,3,"Saturday","(41.878723, -87.63374)","orange"
"365807",40040,"Quincy/Wells","04/26/2007","W",6624,2007-04-26,4,"Apr",2007,26,"Thursday","(41.878723, -87.63374)","orange"
"365815",40040,"Quincy/Wells","02/14/2009","A",1549,2009-02-14,2,"Feb",2009,14,"Saturday","(41.878723, -87.63374)","orange"
"366171",40040,"Quincy/Wells","05/24/2016","W",8401,2016-05-24,5,"May",2016,24,"Tuesday","(41.878723, -87.63374)","orange"
"366238",40040,"Quincy/Wells","12/23/2011","W",4036,2011-12-23,12,"Dec",2011,23,"Friday","(41.878723, -87.63374)","orange"
"366464",40040,"Quincy/Wells","09/29/2013","U",1771,2013-09-29,9,"Sep",2013,29,"Sunday","(41.878723, -87.63374)","orange"
"366847",40040,"Quincy/Wells","08/05/2013","W",8963,2013-08-05,8,"Aug",2013,5,"Monday","(41.878723, -87.63374)","orange"
"367000",40040,"Quincy/Wells","12/05/2008","W",6711,2008-12-05,12,"Dec",2008,5,"Friday","(41.878723, -87.63374)","orange"
"367020",40040,"Quincy/Wells","12/06/2001","W",7412,2001-12-06,12,"Dec",2001,6,"Thursday","(41.878723, -87.63374)","orange"
"367108",40040,"Quincy/Wells","01/15/2012","U",1227,2012-01-15,1,"Jan",2012,15,"Sunday","(41.878723, -87.63374)","orange"
"367236",40040,"Quincy/Wells","08/22/2004","U",947,2004-08-22,8,"Aug",2004,22,"Sunday","(41.878723, -87.63374)","orange"
"367326",40040,"Quincy/Wells","10/19/2002","A",1270,2002-10-19,10,"Oct",2002,19,"Saturday","(41.878723, -87.63374)","orange"
"367504",40040,"Quincy/Wells","03/02/2001","W",7832,2001-03-02,3,"Mar",2001,2,"Friday","(41.878723, -87.63374)","orange"
"367606",40040,"Quincy/Wells","09/25/2013","W",8471,2013-09-25,9,"Sep",2013,25,"Wednesday","(41.878723, -87.63374)","orange"
"367713",40040,"Quincy/Wells","07/22/2013","W",8725,2013-07-22,7,"Jul",2013,22,"Monday","(41.878723, -87.63374)","orange"
"368135",40040,"Quincy/Wells","10/08/2011","A",2440,2011-10-08,10,"Oct",2011,8,"Saturday","(41.878723, -87.63374)","orange"
"368689",40040,"Quincy/Wells","08/20/2013","W",8508,2013-08-20,8,"Aug",2013,20,"Tuesday","(41.878723, -87.63374)","orange"
"368764",40040,"Quincy/Wells","08/19/2011","W",7885,2011-08-19,8,"Aug",2011,19,"Friday","(41.878723, -87.63374)","orange"
"368819",40040,"Quincy/Wells","03/25/2006","A",1332,2006-03-25,3,"Mar",2006,25,"Saturday","(41.878723, -87.63374)","orange"
"368860",40040,"Quincy/Wells","02/28/2007","W",7198,2007-02-28,2,"Feb",2007,28,"Wednesday","(41.878723, -87.63374)","orange"
"369305",40040,"Quincy/Wells","02/05/2017","U",935,2017-02-05,2,"Feb",2017,5,"Sunday","(41.878723, -87.63374)","orange"
"369345",40040,"Quincy/Wells","01/04/2011","W",7522,2011-01-04,1,"Jan",2011,4,"Tuesday","(41.878723, -87.63374)","orange"
"369901",40040,"Quincy/Wells","07/20/2001","W",7163,2001-07-20,7,"Jul",2001,20,"Friday","(41.878723, -87.63374)","orange"
"369943",40040,"Quincy/Wells","04/15/2005","W",6006,2005-04-15,4,"Apr",2005,15,"Friday","(41.878723, -87.63374)","orange"
"370005",40040,"Quincy/Wells","06/08/2009","W",7537,2009-06-08,6,"Jun",2009,8,"Monday","(41.878723, -87.63374)","orange"
"370181",40040,"Quincy/Wells","11/03/2009","W",7514,2009-11-03,11,"Nov",2009,3,"Tuesday","(41.878723, -87.63374)","orange"
"370752",40040,"Quincy/Wells","05/21/2007","W",6709,2007-05-21,5,"May",2007,21,"Monday","(41.878723, -87.63374)","orange"
"370763",40040,"Quincy/Wells","12/08/2010","W",7002,2010-12-08,12,"Dec",2010,8,"Wednesday","(41.878723, -87.63374)","orange"
"370793",40040,"Quincy/Wells","12/12/2007","W",6630,2007-12-12,12,"Dec",2007,12,"Wednesday","(41.878723, -87.63374)","orange"
"370806",40040,"Quincy/Wells","11/06/2014","W",8382,2014-11-06,11,"Nov",2014,6,"Thursday","(41.878723, -87.63374)","orange"
"370826",40040,"Quincy/Wells","05/28/2017","U",1607,2017-05-28,5,"May",2017,28,"Sunday","(41.878723, -87.63374)","orange"
"370874",40040,"Quincy/Wells","07/07/2016","W",8816,2016-07-07,7,"Jul",2016,7,"Thursday","(41.878723, -87.63374)","orange"
"371045",40040,"Quincy/Wells","02/19/2005","A",986,2005-02-19,2,"Feb",2005,19,"Saturday","(41.878723, -87.63374)","orange"
"371109",40040,"Quincy/Wells","07/02/2005","A",1502,2005-07-02,7,"Jul",2005,2,"Saturday","(41.878723, -87.63374)","orange"
"371297",40040,"Quincy/Wells","08/29/2014","W",6733,2014-08-29,8,"Aug",2014,29,"Friday","(41.878723, -87.63374)","orange"
"371334",40040,"Quincy/Wells","04/10/2005","U",815,2005-04-10,4,"Apr",2005,10,"Sunday","(41.878723, -87.63374)","orange"
"371602",40040,"Quincy/Wells","12/23/2014","W",5477,2014-12-23,12,"Dec",2014,23,"Tuesday","(41.878723, -87.63374)","orange"
"371664",40040,"Quincy/Wells","04/07/2009","W",7483,2009-04-07,4,"Apr",2009,7,"Tuesday","(41.878723, -87.63374)","orange"
"371806",40040,"Quincy/Wells","07/07/2013","U",1986,2013-07-07,7,"Jul",2013,7,"Sunday","(41.878723, -87.63374)","orange"
"371808",40040,"Quincy/Wells","05/08/2004","A",974,2004-05-08,5,"May",2004,8,"Saturday","(41.878723, -87.63374)","orange"
"371847",40040,"Quincy/Wells","02/09/2006","W",6808,2006-02-09,2,"Feb",2006,9,"Thursday","(41.878723, -87.63374)","orange"
"371972",40040,"Quincy/Wells","10/21/2015","W",8665,2015-10-21,10,"Oct",2015,21,"Wednesday","(41.878723, -87.63374)","orange"
"372028",40040,"Quincy/Wells","11/24/2004","W",5620,2004-11-24,11,"Nov",2004,24,"Wednesday","(41.878723, -87.63374)","orange"
"372317",40040,"Quincy/Wells","05/13/2017","A",1394,2017-05-13,5,"May",2017,13,"Saturday","(41.878723, -87.63374)","orange"
"372424",40040,"Quincy/Wells","10/25/2016","W",8565,2016-10-25,10,"Oct",2016,25,"Tuesday","(41.878723, -87.63374)","orange"
"372683",40040,"Quincy/Wells","11/29/2012","W",8291,2012-11-29,11,"Nov",2012,29,"Thursday","(41.878723, -87.63374)","orange"
"372747",40040,"Quincy/Wells","04/20/2003","U",710,2003-04-20,4,"Apr",2003,20,"Sunday","(41.878723, -87.63374)","orange"
"372888",40040,"Quincy/Wells","01/26/2015","W",7906,2015-01-26,1,"Jan",2015,26,"Monday","(41.878723, -87.63374)","orange"
"373105",40040,"Quincy/Wells","11/30/2014","U",1693,2014-11-30,11,"Nov",2014,30,"Sunday","(41.878723, -87.63374)","orange"
"373114",40040,"Quincy/Wells","09/23/2010","W",7443,2010-09-23,9,"Sep",2010,23,"Thursday","(41.878723, -87.63374)","orange"
"373220",40040,"Quincy/Wells","04/15/2012","U",1424,2012-04-15,4,"Apr",2012,15,"Sunday","(41.878723, -87.63374)","orange"
"373221",40040,"Quincy/Wells","05/12/2005","W",6519,2005-05-12,5,"May",2005,12,"Thursday","(41.878723, -87.63374)","orange"
"373236",40040,"Quincy/Wells","07/28/2015","W",8446,2015-07-28,7,"Jul",2015,28,"Tuesday","(41.878723, -87.63374)","orange"
"373273",40040,"Quincy/Wells","11/10/2017","W",7513,2017-11-10,11,"Nov",2017,10,"Friday","(41.878723, -87.63374)","orange"
"373417",40040,"Quincy/Wells","08/26/2014","W",8307,2014-08-26,8,"Aug",2014,26,"Tuesday","(41.878723, -87.63374)","orange"
"373611",40040,"Quincy/Wells","05/08/2012","W",8311,2012-05-08,5,"May",2012,8,"Tuesday","(41.878723, -87.63374)","orange"
"373658",40040,"Quincy/Wells","02/27/2006","W",6899,2006-02-27,2,"Feb",2006,27,"Monday","(41.878723, -87.63374)","orange"
"373691",40040,"Quincy/Wells","02/10/2001","A",942,2001-02-10,2,"Feb",2001,10,"Saturday","(41.878723, -87.63374)","orange"
"373698",40040,"Quincy/Wells","05/18/2007","W",6625,2007-05-18,5,"May",2007,18,"Friday","(41.878723, -87.63374)","orange"
"373722",40040,"Quincy/Wells","04/21/2011","W",7641,2011-04-21,4,"Apr",2011,21,"Thursday","(41.878723, -87.63374)","orange"
"373784",40040,"Quincy/Wells","03/21/2007","W",7279,2007-03-21,3,"Mar",2007,21,"Wednesday","(41.878723, -87.63374)","orange"
"374081",40040,"Quincy/Wells","06/16/2003","W",7196,2003-06-16,6,"Jun",2003,16,"Monday","(41.878723, -87.63374)","orange"
"374148",40040,"Quincy/Wells","09/02/2014","W",8399,2014-09-02,9,"Sep",2014,2,"Tuesday","(41.878723, -87.63374)","orange"
"374320",40040,"Quincy/Wells","10/22/2003","W",7035,2003-10-22,10,"Oct",2003,22,"Wednesday","(41.878723, -87.63374)","orange"
"374408",40040,"Quincy/Wells","06/23/2016","W",8475,2016-06-23,6,"Jun",2016,23,"Thursday","(41.878723, -87.63374)","orange"
"374839",40040,"Quincy/Wells","05/17/2012","W",7783,2012-05-17,5,"May",2012,17,"Thursday","(41.878723, -87.63374)","orange"
"374916",40040,"Quincy/Wells","02/26/2002","W",7758,2002-02-26,2,"Feb",2002,26,"Tuesday","(41.878723, -87.63374)","orange"
"374968",40040,"Quincy/Wells","10/29/2006","U",1184,2006-10-29,10,"Oct",2006,29,"Sunday","(41.878723, -87.63374)","orange"
"375224",40040,"Quincy/Wells","02/10/2005","W",6396,2005-02-10,2,"Feb",2005,10,"Thursday","(41.878723, -87.63374)","orange"
"375306",40040,"Quincy/Wells","01/12/2013","A",1493,2013-01-12,1,"Jan",2013,12,"Saturday","(41.878723, -87.63374)","orange"
"375376",40040,"Quincy/Wells","02/10/2015","W",8276,2015-02-10,2,"Feb",2015,10,"Tuesday","(41.878723, -87.63374)","orange"
"375672",40040,"Quincy/Wells","07/03/2006","W",4982,2006-07-03,7,"Jul",2006,3,"Monday","(41.878723, -87.63374)","orange"
"375784",40040,"Quincy/Wells","01/15/2015","W",8267,2015-01-15,1,"Jan",2015,15,"Thursday","(41.878723, -87.63374)","orange"
"375904",40040,"Quincy/Wells","06/18/2017","U",1402,2017-06-18,6,"Jun",2017,18,"Sunday","(41.878723, -87.63374)","orange"
"376023",40040,"Quincy/Wells","09/10/2008","W",7596,2008-09-10,9,"Sep",2008,10,"Wednesday","(41.878723, -87.63374)","orange"
"376438",40040,"Quincy/Wells","01/25/2009","U",733,2009-01-25,1,"Jan",2009,25,"Sunday","(41.878723, -87.63374)","orange"
"376451",40040,"Quincy/Wells","01/21/2008","W",4055,2008-01-21,1,"Jan",2008,21,"Monday","(41.878723, -87.63374)","orange"
"376592",40040,"Quincy/Wells","07/23/2012","W",8662,2012-07-23,7,"Jul",2012,23,"Monday","(41.878723, -87.63374)","orange"
"376723",40040,"Quincy/Wells","11/04/2011","W",9063,2011-11-04,11,"Nov",2011,4,"Friday","(41.878723, -87.63374)","orange"
"376762",40040,"Quincy/Wells","04/21/2014","W",8661,2014-04-21,4,"Apr",2014,21,"Monday","(41.878723, -87.63374)","orange"
"376779",40040,"Quincy/Wells","07/02/2001","W",8215,2001-07-02,7,"Jul",2001,2,"Monday","(41.878723, -87.63374)","orange"
"376816",40040,"Quincy/Wells","10/06/2016","W",8608,2016-10-06,10,"Oct",2016,6,"Thursday","(41.878723, -87.63374)","orange"
"377185",40040,"Quincy/Wells","08/13/2013","W",8921,2013-08-13,8,"Aug",2013,13,"Tuesday","(41.878723, -87.63374)","orange"
"377265",40040,"Quincy/Wells","03/27/2002","W",7575,2002-03-27,3,"Mar",2002,27,"Wednesday","(41.878723, -87.63374)","orange"
"377386",40040,"Quincy/Wells","09/22/2015","W",8454,2015-09-22,9,"Sep",2015,22,"Tuesday","(41.878723, -87.63374)","orange"
"377579",40040,"Quincy/Wells","03/24/2003","W",7029,2003-03-24,3,"Mar",2003,24,"Monday","(41.878723, -87.63374)","orange"
"377609",40040,"Quincy/Wells","12/17/2003","W",6250,2003-12-17,12,"Dec",2003,17,"Wednesday","(41.878723, -87.63374)","orange"
"377800",40040,"Quincy/Wells","08/18/2007","A",1771,2007-08-18,8,"Aug",2007,18,"Saturday","(41.878723, -87.63374)","orange"
"377889",40040,"Quincy/Wells","08/22/2005","W",6962,2005-08-22,8,"Aug",2005,22,"Monday","(41.878723, -87.63374)","orange"
"377929",40040,"Quincy/Wells","02/25/2001","U",541,2001-02-25,2,"Feb",2001,25,"Sunday","(41.878723, -87.63374)","orange"
"378152",40040,"Quincy/Wells","09/11/2011","U",1684,2011-09-11,9,"Sep",2011,11,"Sunday","(41.878723, -87.63374)","orange"
"378240",40040,"Quincy/Wells","05/27/2006","A",1495,2006-05-27,5,"May",2006,27,"Saturday","(41.878723, -87.63374)","orange"
"378622",40040,"Quincy/Wells","03/25/2011","W",7400,2011-03-25,3,"Mar",2011,25,"Friday","(41.878723, -87.63374)","orange"
"378658",40040,"Quincy/Wells","07/19/2014","A",2422,2014-07-19,7,"Jul",2014,19,"Saturday","(41.878723, -87.63374)","orange"
"378889",40040,"Quincy/Wells","10/10/2016","W",7506,2016-10-10,10,"Oct",2016,10,"Monday","(41.878723, -87.63374)","orange"
"379078",40040,"Quincy/Wells","06/22/2017","W",8722,2017-06-22,6,"Jun",2017,22,"Thursday","(41.878723, -87.63374)","orange"
"379298",40040,"Quincy/Wells","02/22/2017","W",7863,2017-02-22,2,"Feb",2017,22,"Wednesday","(41.878723, -87.63374)","orange"
"379349",40040,"Quincy/Wells","11/05/2017","U",1266,2017-11-05,11,"Nov",2017,5,"Sunday","(41.878723, -87.63374)","orange"
"379538",40040,"Quincy/Wells","04/07/2005","W",6412,2005-04-07,4,"Apr",2005,7,"Thursday","(41.878723, -87.63374)","orange"
"379645",40040,"Quincy/Wells","12/13/2011","W",8065,2011-12-13,12,"Dec",2011,13,"Tuesday","(41.878723, -87.63374)","orange"
"379972",40040,"Quincy/Wells","06/19/2012","W",8399,2012-06-19,6,"Jun",2012,19,"Tuesday","(41.878723, -87.63374)","orange"
"380058",40040,"Quincy/Wells","08/17/2005","W",6838,2005-08-17,8,"Aug",2005,17,"Wednesday","(41.878723, -87.63374)","orange"
"380072",40040,"Quincy/Wells","03/03/2003","W",7161,2003-03-03,3,"Mar",2003,3,"Monday","(41.878723, -87.63374)","orange"
"380140",40040,"Quincy/Wells","02/10/2003","W",7213,2003-02-10,2,"Feb",2003,10,"Monday","(41.878723, -87.63374)","orange"
"380226",40040,"Quincy/Wells","02/06/2002","W",7659,2002-02-06,2,"Feb",2002,6,"Wednesday","(41.878723, -87.63374)","orange"
"380299",40040,"Quincy/Wells","04/18/2004","U",809,2004-04-18,4,"Apr",2004,18,"Sunday","(41.878723, -87.63374)","orange"
"380548",40040,"Quincy/Wells","11/24/2012","A",1909,2012-11-24,11,"Nov",2012,24,"Saturday","(41.878723, -87.63374)","orange"
"380598",40040,"Quincy/Wells","09/10/2016","A",1628,2016-09-10,9,"Sep",2016,10,"Saturday","(41.878723, -87.63374)","orange"
"380768",40040,"Quincy/Wells","01/22/2006","U",774,2006-01-22,1,"Jan",2006,22,"Sunday","(41.878723, -87.63374)","orange"
"380799",40040,"Quincy/Wells","07/29/2005","W",6383,2005-07-29,7,"Jul",2005,29,"Friday","(41.878723, -87.63374)","orange"
"381071",40040,"Quincy/Wells","05/09/2001","W",7969,2001-05-09,5,"May",2001,9,"Wednesday","(41.878723, -87.63374)","orange"
"381233",40040,"Quincy/Wells","02/04/2004","W",6816,2004-02-04,2,"Feb",2004,4,"Wednesday","(41.878723, -87.63374)","orange"
"381761",40040,"Quincy/Wells","03/04/2009","W",7446,2009-03-04,3,"Mar",2009,4,"Wednesday","(41.878723, -87.63374)","orange"
"381981",40040,"Quincy/Wells","05/14/2002","W",7736,2002-05-14,5,"May",2002,14,"Tuesday","(41.878723, -87.63374)","orange"
"382019",40040,"Quincy/Wells","09/04/2002","W",7657,2002-09-04,9,"Sep",2002,4,"Wednesday","(41.878723, -87.63374)","orange"
"382100",40040,"Quincy/Wells","03/29/2010","W",7198,2010-03-29,3,"Mar",2010,29,"Monday","(41.878723, -87.63374)","orange"
"382541",40040,"Quincy/Wells","03/26/2007","W",7384,2007-03-26,3,"Mar",2007,26,"Monday","(41.878723, -87.63374)","orange"
"382707",40040,"Quincy/Wells","07/30/2004","W",6072,2004-07-30,7,"Jul",2004,30,"Friday","(41.878723, -87.63374)","orange"
"382805",40040,"Quincy/Wells","03/19/2001","W",7756,2001-03-19,3,"Mar",2001,19,"Monday","(41.878723, -87.63374)","orange"
"383049",40040,"Quincy/Wells","06/18/2013","W",8631,2013-06-18,6,"Jun",2013,18,"Tuesday","(41.878723, -87.63374)","orange"
"383095",40040,"Quincy/Wells","01/01/2010","U",1098,2010-01-01,1,"Jan",2010,1,"Friday","(41.878723, -87.63374)","orange"
"383306",40040,"Quincy/Wells","03/30/2008","U",1184,2008-03-30,3,"Mar",2008,30,"Sunday","(41.878723, -87.63374)","orange"
"383386",40040,"Quincy/Wells","01/13/2004","W",6863,2004-01-13,1,"Jan",2004,13,"Tuesday","(41.878723, -87.63374)","orange"
"383387",40040,"Quincy/Wells","03/15/2013","W",8149,2013-03-15,3,"Mar",2013,15,"Friday","(41.878723, -87.63374)","orange"
"383864",40040,"Quincy/Wells","08/23/2016","W",8396,2016-08-23,8,"Aug",2016,23,"Tuesday","(41.878723, -87.63374)","orange"
"384059",40040,"Quincy/Wells","07/21/2002","U",936,2002-07-21,7,"Jul",2002,21,"Sunday","(41.878723, -87.63374)","orange"
"384208",40040,"Quincy/Wells","05/02/2011","W",7769,2011-05-02,5,"May",2011,2,"Monday","(41.878723, -87.63374)","orange"
"384814",40040,"Quincy/Wells","03/09/2009","W",7511,2009-03-09,3,"Mar",2009,9,"Monday","(41.878723, -87.63374)","orange"
"384834",40040,"Quincy/Wells","02/23/2007","W",7008,2007-02-23,2,"Feb",2007,23,"Friday","(41.878723, -87.63374)","orange"
"384932",40040,"Quincy/Wells","01/08/2015","W",7906,2015-01-08,1,"Jan",2015,8,"Thursday","(41.878723, -87.63374)","orange"
"385340",40040,"Quincy/Wells","06/12/2017","W",8977,2017-06-12,6,"Jun",2017,12,"Monday","(41.878723, -87.63374)","orange"
"385718",40040,"Quincy/Wells","09/23/2007","U",1737,2007-09-23,9,"Sep",2007,23,"Sunday","(41.878723, -87.63374)","orange"
"385775",40040,"Quincy/Wells","03/26/2014","W",8681,2014-03-26,3,"Mar",2014,26,"Wednesday","(41.878723, -87.63374)","orange"
"385778",40040,"Quincy/Wells","09/27/2010","W",7418,2010-09-27,9,"Sep",2010,27,"Monday","(41.878723, -87.63374)","orange"
"386030",40040,"Quincy/Wells","08/20/2012","W",8329,2012-08-20,8,"Aug",2012,20,"Monday","(41.878723, -87.63374)","orange"
"386197",40040,"Quincy/Wells","11/03/2016","W",8033,2016-11-03,11,"Nov",2016,3,"Thursday","(41.878723, -87.63374)","orange"
"386378",40040,"Quincy/Wells","10/04/2007","W",7135,2007-10-04,10,"Oct",2007,4,"Thursday","(41.878723, -87.63374)","orange"
"386619",40040,"Quincy/Wells","01/23/2012","W",8263,2012-01-23,1,"Jan",2012,23,"Monday","(41.878723, -87.63374)","orange"
"386763",40040,"Quincy/Wells","08/01/2011","W",8890,2011-08-01,8,"Aug",2011,1,"Monday","(41.878723, -87.63374)","orange"
"386767",40040,"Quincy/Wells","06/27/2001","W",8397,2001-06-27,6,"Jun",2001,27,"Wednesday","(41.878723, -87.63374)","orange"
"386788",40040,"Quincy/Wells","08/17/2016","W",8799,2016-08-17,8,"Aug",2016,17,"Wednesday","(41.878723, -87.63374)","orange"
"386880",40040,"Quincy/Wells","10/09/2001","W",8021,2001-10-09,10,"Oct",2001,9,"Tuesday","(41.878723, -87.63374)","orange"
"387361",40040,"Quincy/Wells","05/26/2012","A",1839,2012-05-26,5,"May",2012,26,"Saturday","(41.878723, -87.63374)","orange"
"387547",40040,"Quincy/Wells","09/29/2010","W",7247,2010-09-29,9,"Sep",2010,29,"Wednesday","(41.878723, -87.63374)","orange"
"387563",40040,"Quincy/Wells","05/14/2014","W",8591,2014-05-14,5,"May",2014,14,"Wednesday","(41.878723, -87.63374)","orange"
"387774",40040,"Quincy/Wells","05/07/2011","A",1880,2011-05-07,5,"May",2011,7,"Saturday","(41.878723, -87.63374)","orange"
"387778",40040,"Quincy/Wells","10/21/2010","W",7560,2010-10-21,10,"Oct",2010,21,"Thursday","(41.878723, -87.63374)","orange"
"387782",40040,"Quincy/Wells","10/16/2011","U",1888,2011-10-16,10,"Oct",2011,16,"Sunday","(41.878723, -87.63374)","orange"
"388677",40040,"Quincy/Wells","04/21/2012","A",37,2012-04-21,4,"Apr",2012,21,"Saturday","(41.878723, -87.63374)","orange"
"388765",40040,"Quincy/Wells","03/18/2001","U",38,2001-03-18,3,"Mar",2001,18,"Sunday","(41.878723, -87.63374)","orange"
"388882",40040,"Quincy/Wells","01/26/2001","W",7832,2001-01-26,1,"Jan",2001,26,"Friday","(41.878723, -87.63374)","orange"
"388942",40040,"Quincy/Wells","11/27/2016","U",1372,2016-11-27,11,"Nov",2016,27,"Sunday","(41.878723, -87.63374)","orange"
"388961",40040,"Quincy/Wells","09/03/2003","W",7137,2003-09-03,9,"Sep",2003,3,"Wednesday","(41.878723, -87.63374)","orange"
"389116",40040,"Quincy/Wells","10/30/2001","W",8133,2001-10-30,10,"Oct",2001,30,"Tuesday","(41.878723, -87.63374)","orange"
"389190",40040,"Quincy/Wells","11/06/2007","W",7338,2007-11-06,11,"Nov",2007,6,"Tuesday","(41.878723, -87.63374)","orange"
"389196",40040,"Quincy/Wells","10/18/2006","W",7729,2006-10-18,10,"Oct",2006,18,"Wednesday","(41.878723, -87.63374)","orange"
"389254",40040,"Quincy/Wells","11/26/2004","W",2212,2004-11-26,11,"Nov",2004,26,"Friday","(41.878723, -87.63374)","orange"
"389279",40040,"Quincy/Wells","04/11/2013","W",7977,2013-04-11,4,"Apr",2013,11,"Thursday","(41.878723, -87.63374)","orange"
"389302",40040,"Quincy/Wells","10/30/2016","U",1573,2016-10-30,10,"Oct",2016,30,"Sunday","(41.878723, -87.63374)","orange"
"389513",40040,"Quincy/Wells","09/17/2003","W",7128,2003-09-17,9,"Sep",2003,17,"Wednesday","(41.878723, -87.63374)","orange"
"389550",40040,"Quincy/Wells","01/29/2004","W",6638,2004-01-29,1,"Jan",2004,29,"Thursday","(41.878723, -87.63374)","orange"
"389863",40040,"Quincy/Wells","08/15/2011","W",8375,2011-08-15,8,"Aug",2011,15,"Monday","(41.878723, -87.63374)","orange"
"389936",40040,"Quincy/Wells","09/01/2002","U",1039,2002-09-01,9,"Sep",2002,1,"Sunday","(41.878723, -87.63374)","orange"
"389990",40040,"Quincy/Wells","10/27/2008","W",7706,2008-10-27,10,"Oct",2008,27,"Monday","(41.878723, -87.63374)","orange"
"390648",40040,"Quincy/Wells","08/08/2009","A",2220,2009-08-08,8,"Aug",2009,8,"Saturday","(41.878723, -87.63374)","orange"
"390679",40040,"Quincy/Wells","02/07/2011","W",7988,2011-02-07,2,"Feb",2011,7,"Monday","(41.878723, -87.63374)","orange"
"390699",40040,"Quincy/Wells","07/26/2014","A",2175,2014-07-26,7,"Jul",2014,26,"Saturday","(41.878723, -87.63374)","orange"
"391216",40040,"Quincy/Wells","08/02/2005","W",6956,2005-08-02,8,"Aug",2005,2,"Tuesday","(41.878723, -87.63374)","orange"
"391743",40040,"Quincy/Wells","10/09/2014","W",8476,2014-10-09,10,"Oct",2014,9,"Thursday","(41.878723, -87.63374)","orange"
"391934",40040,"Quincy/Wells","01/12/2017","W",8313,2017-01-12,1,"Jan",2017,12,"Thursday","(41.878723, -87.63374)","orange"
"392520",40040,"Quincy/Wells","04/04/2012","W",8368,2012-04-04,4,"Apr",2012,4,"Wednesday","(41.878723, -87.63374)","orange"
"392525",40040,"Quincy/Wells","11/22/2017","W",5439,2017-11-22,11,"Nov",2017,22,"Wednesday","(41.878723, -87.63374)","orange"
"392572",40040,"Quincy/Wells","03/31/2006","W",6573,2006-03-31,3,"Mar",2006,31,"Friday","(41.878723, -87.63374)","orange"
"392757",40040,"Quincy/Wells","08/27/2008","W",7439,2008-08-27,8,"Aug",2008,27,"Wednesday","(41.878723, -87.63374)","orange"
"392840",40040,"Quincy/Wells","04/03/2009","W",7029,2009-04-03,4,"Apr",2009,3,"Friday","(41.878723, -87.63374)","orange"
"393012",40040,"Quincy/Wells","11/24/2011","U",1198,2011-11-24,11,"Nov",2011,24,"Thursday","(41.878723, -87.63374)","orange"
"393097",40040,"Quincy/Wells","12/11/2001","W",7565,2001-12-11,12,"Dec",2001,11,"Tuesday","(41.878723, -87.63374)","orange"
"393098",40040,"Quincy/Wells","07/06/2010","W",7755,2010-07-06,7,"Jul",2010,6,"Tuesday","(41.878723, -87.63374)","orange"
"393384",40040,"Quincy/Wells","06/30/2005","W",6907,2005-06-30,6,"Jun",2005,30,"Thursday","(41.878723, -87.63374)","orange"
"393566",40040,"Quincy/Wells","04/17/2005","U",843,2005-04-17,4,"Apr",2005,17,"Sunday","(41.878723, -87.63374)","orange"
"393720",40040,"Quincy/Wells","10/16/2016","U",1565,2016-10-16,10,"Oct",2016,16,"Sunday","(41.878723, -87.63374)","orange"
"393784",40040,"Quincy/Wells","03/09/2014","U",1670,2014-03-09,3,"Mar",2014,9,"Sunday","(41.878723, -87.63374)","orange"
"393864",40040,"Quincy/Wells","08/23/2008","A",2143,2008-08-23,8,"Aug",2008,23,"Saturday","(41.878723, -87.63374)","orange"
"393911",40040,"Quincy/Wells","08/04/2004","W",6633,2004-08-04,8,"Aug",2004,4,"Wednesday","(41.878723, -87.63374)","orange"
"393928",40040,"Quincy/Wells","01/13/2017","W",7570,2017-01-13,1,"Jan",2017,13,"Friday","(41.878723, -87.63374)","orange"
"394098",40040,"Quincy/Wells","05/23/2017","W",9375,2017-05-23,5,"May",2017,23,"Tuesday","(41.878723, -87.63374)","orange"
"394457",40040,"Quincy/Wells","10/26/2009","W",7552,2009-10-26,10,"Oct",2009,26,"Monday","(41.878723, -87.63374)","orange"
"394574",40040,"Quincy/Wells","12/05/2005","W",6542,2005-12-05,12,"Dec",2005,5,"Monday","(41.878723, -87.63374)","orange"
"394638",40040,"Quincy/Wells","04/20/2008","U",1554,2008-04-20,4,"Apr",2008,20,"Sunday","(41.878723, -87.63374)","orange"
"394675",40040,"Quincy/Wells","08/31/2003","U",936,2003-08-31,8,"Aug",2003,31,"Sunday","(41.878723, -87.63374)","orange"
"394701",40040,"Quincy/Wells","06/17/2001","U",845,2001-06-17,6,"Jun",2001,17,"Sunday","(41.878723, -87.63374)","orange"
"394793",40040,"Quincy/Wells","10/25/2009","U",1703,2009-10-25,10,"Oct",2009,25,"Sunday","(41.878723, -87.63374)","orange"
"394998",40040,"Quincy/Wells","03/28/2011","W",7857,2011-03-28,3,"Mar",2011,28,"Monday","(41.878723, -87.63374)","orange"
"395164",40040,"Quincy/Wells","04/23/2008","W",7190,2008-04-23,4,"Apr",2008,23,"Wednesday","(41.878723, -87.63374)","orange"
"395181",40040,"Quincy/Wells","07/07/2007","A",1574,2007-07-07,7,"Jul",2007,7,"Saturday","(41.878723, -87.63374)","orange"
"395216",40040,"Quincy/Wells","05/15/2006","W",7125,2006-05-15,5,"May",2006,15,"Monday","(41.878723, -87.63374)","orange"
"395625",40040,"Quincy/Wells","12/08/2009","W",7402,2009-12-08,12,"Dec",2009,8,"Tuesday","(41.878723, -87.63374)","orange"
"395663",40040,"Quincy/Wells","05/28/2014","W",8737,2014-05-28,5,"May",2014,28,"Wednesday","(41.878723, -87.63374)","orange"
"395795",40040,"Quincy/Wells","07/11/2016","W",8934,2016-07-11,7,"Jul",2016,11,"Monday","(41.878723, -87.63374)","orange"
"395834",40040,"Quincy/Wells","07/21/2003","W",7056,2003-07-21,7,"Jul",2003,21,"Monday","(41.878723, -87.63374)","orange"
"396013",40040,"Quincy/Wells","04/26/2015","U",1497,2015-04-26,4,"Apr",2015,26,"Sunday","(41.878723, -87.63374)","orange"
"396134",40040,"Quincy/Wells","02/28/2010","U",1336,2010-02-28,2,"Feb",2010,28,"Sunday","(41.878723, -87.63374)","orange"
"396200",40040,"Quincy/Wells","04/25/2006","W",7148,2006-04-25,4,"Apr",2006,25,"Tuesday","(41.878723, -87.63374)","orange"
"396386",40040,"Quincy/Wells","06/10/2006","A",1107,2006-06-10,6,"Jun",2006,10,"Saturday","(41.878723, -87.63374)","orange"
"396429",40040,"Quincy/Wells","04/25/2002","W",7846,2002-04-25,4,"Apr",2002,25,"Thursday","(41.878723, -87.63374)","orange"
"396512",40040,"Quincy/Wells","11/13/2016","U",1318,2016-11-13,11,"Nov",2016,13,"Sunday","(41.878723, -87.63374)","orange"
"396633",40040,"Quincy/Wells","07/09/2004","W",6329,2004-07-09,7,"Jul",2004,9,"Friday","(41.878723, -87.63374)","orange"
"396730",40040,"Quincy/Wells","12/19/2002","W",6581,2002-12-19,12,"Dec",2002,19,"Thursday","(41.878723, -87.63374)","orange"
"396915",40040,"Quincy/Wells","09/23/2001","U",578,2001-09-23,9,"Sep",2001,23,"Sunday","(41.878723, -87.63374)","orange"
"397110",40040,"Quincy/Wells","10/10/2012","W",8782,2012-10-10,10,"Oct",2012,10,"Wednesday","(41.878723, -87.63374)","orange"
"397206",40040,"Quincy/Wells","04/03/2008","W",7350,2008-04-03,4,"Apr",2008,3,"Thursday","(41.878723, -87.63374)","orange"
"397247",40040,"Quincy/Wells","05/24/2006","W",7010,2006-05-24,5,"May",2006,24,"Wednesday","(41.878723, -87.63374)","orange"
"397411",40040,"Quincy/Wells","04/22/2017","A",1494,2017-04-22,4,"Apr",2017,22,"Saturday","(41.878723, -87.63374)","orange"
"397452",40040,"Quincy/Wells","07/10/2011","U",1658,2011-07-10,7,"Jul",2011,10,"Sunday","(41.878723, -87.63374)","orange"
"397491",40040,"Quincy/Wells","07/06/2003","U",917,2003-07-06,7,"Jul",2003,6,"Sunday","(41.878723, -87.63374)","orange"
"397613",40040,"Quincy/Wells","11/18/2010","W",7505,2010-11-18,11,"Nov",2010,18,"Thursday","(41.878723, -87.63374)","orange"
"397656",40040,"Quincy/Wells","06/03/2017","A",1559,2017-06-03,6,"Jun",2017,3,"Saturday","(41.878723, -87.63374)","orange"
"397840",40040,"Quincy/Wells","12/19/2001","W",7207,2001-12-19,12,"Dec",2001,19,"Wednesday","(41.878723, -87.63374)","orange"
"397967",40040,"Quincy/Wells","06/10/2014","W",9085,2014-06-10,6,"Jun",2014,10,"Tuesday","(41.878723, -87.63374)","orange"
"398079",40040,"Quincy/Wells","01/21/2015","W",8192,2015-01-21,1,"Jan",2015,21,"Wednesday","(41.878723, -87.63374)","orange"
"398230",40040,"Quincy/Wells","10/20/2003","W",7195,2003-10-20,10,"Oct",2003,20,"Monday","(41.878723, -87.63374)","orange"
"398298",40040,"Quincy/Wells","11/13/2010","A",1700,2010-11-13,11,"Nov",2010,13,"Saturday","(41.878723, -87.63374)","orange"
"399002",40040,"Quincy/Wells","03/29/2017","W",8588,2017-03-29,3,"Mar",2017,29,"Wednesday","(41.878723, -87.63374)","orange"
"399026",40040,"Quincy/Wells","04/03/2005","U",846,2005-04-03,4,"Apr",2005,3,"Sunday","(41.878723, -87.63374)","orange"
"399059",40040,"Quincy/Wells","09/29/2009","W",7609,2009-09-29,9,"Sep",2009,29,"Tuesday","(41.878723, -87.63374)","orange"
"399337",40040,"Quincy/Wells","04/28/2005","W",6602,2005-04-28,4,"Apr",2005,28,"Thursday","(41.878723, -87.63374)","orange"
"399383",40040,"Quincy/Wells","03/21/2003","W",6708,2003-03-21,3,"Mar",2003,21,"Friday","(41.878723, -87.63374)","orange"
"399407",40040,"Quincy/Wells","11/29/2010","W",7495,2010-11-29,11,"Nov",2010,29,"Monday","(41.878723, -87.63374)","orange"
"399539",40040,"Quincy/Wells","09/03/2010","W",6673,2010-09-03,9,"Sep",2010,3,"Friday","(41.878723, -87.63374)","orange"
"399666",40040,"Quincy/Wells","08/05/2003","W",7179,2003-08-05,8,"Aug",2003,5,"Tuesday","(41.878723, -87.63374)","orange"
"400041",40040,"Quincy/Wells","08/01/2011","W",8919,2011-08-01,8,"Aug",2011,1,"Monday","(41.878723, -87.63374)","orange"
"400058",40040,"Quincy/Wells","03/01/2011","W",7151,2011-03-01,3,"Mar",2011,1,"Tuesday","(41.878723, -87.63374)","orange"
"400339",40040,"Quincy/Wells","07/30/2015","W",8493,2015-07-30,7,"Jul",2015,30,"Thursday","(41.878723, -87.63374)","orange"
"400394",40040,"Quincy/Wells","08/17/2009","W",7531,2009-08-17,8,"Aug",2009,17,"Monday","(41.878723, -87.63374)","orange"
"400519",40040,"Quincy/Wells","04/09/2001","W",8342,2001-04-09,4,"Apr",2001,9,"Monday","(41.878723, -87.63374)","orange"
"400631",40040,"Quincy/Wells","08/15/2004","U",827,2004-08-15,8,"Aug",2004,15,"Sunday","(41.878723, -87.63374)","orange"
"400634",40040,"Quincy/Wells","12/16/2015","W",7889,2015-12-16,12,"Dec",2015,16,"Wednesday","(41.878723, -87.63374)","orange"
"400781",40040,"Quincy/Wells","05/28/2006","U",1226,2006-05-28,5,"May",2006,28,"Sunday","(41.878723, -87.63374)","orange"
"401247",40040,"Quincy/Wells","12/18/2004","A",854,2004-12-18,12,"Dec",2004,18,"Saturday","(41.878723, -87.63374)","orange"
"401423",40040,"Quincy/Wells","08/24/2003","U",840,2003-08-24,8,"Aug",2003,24,"Sunday","(41.878723, -87.63374)","orange"
"401534",40040,"Quincy/Wells","12/14/2007","W",6166,2007-12-14,12,"Dec",2007,14,"Friday","(41.878723, -87.63374)","orange"
"401574",40040,"Quincy/Wells","06/20/2008","W",7232,2008-06-20,6,"Jun",2008,20,"Friday","(41.878723, -87.63374)","orange"
"401706",40040,"Quincy/Wells","04/08/2005","W",6131,2005-04-08,4,"Apr",2005,8,"Friday","(41.878723, -87.63374)","orange"
"401866",40040,"Quincy/Wells","03/02/2013","A",909,2013-03-02,3,"Mar",2013,2,"Saturday","(41.878723, -87.63374)","orange"
"401869",40040,"Quincy/Wells","07/14/2010","W",7665,2010-07-14,7,"Jul",2010,14,"Wednesday","(41.878723, -87.63374)","orange"
"402328",40040,"Quincy/Wells","05/22/2013","W",8390,2013-05-22,5,"May",2013,22,"Wednesday","(41.878723, -87.63374)","orange"
"402361",40040,"Quincy/Wells","09/26/2004","U",923,2004-09-26,9,"Sep",2004,26,"Sunday","(41.878723, -87.63374)","orange"
"402425",40040,"Quincy/Wells","12/29/2010","W",5971,2010-12-29,12,"Dec",2010,29,"Wednesday","(41.878723, -87.63374)","orange"
"402861",40040,"Quincy/Wells","10/15/2002","W",7693,2002-10-15,10,"Oct",2002,15,"Tuesday","(41.878723, -87.63374)","orange"
"403033",40040,"Quincy/Wells","11/28/2002","U",528,2002-11-28,11,"Nov",2002,28,"Thursday","(41.878723, -87.63374)","orange"
"403149",40040,"Quincy/Wells","06/07/2002","W",7100,2002-06-07,6,"Jun",2002,7,"Friday","(41.878723, -87.63374)","orange"
"403164",40040,"Quincy/Wells","09/24/2003","W",7073,2003-09-24,9,"Sep",2003,24,"Wednesday","(41.878723, -87.63374)","orange"
"403252",40040,"Quincy/Wells","03/13/2009","W",7336,2009-03-13,3,"Mar",2009,13,"Friday","(41.878723, -87.63374)","orange"
"403510",40040,"Quincy/Wells","12/18/2011","U",1311,2011-12-18,12,"Dec",2011,18,"Sunday","(41.878723, -87.63374)","orange"
"403610",40040,"Quincy/Wells","07/22/2012","U",0,2012-07-22,7,"Jul",2012,22,"Sunday","(41.878723, -87.63374)","orange"
"403649",40040,"Quincy/Wells","09/07/2010","W",7665,2010-09-07,9,"Sep",2010,7,"Tuesday","(41.878723, -87.63374)","orange"
"403657",40040,"Quincy/Wells","01/25/2006","W",6918,2006-01-25,1,"Jan",2006,25,"Wednesday","(41.878723, -87.63374)","orange"
"403688",40040,"Quincy/Wells","04/05/2001","W",7997,2001-04-05,4,"Apr",2001,5,"Thursday","(41.878723, -87.63374)","orange"
"403700",40040,"Quincy/Wells","03/13/2013","W",8050,2013-03-13,3,"Mar",2013,13,"Wednesday","(41.878723, -87.63374)","orange"
"403790",40040,"Quincy/Wells","04/10/2006","W",6923,2006-04-10,4,"Apr",2006,10,"Monday","(41.878723, -87.63374)","orange"
"404163",40040,"Quincy/Wells","05/09/2006","W",6959,2006-05-09,5,"May",2006,9,"Tuesday","(41.878723, -87.63374)","orange"
"404387",40040,"Quincy/Wells","03/31/2010","W",7020,2010-03-31,3,"Mar",2010,31,"Wednesday","(41.878723, -87.63374)","orange"
"404919",40040,"Quincy/Wells","04/16/2014","W",8782,2014-04-16,4,"Apr",2014,16,"Wednesday","(41.878723, -87.63374)","orange"
"404924",40040,"Quincy/Wells","05/28/2004","W",5682,2004-05-28,5,"May",2004,28,"Friday","(41.878723, -87.63374)","orange"
"404992",40040,"Quincy/Wells","06/23/2007","A",1540,2007-06-23,6,"Jun",2007,23,"Saturday","(41.878723, -87.63374)","orange"
"405027",40040,"Quincy/Wells","03/10/2013","U",568,2013-03-10,3,"Mar",2013,10,"Sunday","(41.878723, -87.63374)","orange"
"405143",40040,"Quincy/Wells","02/11/2001","U",513,2001-02-11,2,"Feb",2001,11,"Sunday","(41.878723, -87.63374)","orange"
"405245",40040,"Quincy/Wells","02/07/2005","W",6502,2005-02-07,2,"Feb",2005,7,"Monday","(41.878723, -87.63374)","orange"
"405308",40040,"Quincy/Wells","09/13/2011","W",8653,2011-09-13,9,"Sep",2011,13,"Tuesday","(41.878723, -87.63374)","orange"
"405487",40040,"Quincy/Wells","04/17/2002","W",7509,2002-04-17,4,"Apr",2002,17,"Wednesday","(41.878723, -87.63374)","orange"
"405537",40040,"Quincy/Wells","08/14/2017","W",8509,2017-08-14,8,"Aug",2017,14,"Monday","(41.878723, -87.63374)","orange"
"405592",40040,"Quincy/Wells","03/21/2005","W",6583,2005-03-21,3,"Mar",2005,21,"Monday","(41.878723, -87.63374)","orange"
"405885",40040,"Quincy/Wells","11/30/2005","W",6710,2005-11-30,11,"Nov",2005,30,"Wednesday","(41.878723, -87.63374)","orange"
"405969",40040,"Quincy/Wells","08/03/2003","U",895,2003-08-03,8,"Aug",2003,3,"Sunday","(41.878723, -87.63374)","orange"
"406116",40040,"Quincy/Wells","02/20/2017","W",4771,2017-02-20,2,"Feb",2017,20,"Monday","(41.878723, -87.63374)","orange"
"406352",40040,"Quincy/Wells","05/10/2013","W",7275,2013-05-10,5,"May",2013,10,"Friday","(41.878723, -87.63374)","orange"
"406564",40040,"Quincy/Wells","05/14/2006","U",1072,2006-05-14,5,"May",2006,14,"Sunday","(41.878723, -87.63374)","orange"
"406658",40040,"Quincy/Wells","01/26/2014","U",1183,2014-01-26,1,"Jan",2014,26,"Sunday","(41.878723, -87.63374)","orange"
"406817",40040,"Quincy/Wells","09/12/2017","W",8756,2017-09-12,9,"Sep",2017,12,"Tuesday","(41.878723, -87.63374)","orange"
"406890",40040,"Quincy/Wells","07/02/2011","A",2290,2011-07-02,7,"Jul",2011,2,"Saturday","(41.878723, -87.63374)","orange"
"407048",40040,"Quincy/Wells","08/24/2014","U",1704,2014-08-24,8,"Aug",2014,24,"Sunday","(41.878723, -87.63374)","orange"
"407146",40040,"Quincy/Wells","01/10/2005","W",6562,2005-01-10,1,"Jan",2005,10,"Monday","(41.878723, -87.63374)","orange"
"407828",40040,"Quincy/Wells","07/28/2014","W",8860,2014-07-28,7,"Jul",2014,28,"Monday","(41.878723, -87.63374)","orange"
"408251",40040,"Quincy/Wells","07/17/2014","W",8418,2014-07-17,7,"Jul",2014,17,"Thursday","(41.878723, -87.63374)","orange"
"408357",40040,"Quincy/Wells","11/11/2007","U",1567,2007-11-11,11,"Nov",2007,11,"Sunday","(41.878723, -87.63374)","orange"
"408617",40040,"Quincy/Wells","03/29/2008","A",1815,2008-03-29,3,"Mar",2008,29,"Saturday","(41.878723, -87.63374)","orange"
"408676",40040,"Quincy/Wells","11/01/2006","W",7508,2006-11-01,11,"Nov",2006,1,"Wednesday","(41.878723, -87.63374)","orange"
"409003",40040,"Quincy/Wells","01/14/2016","W",8241,2016-01-14,1,"Jan",2016,14,"Thursday","(41.878723, -87.63374)","orange"
"409031",40040,"Quincy/Wells","10/16/2003","W",7013,2003-10-16,10,"Oct",2003,16,"Thursday","(41.878723, -87.63374)","orange"
"409086",40040,"Quincy/Wells","11/12/2010","W",7230,2010-11-12,11,"Nov",2010,12,"Friday","(41.878723, -87.63374)","orange"
"409423",40040,"Quincy/Wells","08/18/2012","A",2350,2012-08-18,8,"Aug",2012,18,"Saturday","(41.878723, -87.63374)","orange"
"409426",40040,"Quincy/Wells","12/02/2010","W",7204,2010-12-02,12,"Dec",2010,2,"Thursday","(41.878723, -87.63374)","orange"
"409661",40040,"Quincy/Wells","05/06/2015","W",7898,2015-05-06,5,"May",2015,6,"Wednesday","(41.878723, -87.63374)","orange"
"409682",40040,"Quincy/Wells","02/16/2016","W",8396,2016-02-16,2,"Feb",2016,16,"Tuesday","(41.878723, -87.63374)","orange"
"409859",40040,"Quincy/Wells","05/31/2017","W",8307,2017-05-31,5,"May",2017,31,"Wednesday","(41.878723, -87.63374)","orange"
"409884",40040,"Quincy/Wells","09/21/2009","W",7654,2009-09-21,9,"Sep",2009,21,"Monday","(41.878723, -87.63374)","orange"
"410015",40040,"Quincy/Wells","12/02/2006","A",748,2006-12-02,12,"Dec",2006,2,"Saturday","(41.878723, -87.63374)","orange"
"410069",40040,"Quincy/Wells","02/11/2016","W",7860,2016-02-11,2,"Feb",2016,11,"Thursday","(41.878723, -87.63374)","orange"
"410101",40040,"Quincy/Wells","03/28/2001","W",8108,2001-03-28,3,"Mar",2001,28,"Wednesday","(41.878723, -87.63374)","orange"
"410256",40040,"Quincy/Wells","10/17/2001","W",7901,2001-10-17,10,"Oct",2001,17,"Wednesday","(41.878723, -87.63374)","orange"
"410471",40040,"Quincy/Wells","02/14/2015","A",1583,2015-02-14,2,"Feb",2015,14,"Saturday","(41.878723, -87.63374)","orange"
"410482",40040,"Quincy/Wells","12/21/2001","W",5900,2001-12-21,12,"Dec",2001,21,"Friday","(41.878723, -87.63374)","orange"
"410663",40040,"Quincy/Wells","11/20/2010","A",1825,2010-11-20,11,"Nov",2010,20,"Saturday","(41.878723, -87.63374)","orange"
"410731",40040,"Quincy/Wells","06/05/2004","A",1066,2004-06-05,6,"Jun",2004,5,"Saturday","(41.878723, -87.63374)","orange"
"410958",40040,"Quincy/Wells","07/09/2003","W",7282,2003-07-09,7,"Jul",2003,9,"Wednesday","(41.878723, -87.63374)","orange"
"410990",40040,"Quincy/Wells","06/29/2012","W",7370,2012-06-29,6,"Jun",2012,29,"Friday","(41.878723, -87.63374)","orange"
"411290",40040,"Quincy/Wells","07/26/2003","A",1196,2003-07-26,7,"Jul",2003,26,"Saturday","(41.878723, -87.63374)","orange"
"411418",40040,"Quincy/Wells","08/24/2005","W",6957,2005-08-24,8,"Aug",2005,24,"Wednesday","(41.878723, -87.63374)","orange"
"411601",40040,"Quincy/Wells","10/20/2001","A",0,2001-10-20,10,"Oct",2001,20,"Saturday","(41.878723, -87.63374)","orange"
"411745",40040,"Quincy/Wells","11/30/2009","W",7350,2009-11-30,11,"Nov",2009,30,"Monday","(41.878723, -87.63374)","orange"
"412075",40040,"Quincy/Wells","09/20/2017","W",8521,2017-09-20,9,"Sep",2017,20,"Wednesday","(41.878723, -87.63374)","orange"
"412099",40040,"Quincy/Wells","11/06/2013","W",8733,2013-11-06,11,"Nov",2013,6,"Wednesday","(41.878723, -87.63374)","orange"
"412101",40040,"Quincy/Wells","03/22/2009","U",1314,2009-03-22,3,"Mar",2009,22,"Sunday","(41.878723, -87.63374)","orange"
"412216",40040,"Quincy/Wells","07/04/2007","U",1291,2007-07-04,7,"Jul",2007,4,"Wednesday","(41.878723, -87.63374)","orange"
"412287",40040,"Quincy/Wells","05/08/2002","W",7705,2002-05-08,5,"May",2002,8,"Wednesday","(41.878723, -87.63374)","orange"
"412297",40040,"Quincy/Wells","03/02/2010","W",7157,2010-03-02,3,"Mar",2010,2,"Tuesday","(41.878723, -87.63374)","orange"
"412744",40040,"Quincy/Wells","06/30/2015","W",8341,2015-06-30,6,"Jun",2015,30,"Tuesday","(41.878723, -87.63374)","orange"
"412787",40040,"Quincy/Wells","06/16/2002","U",704,2002-06-16,6,"Jun",2002,16,"Sunday","(41.878723, -87.63374)","orange"
"412812",40040,"Quincy/Wells","07/08/2009","W",8064,2009-07-08,7,"Jul",2009,8,"Wednesday","(41.878723, -87.63374)","orange"
"412907",40040,"Quincy/Wells","01/23/2013","W",8246,2013-01-23,1,"Jan",2013,23,"Wednesday","(41.878723, -87.63374)","orange"
"413404",40040,"Quincy/Wells","01/01/2017","U",1021,2017-01-01,1,"Jan",2017,1,"Sunday","(41.878723, -87.63374)","orange"
"413508",40040,"Quincy/Wells","10/27/2005","W",6965,2005-10-27,10,"Oct",2005,27,"Thursday","(41.878723, -87.63374)","orange"
"413527",40040,"Quincy/Wells","07/18/2016","W",8882,2016-07-18,7,"Jul",2016,18,"Monday","(41.878723, -87.63374)","orange"
"413598",40040,"Quincy/Wells","12/23/2006","A",769,2006-12-23,12,"Dec",2006,23,"Saturday","(41.878723, -87.63374)","orange"
"413657",40040,"Quincy/Wells","04/29/2012","U",1384,2012-04-29,4,"Apr",2012,29,"Sunday","(41.878723, -87.63374)","orange"
"413669",40040,"Quincy/Wells","03/07/2016","W",8343,2016-03-07,3,"Mar",2016,7,"Monday","(41.878723, -87.63374)","orange"
"413707",40040,"Quincy/Wells","10/23/2014","W",8377,2014-10-23,10,"Oct",2014,23,"Thursday","(41.878723, -87.63374)","orange"
"413779",40040,"Quincy/Wells","10/22/2002","W",7490,2002-10-22,10,"Oct",2002,22,"Tuesday","(41.878723, -87.63374)","orange"
"413829",40040,"Quincy/Wells","02/08/2013","W",7803,2013-02-08,2,"Feb",2013,8,"Friday","(41.878723, -87.63374)","orange"
"414232",40040,"Quincy/Wells","08/11/2007","A",1820,2007-08-11,8,"Aug",2007,11,"Saturday","(41.878723, -87.63374)","orange"
"414259",40040,"Quincy/Wells","05/12/2011","W",7872,2011-05-12,5,"May",2011,12,"Thursday","(41.878723, -87.63374)","orange"
"414675",40040,"Quincy/Wells","03/24/2007","A",1205,2007-03-24,3,"Mar",2007,24,"Saturday","(41.878723, -87.63374)","orange"
"414736",40040,"Quincy/Wells","11/08/2002","W",7198,2002-11-08,11,"Nov",2002,8,"Friday","(41.878723, -87.63374)","orange"
"415136",40040,"Quincy/Wells","05/26/2011","W",7933,2011-05-26,5,"May",2011,26,"Thursday","(41.878723, -87.63374)","orange"
"415351",40040,"Quincy/Wells","03/26/2008","W",7045,2008-03-26,3,"Mar",2008,26,"Wednesday","(41.878723, -87.63374)","orange"
"415404",40040,"Quincy/Wells","10/11/2006","W",7629,2006-10-11,10,"Oct",2006,11,"Wednesday","(41.878723, -87.63374)","orange"
"415420",40040,"Quincy/Wells","05/30/2014","W",7960,2014-05-30,5,"May",2014,30,"Friday","(41.878723, -87.63374)","orange"
"415577",40040,"Quincy/Wells","09/28/2015","W",8429,2015-09-28,9,"Sep",2015,28,"Monday","(41.878723, -87.63374)","orange"
"415658",40040,"Quincy/Wells","09/04/2010","A",2077,2010-09-04,9,"Sep",2010,4,"Saturday","(41.878723, -87.63374)","orange"
"415897",40040,"Quincy/Wells","08/29/2005","W",7051,2005-08-29,8,"Aug",2005,29,"Monday","(41.878723, -87.63374)","orange"
"416367",40040,"Quincy/Wells","11/13/2013","W",7890,2013-11-13,11,"Nov",2013,13,"Wednesday","(41.878723, -87.63374)","orange"
"416397",40040,"Quincy/Wells","11/04/2012","U",0,2012-11-04,11,"Nov",2012,4,"Sunday","(41.878723, -87.63374)","orange"
"416542",40040,"Quincy/Wells","11/29/2003","A",931,2003-11-29,11,"Nov",2003,29,"Saturday","(41.878723, -87.63374)","orange"
"416558",40040,"Quincy/Wells","08/09/2008","A",2485,2008-08-09,8,"Aug",2008,9,"Saturday","(41.878723, -87.63374)","orange"
"416642",40040,"Quincy/Wells","08/02/2006","W",7753,2006-08-02,8,"Aug",2006,2,"Wednesday","(41.878723, -87.63374)","orange"
"416788",40040,"Quincy/Wells","11/23/2001","W",2591,2001-11-23,11,"Nov",2001,23,"Friday","(41.878723, -87.63374)","orange"
"416819",40040,"Quincy/Wells","02/12/2017","U",1058,2017-02-12,2,"Feb",2017,12,"Sunday","(41.878723, -87.63374)","orange"
"417023",40040,"Quincy/Wells","01/16/2016","A",1481,2016-01-16,1,"Jan",2016,16,"Saturday","(41.878723, -87.63374)","orange"
"417033",40040,"Quincy/Wells","11/24/2009","W",7221,2009-11-24,11,"Nov",2009,24,"Tuesday","(41.878723, -87.63374)","orange"
"417131",40040,"Quincy/Wells","05/15/2016","U",1664,2016-05-15,5,"May",2016,15,"Sunday","(41.878723, -87.63374)","orange"
"417435",40040,"Quincy/Wells","05/30/2002","W",7717,2002-05-30,5,"May",2002,30,"Thursday","(41.878723, -87.63374)","orange"
"417719",40040,"Quincy/Wells","06/16/2012","A",0,2012-06-16,6,"Jun",2012,16,"Saturday","(41.878723, -87.63374)","orange"
"418224",40040,"Quincy/Wells","03/17/2012","A",2775,2012-03-17,3,"Mar",2012,17,"Saturday","(41.878723, -87.63374)","orange"
"418344",40040,"Quincy/Wells","10/20/2002","U",911,2002-10-20,10,"Oct",2002,20,"Sunday","(41.878723, -87.63374)","orange"
"418381",40040,"Quincy/Wells","02/12/2014","W",8423,2014-02-12,2,"Feb",2014,12,"Wednesday","(41.878723, -87.63374)","orange"
"418456",40040,"Quincy/Wells","05/01/2010","A",1671,2010-05-01,5,"May",2010,1,"Saturday","(41.878723, -87.63374)","orange"
"418693",40040,"Quincy/Wells","11/13/2001","W",7764,2001-11-13,11,"Nov",2001,13,"Tuesday","(41.878723, -87.63374)","orange"
"418863",40040,"Quincy/Wells","03/22/2017","W",8342,2017-03-22,3,"Mar",2017,22,"Wednesday","(41.878723, -87.63374)","orange"
"419247",40040,"Quincy/Wells","05/06/2012","U",1494,2012-05-06,5,"May",2012,6,"Sunday","(41.878723, -87.63374)","orange"
"419268",40040,"Quincy/Wells","08/12/2014","W",8620,2014-08-12,8,"Aug",2014,12,"Tuesday","(41.878723, -87.63374)","orange"
"419473",40040,"Quincy/Wells","03/04/2003","W",7476,2003-03-04,3,"Mar",2003,4,"Tuesday","(41.878723, -87.63374)","orange"
"419675",40040,"Quincy/Wells","07/18/2013","W",8738,2013-07-18,7,"Jul",2013,18,"Thursday","(41.878723, -87.63374)","orange"
"419773",40040,"Quincy/Wells","07/24/2015","W",7638,2015-07-24,7,"Jul",2015,24,"Friday","(41.878723, -87.63374)","orange"
"419788",40040,"Quincy/Wells","06/07/2016","W",8552,2016-06-07,6,"Jun",2016,7,"Tuesday","(41.878723, -87.63374)","orange"
"419857",40040,"Quincy/Wells","04/24/2008","W",7420,2008-04-24,4,"Apr",2008,24,"Thursday","(41.878723, -87.63374)","orange"
"419925",40040,"Quincy/Wells","04/24/2004","A",1091,2004-04-24,4,"Apr",2004,24,"Saturday","(41.878723, -87.63374)","orange"
"419967",40040,"Quincy/Wells","07/06/2002","A",1070,2002-07-06,7,"Jul",2002,6,"Saturday","(41.878723, -87.63374)","orange"
"420622",40040,"Quincy/Wells","08/20/2003","W",6851,2003-08-20,8,"Aug",2003,20,"Wednesday","(41.878723, -87.63374)","orange"
"420678",40040,"Quincy/Wells","09/03/2001","U",840,2001-09-03,9,"Sep",2001,3,"Monday","(41.878723, -87.63374)","orange"
"420996",40040,"Quincy/Wells","01/02/2006","U",888,2006-01-02,1,"Jan",2006,2,"Monday","(41.878723, -87.63374)","orange"
"421243",40040,"Quincy/Wells","05/08/2007","W",6519,2007-05-08,5,"May",2007,8,"Tuesday","(41.878723, -87.63374)","orange"
"421333",40040,"Quincy/Wells","05/25/2012","W",7068,2012-05-25,5,"May",2012,25,"Friday","(41.878723, -87.63374)","orange"
"421822",40040,"Quincy/Wells","08/06/2009","W",7959,2009-08-06,8,"Aug",2009,6,"Thursday","(41.878723, -87.63374)","orange"
"421828",40040,"Quincy/Wells","11/21/2015","A",1471,2015-11-21,11,"Nov",2015,21,"Saturday","(41.878723, -87.63374)","orange"
"422094",40040,"Quincy/Wells","03/05/2015","W",7961,2015-03-05,3,"Mar",2015,5,"Thursday","(41.878723, -87.63374)","orange"
"422291",40040,"Quincy/Wells","07/10/2006","W",7557,2006-07-10,7,"Jul",2006,10,"Monday","(41.878723, -87.63374)","orange"
"422361",40040,"Quincy/Wells","12/24/2004","W",865,2004-12-24,12,"Dec",2004,24,"Friday","(41.878723, -87.63374)","orange"
"422523",40040,"Quincy/Wells","02/15/2008","W",6812,2008-02-15,2,"Feb",2008,15,"Friday","(41.878723, -87.63374)","orange"
"422573",40040,"Quincy/Wells","06/19/2006","W",7285,2006-06-19,6,"Jun",2006,19,"Monday","(41.878723, -87.63374)","orange"
"422647",40040,"Quincy/Wells","03/20/2010","A",1407,2010-03-20,3,"Mar",2010,20,"Saturday","(41.878723, -87.63374)","orange"
"422844",40040,"Quincy/Wells","05/17/2003","A",1143,2003-05-17,5,"May",2003,17,"Saturday","(41.878723, -87.63374)","orange"
"422933",40040,"Quincy/Wells","04/08/2004","W",6556,2004-04-08,4,"Apr",2004,8,"Thursday","(41.878723, -87.63374)","orange"
"423120",40040,"Quincy/Wells","08/15/2003","W",6401,2003-08-15,8,"Aug",2003,15,"Friday","(41.878723, -87.63374)","orange"
"423478",40040,"Quincy/Wells","02/02/2008","A",1056,2008-02-02,2,"Feb",2008,2,"Saturday","(41.878723, -87.63374)","orange"
"423491",40040,"Quincy/Wells","10/08/2016","A",2304,2016-10-08,10,"Oct",2016,8,"Saturday","(41.878723, -87.63374)","orange"
"423650",40040,"Quincy/Wells","01/19/2003","U",544,2003-01-19,1,"Jan",2003,19,"Sunday","(41.878723, -87.63374)","orange"
"423697",40040,"Quincy/Wells","09/21/2001","W",7305,2001-09-21,9,"Sep",2001,21,"Friday","(41.878723, -87.63374)","orange"
"423721",40040,"Quincy/Wells","06/08/2010","W",7600,2010-06-08,6,"Jun",2010,8,"Tuesday","(41.878723, -87.63374)","orange"
"423932",40040,"Quincy/Wells","04/04/2001","W",8282,2001-04-04,4,"Apr",2001,4,"Wednesday","(41.878723, -87.63374)","orange"
"423973",40040,"Quincy/Wells","04/16/2013","W",8272,2013-04-16,4,"Apr",2013,16,"Tuesday","(41.878723, -87.63374)","orange"
"424068",40040,"Quincy/Wells","03/14/2015","A",2676,2015-03-14,3,"Mar",2015,14,"Saturday","(41.878723, -87.63374)","orange"
"424247",40040,"Quincy/Wells","10/04/2003","A",1225,2003-10-04,10,"Oct",2003,4,"Saturday","(41.878723, -87.63374)","orange"
"424309",40040,"Quincy/Wells","09/06/2008","A",2496,2008-09-06,9,"Sep",2008,6,"Saturday","(41.878723, -87.63374)","orange"
"424448",40040,"Quincy/Wells","09/22/2017","W",7536,2017-09-22,9,"Sep",2017,22,"Friday","(41.878723, -87.63374)","orange"
"424551",40040,"Quincy/Wells","10/14/2015","W",8479,2015-10-14,10,"Oct",2015,14,"Wednesday","(41.878723, -87.63374)","orange"
"424574",40040,"Quincy/Wells","10/30/2009","W",7211,2009-10-30,10,"Oct",2009,30,"Friday","(41.878723, -87.63374)","orange"
"424722",40040,"Quincy/Wells","01/30/2015","W",7593,2015-01-30,1,"Jan",2015,30,"Friday","(41.878723, -87.63374)","orange"
"424818",40040,"Quincy/Wells","11/22/2005","W",6740,2005-11-22,11,"Nov",2005,22,"Tuesday","(41.878723, -87.63374)","orange"
"425164",40040,"Quincy/Wells","12/22/2010","W",5873,2010-12-22,12,"Dec",2010,22,"Wednesday","(41.878723, -87.63374)","orange"
"425329",40040,"Quincy/Wells","11/10/2001","A",1024,2001-11-10,11,"Nov",2001,10,"Saturday","(41.878723, -87.63374)","orange"
"425333",40040,"Quincy/Wells","06/21/2003","A",1168,2003-06-21,6,"Jun",2003,21,"Saturday","(41.878723, -87.63374)","orange"
"425826",40040,"Quincy/Wells","04/13/2011","W",7653,2011-04-13,4,"Apr",2011,13,"Wednesday","(41.878723, -87.63374)","orange"
"425884",40040,"Quincy/Wells","05/31/2016","W",9333,2016-05-31,5,"May",2016,31,"Tuesday","(41.878723, -87.63374)","orange"
"425889",40040,"Quincy/Wells","07/19/2013","W",8740,2013-07-19,7,"Jul",2013,19,"Friday","(41.878723, -87.63374)","orange"
"426246",40040,"Quincy/Wells","11/24/2008","W",7228,2008-11-24,11,"Nov",2008,24,"Monday","(41.878723, -87.63374)","orange"
"426267",40040,"Quincy/Wells","04/13/2017","W",8073,2017-04-13,4,"Apr",2017,13,"Thursday","(41.878723, -87.63374)","orange"
"426299",40040,"Quincy/Wells","10/31/2009","A",1663,2009-10-31,10,"Oct",2009,31,"Saturday","(41.878723, -87.63374)","orange"
"426506",40040,"Quincy/Wells","01/12/2016","W",8543,2016-01-12,1,"Jan",2016,12,"Tuesday","(41.878723, -87.63374)","orange"
"426507",40040,"Quincy/Wells","12/16/2014","W",8075,2014-12-16,12,"Dec",2014,16,"Tuesday","(41.878723, -87.63374)","orange"
"426694",40040,"Quincy/Wells","05/15/2010","A",1860,2010-05-15,5,"May",2010,15,"Saturday","(41.878723, -87.63374)","orange"
"426714",40040,"Quincy/Wells","06/18/2012","W",8513,2012-06-18,6,"Jun",2012,18,"Monday","(41.878723, -87.63374)","orange"
"426727",40040,"Quincy/Wells","08/09/2017","W",8646,2017-08-09,8,"Aug",2017,9,"Wednesday","(41.878723, -87.63374)","orange"
"426786",40040,"Quincy/Wells","08/07/2009","W",7341,2009-08-07,8,"Aug",2009,7,"Friday","(41.878723, -87.63374)","orange"
"426806",40040,"Quincy/Wells","07/30/2017","U",1533,2017-07-30,7,"Jul",2017,30,"Sunday","(41.878723, -87.63374)","orange"
"427027",40040,"Quincy/Wells","09/10/2001","W",8320,2001-09-10,9,"Sep",2001,10,"Monday","(41.878723, -87.63374)","orange"
"427049",40040,"Quincy/Wells","06/28/2005","W",7279,2005-06-28,6,"Jun",2005,28,"Tuesday","(41.878723, -87.63374)","orange"
"427175",40040,"Quincy/Wells","08/29/2008","W",6810,2008-08-29,8,"Aug",2008,29,"Friday","(41.878723, -87.63374)","orange"
"427314",40040,"Quincy/Wells","05/12/2004","W",6128,2004-05-12,5,"May",2004,12,"Wednesday","(41.878723, -87.63374)","orange"
"427390",40040,"Quincy/Wells","08/07/2012","W",8843,2012-08-07,8,"Aug",2012,7,"Tuesday","(41.878723, -87.63374)","orange"
"427547",40040,"Quincy/Wells","01/27/2011","W",7550,2011-01-27,1,"Jan",2011,27,"Thursday","(41.878723, -87.63374)","orange"
"427771",40040,"Quincy/Wells","05/01/2009","W",7123,2009-05-01,5,"May",2009,1,"Friday","(41.878723, -87.63374)","orange"
"427830",40040,"Quincy/Wells","05/03/2013","W",3072,2013-05-03,5,"May",2013,3,"Friday","(41.878723, -87.63374)","orange"
"428148",40040,"Quincy/Wells","11/03/2005","W",7076,2005-11-03,11,"Nov",2005,3,"Thursday","(41.878723, -87.63374)","orange"
"428171",40040,"Quincy/Wells","10/09/2012","W",8815,2012-10-09,10,"Oct",2012,9,"Tuesday","(41.878723, -87.63374)","orange"
"428281",40040,"Quincy/Wells","08/16/2008","A",2134,2008-08-16,8,"Aug",2008,16,"Saturday","(41.878723, -87.63374)","orange"
"428749",40040,"Quincy/Wells","10/23/2016","U",1356,2016-10-23,10,"Oct",2016,23,"Sunday","(41.878723, -87.63374)","orange"
"428923",40040,"Quincy/Wells","07/10/2015","W",7814,2015-07-10,7,"Jul",2015,10,"Friday","(41.878723, -87.63374)","orange"
"428972",40040,"Quincy/Wells","12/22/2005","W",5320,2005-12-22,12,"Dec",2005,22,"Thursday","(41.878723, -87.63374)","orange"
"429091",40040,"Quincy/Wells","01/20/2007","A",1123,2007-01-20,1,"Jan",2007,20,"Saturday","(41.878723, -87.63374)","orange"
"429145",40040,"Quincy/Wells","06/06/2015","A",1608,2015-06-06,6,"Jun",2015,6,"Saturday","(41.878723, -87.63374)","orange"
"429401",40040,"Quincy/Wells","04/12/2009","U",1490,2009-04-12,4,"Apr",2009,12,"Sunday","(41.878723, -87.63374)","orange"
"429476",40040,"Quincy/Wells","08/16/2009","U",1832,2009-08-16,8,"Aug",2009,16,"Sunday","(41.878723, -87.63374)","orange"
"429572",40040,"Quincy/Wells","12/14/2012","W",7084,2012-12-14,12,"Dec",2012,14,"Friday","(41.878723, -87.63374)","orange"
"429633",40040,"Quincy/Wells","10/17/2016","W",8458,2016-10-17,10,"Oct",2016,17,"Monday","(41.878723, -87.63374)","orange"
"429686",40040,"Quincy/Wells","04/17/2001","W",8141,2001-04-17,4,"Apr",2001,17,"Tuesday","(41.878723, -87.63374)","orange"
"430008",40040,"Quincy/Wells","01/16/2012","W",4505,2012-01-16,1,"Jan",2012,16,"Monday","(41.878723, -87.63374)","orange"
"430140",40040,"Quincy/Wells","07/29/2004","W",6766,2004-07-29,7,"Jul",2004,29,"Thursday","(41.878723, -87.63374)","orange"
"430340",40040,"Quincy/Wells","03/27/2009","W",7043,2009-03-27,3,"Mar",2009,27,"Friday","(41.878723, -87.63374)","orange"
"430588",40040,"Quincy/Wells","03/05/2014","W",8600,2014-03-05,3,"Mar",2014,5,"Wednesday","(41.878723, -87.63374)","orange"
"431030",40040,"Quincy/Wells","12/17/2016","A",1280,2016-12-17,12,"Dec",2016,17,"Saturday","(41.878723, -87.63374)","orange"
"431136",40040,"Quincy/Wells","12/04/2004","A",1047,2004-12-04,12,"Dec",2004,4,"Saturday","(41.878723, -87.63374)","orange"
"431176",40040,"Quincy/Wells","11/24/2010","W",5938,2010-11-24,11,"Nov",2010,24,"Wednesday","(41.878723, -87.63374)","orange"
"431318",40040,"Quincy/Wells","04/20/2005","W",6467,2005-04-20,4,"Apr",2005,20,"Wednesday","(41.878723, -87.63374)","orange"
"431544",40040,"Quincy/Wells","03/09/2011","W",7627,2011-03-09,3,"Mar",2011,9,"Wednesday","(41.878723, -87.63374)","orange"
"431714",40040,"Quincy/Wells","12/04/2012","W",8103,2012-12-04,12,"Dec",2012,4,"Tuesday","(41.878723, -87.63374)","orange"
"431835",40040,"Quincy/Wells","02/02/2013","A",1333,2013-02-02,2,"Feb",2013,2,"Saturday","(41.878723, -87.63374)","orange"
"432221",40040,"Quincy/Wells","03/29/2014","A",1992,2014-03-29,3,"Mar",2014,29,"Saturday","(41.878723, -87.63374)","orange"
"432228",40040,"Quincy/Wells","05/28/2015","W",8035,2015-05-28,5,"May",2015,28,"Thursday","(41.878723, -87.63374)","orange"
"432283",40040,"Quincy/Wells","09/08/2002","U",756,2002-09-08,9,"Sep",2002,8,"Sunday","(41.878723, -87.63374)","orange"
"432299",40040,"Quincy/Wells","04/11/2009","A",1549,2009-04-11,4,"Apr",2009,11,"Saturday","(41.878723, -87.63374)","orange"
"432346",40040,"Quincy/Wells","10/18/2016","W",8314,2016-10-18,10,"Oct",2016,18,"Tuesday","(41.878723, -87.63374)","orange"
"432431",40040,"Quincy/Wells","11/20/2003","W",6834,2003-11-20,11,"Nov",2003,20,"Thursday","(41.878723, -87.63374)","orange"
"432522",40040,"Quincy/Wells","02/21/2010","U",1185,2010-02-21,2,"Feb",2010,21,"Sunday","(41.878723, -87.63374)","orange"
"432612",40040,"Quincy/Wells","07/09/2015","W",8448,2015-07-09,7,"Jul",2015,9,"Thursday","(41.878723, -87.63374)","orange"
"432768",40040,"Quincy/Wells","07/17/2004","A",1155,2004-07-17,7,"Jul",2004,17,"Saturday","(41.878723, -87.63374)","orange"
"433174",40040,"Quincy/Wells","01/03/2015","A",1217,2015-01-03,1,"Jan",2015,3,"Saturday","(41.878723, -87.63374)","orange"
"433287",40040,"Quincy/Wells","01/14/2008","W",7250,2008-01-14,1,"Jan",2008,14,"Monday","(41.878723, -87.63374)","orange"
"433345",40040,"Quincy/Wells","12/08/2012","A",1548,2012-12-08,12,"Dec",2012,8,"Saturday","(41.878723, -87.63374)","orange"
"433556",40040,"Quincy/Wells","07/16/2010","W",7624,2010-07-16,7,"Jul",2010,16,"Friday","(41.878723, -87.63374)","orange"
"433645",40040,"Quincy/Wells","12/31/2009","W",4618,2009-12-31,12,"Dec",2009,31,"Thursday","(41.878723, -87.63374)","orange"
"433689",40040,"Quincy/Wells","01/11/2008","W",6644,2008-01-11,1,"Jan",2008,11,"Friday","(41.878723, -87.63374)","orange"
"433871",40040,"Quincy/Wells","03/05/2017","U",1080,2017-03-05,3,"Mar",2017,5,"Sunday","(41.878723, -87.63374)","orange"
"433906",40040,"Quincy/Wells","04/05/2012","W",8273,2012-04-05,4,"Apr",2012,5,"Thursday","(41.878723, -87.63374)","orange"
"433923",40040,"Quincy/Wells","02/20/2009","W",7016,2009-02-20,2,"Feb",2009,20,"Friday","(41.878723, -87.63374)","orange"
"434118",40040,"Quincy/Wells","06/13/2008","W",7062,2008-06-13,6,"Jun",2008,13,"Friday","(41.878723, -87.63374)","orange"
"434445",40040,"Quincy/Wells","11/03/2012","A",0,2012-11-03,11,"Nov",2012,3,"Saturday","(41.878723, -87.63374)","orange"
"434461",40040,"Quincy/Wells","05/01/2006","W",8968,2006-05-01,5,"May",2006,1,"Monday","(41.878723, -87.63374)","orange"
"434503",40040,"Quincy/Wells","03/03/2001","A",1049,2001-03-03,3,"Mar",2001,3,"Saturday","(41.878723, -87.63374)","orange"
"434619",40040,"Quincy/Wells","02/24/2011","W",7481,2011-02-24,2,"Feb",2011,24,"Thursday","(41.878723, -87.63374)","orange"
"434732",40040,"Quincy/Wells","11/07/2017","W",8496,2017-11-07,11,"Nov",2017,7,"Tuesday","(41.878723, -87.63374)","orange"
"434911",40040,"Quincy/Wells","08/12/2007","U",1328,2007-08-12,8,"Aug",2007,12,"Sunday","(41.878723, -87.63374)","orange"
"434917",40040,"Quincy/Wells","07/24/2016","U",1453,2016-07-24,7,"Jul",2016,24,"Sunday","(41.878723, -87.63374)","orange"
"435305",40040,"Quincy/Wells","10/15/2010","W",7180,2010-10-15,10,"Oct",2010,15,"Friday","(41.878723, -87.63374)","orange"
"435360",40040,"Quincy/Wells","11/16/2009","W",7334,2009-11-16,11,"Nov",2009,16,"Monday","(41.878723, -87.63374)","orange"
"435427",40040,"Quincy/Wells","04/13/2005","W",6706,2005-04-13,4,"Apr",2005,13,"Wednesday","(41.878723, -87.63374)","orange"
"435679",40040,"Quincy/Wells","10/31/2003","W",6685,2003-10-31,10,"Oct",2003,31,"Friday","(41.878723, -87.63374)","orange"
"435809",40040,"Quincy/Wells","09/29/2007","A",1726,2007-09-29,9,"Sep",2007,29,"Saturday","(41.878723, -87.63374)","orange"
"435821",40040,"Quincy/Wells","02/16/2012","W",7753,2012-02-16,2,"Feb",2012,16,"Thursday","(41.878723, -87.63374)","orange"
"435885",40040,"Quincy/Wells","09/24/2010","W",7267,2010-09-24,9,"Sep",2010,24,"Friday","(41.878723, -87.63374)","orange"
"435893",40040,"Quincy/Wells","12/31/2014","W",5603,2014-12-31,12,"Dec",2014,31,"Wednesday","(41.878723, -87.63374)","orange"
"435912",40040,"Quincy/Wells","11/07/2002","W",7795,2002-11-07,11,"Nov",2002,7,"Thursday","(41.878723, -87.63374)","orange"
"436759",40040,"Quincy/Wells","04/15/2010","W",7070,2010-04-15,4,"Apr",2010,15,"Thursday","(41.878723, -87.63374)","orange"
"436812",40040,"Quincy/Wells","09/10/2015","W",8196,2015-09-10,9,"Sep",2015,10,"Thursday","(41.878723, -87.63374)","orange"
"436847",40040,"Quincy/Wells","05/11/2006","W",7227,2006-05-11,5,"May",2006,11,"Thursday","(41.878723, -87.63374)","orange"
"436922",40040,"Quincy/Wells","07/10/2010","A",1972,2010-07-10,7,"Jul",2010,10,"Saturday","(41.878723, -87.63374)","orange"
"437029",40040,"Quincy/Wells","11/21/2013","W",8555,2013-11-21,11,"Nov",2013,21,"Thursday","(41.878723, -87.63374)","orange"
"437436",40040,"Quincy/Wells","01/17/2005","W",3471,2005-01-17,1,"Jan",2005,17,"Monday","(41.878723, -87.63374)","orange"
"437647",40040,"Quincy/Wells","09/17/2004","W",6206,2004-09-17,9,"Sep",2004,17,"Friday","(41.878723, -87.63374)","orange"
"437670",40040,"Quincy/Wells","03/19/2003","W",7110,2003-03-19,3,"Mar",2003,19,"Wednesday","(41.878723, -87.63374)","orange"
"437734",40040,"Quincy/Wells","03/04/2005","W",5876,2005-03-04,3,"Mar",2005,4,"Friday","(41.878723, -87.63374)","orange"
"437854",40040,"Quincy/Wells","08/18/2003","W",6910,2003-08-18,8,"Aug",2003,18,"Monday","(41.878723, -87.63374)","orange"
"437958",40040,"Quincy/Wells","10/09/2010","A",2085,2010-10-09,10,"Oct",2010,9,"Saturday","(41.878723, -87.63374)","orange"
"438137",40040,"Quincy/Wells","09/17/2015","W",8642,2015-09-17,9,"Sep",2015,17,"Thursday","(41.878723, -87.63374)","orange"
"438249",40040,"Quincy/Wells","10/11/2013","W",8153,2013-10-11,10,"Oct",2013,11,"Friday","(41.878723, -87.63374)","orange"
"438366",40040,"Quincy/Wells","08/10/2004","W",6758,2004-08-10,8,"Aug",2004,10,"Tuesday","(41.878723, -87.63374)","orange"
"438675",40040,"Quincy/Wells","03/21/2017","W",8321,2017-03-21,3,"Mar",2017,21,"Tuesday","(41.878723, -87.63374)","orange"
"439057",40040,"Quincy/Wells","12/11/2007","W",6942,2007-12-11,12,"Dec",2007,11,"Tuesday","(41.878723, -87.63374)","orange"
"439098",40040,"Quincy/Wells","12/13/2015","U",1071,2015-12-13,12,"Dec",2015,13,"Sunday","(41.878723, -87.63374)","orange"
"439223",40040,"Quincy/Wells","12/30/2010","W",5305,2010-12-30,12,"Dec",2010,30,"Thursday","(41.878723, -87.63374)","orange"
"439296",40040,"Quincy/Wells","04/01/2008","W",7219,2008-04-01,4,"Apr",2008,1,"Tuesday","(41.878723, -87.63374)","orange"
"439310",40040,"Quincy/Wells","05/01/2011","U",1289,2011-05-01,5,"May",2011,1,"Sunday","(41.878723, -87.63374)","orange"
"439329",40040,"Quincy/Wells","03/20/2007","W",7512,2007-03-20,3,"Mar",2007,20,"Tuesday","(41.878723, -87.63374)","orange"
"439427",40040,"Quincy/Wells","03/02/2009","W",7395,2009-03-02,3,"Mar",2009,2,"Monday","(41.878723, -87.63374)","orange"
"439430",40040,"Quincy/Wells","11/04/2007","U",1494,2007-11-04,11,"Nov",2007,4,"Sunday","(41.878723, -87.63374)","orange"
"439454",40040,"Quincy/Wells","08/05/2008","W",7730,2008-08-05,8,"Aug",2008,5,"Tuesday","(41.878723, -87.63374)","orange"
"439543",40040,"Quincy/Wells","09/10/2014","W",8314,2014-09-10,9,"Sep",2014,10,"Wednesday","(41.878723, -87.63374)","orange"
"439559",40040,"Quincy/Wells","02/10/2007","A",1190,2007-02-10,2,"Feb",2007,10,"Saturday","(41.878723, -87.63374)","orange"
"439618",40040,"Quincy/Wells","10/01/2005","A",1210,2005-10-01,10,"Oct",2005,1,"Saturday","(41.878723, -87.63374)","orange"
"439732",40040,"Quincy/Wells","09/07/2009","U",1847,2009-09-07,9,"Sep",2009,7,"Monday","(41.878723, -87.63374)","orange"
"440187",40040,"Quincy/Wells","08/13/2006","U",1130,2006-08-13,8,"Aug",2006,13,"Sunday","(41.878723, -87.63374)","orange"
"440441",40040,"Quincy/Wells","03/18/2002","W",7607,2002-03-18,3,"Mar",2002,18,"Monday","(41.878723, -87.63374)","orange"
"440477",40040,"Quincy/Wells","05/02/2004","U",803,2004-05-02,5,"May",2004,2,"Sunday","(41.878723, -87.63374)","orange"
"441114",40040,"Quincy/Wells","10/06/2006","W",7265,2006-10-06,10,"Oct",2006,6,"Friday","(41.878723, -87.63374)","orange"
"441138",40040,"Quincy/Wells","01/04/2004","U",591,2004-01-04,1,"Jan",2004,4,"Sunday","(41.878723, -87.63374)","orange"
"441306",40040,"Quincy/Wells","06/27/2013","W",9039,2013-06-27,6,"Jun",2013,27,"Thursday","(41.878723, -87.63374)","orange"
"441475",40040,"Quincy/Wells","09/15/2005","W",7077,2005-09-15,9,"Sep",2005,15,"Thursday","(41.878723, -87.63374)","orange"
"441659",40040,"Quincy/Wells","10/10/2005","W",5967,2005-10-10,10,"Oct",2005,10,"Monday","(41.878723, -87.63374)","orange"
"441683",40040,"Quincy/Wells","06/23/2011","W",8062,2011-06-23,6,"Jun",2011,23,"Thursday","(41.878723, -87.63374)","orange"
"441907",40040,"Quincy/Wells","04/08/2001","U",718,2001-04-08,4,"Apr",2001,8,"Sunday","(41.878723, -87.63374)","orange"
"442211",40040,"Quincy/Wells","11/20/2001","W",7631,2001-11-20,11,"Nov",2001,20,"Tuesday","(41.878723, -87.63374)","orange"
"442251",40040,"Quincy/Wells","11/10/2010","W",7650,2010-11-10,11,"Nov",2010,10,"Wednesday","(41.878723, -87.63374)","orange"
"442350",40040,"Quincy/Wells","05/28/2005","A",1407,2005-05-28,5,"May",2005,28,"Saturday","(41.878723, -87.63374)","orange"
"442486",40040,"Quincy/Wells","10/12/2004","W",6910,2004-10-12,10,"Oct",2004,12,"Tuesday","(41.878723, -87.63374)","orange"
"442529",40040,"Quincy/Wells","12/20/2007","W",6463,2007-12-20,12,"Dec",2007,20,"Thursday","(41.878723, -87.63374)","orange"
"442627",40040,"Quincy/Wells","06/13/2009","A",1945,2009-06-13,6,"Jun",2009,13,"Saturday","(41.878723, -87.63374)","orange"
"443425",40040,"Quincy/Wells","03/18/2011","W",7291,2011-03-18,3,"Mar",2011,18,"Friday","(41.878723, -87.63374)","orange"
"443454",40040,"Quincy/Wells","06/05/2007","W",7119,2007-06-05,6,"Jun",2007,5,"Tuesday","(41.878723, -87.63374)","orange"
"443473",40040,"Quincy/Wells","05/22/2015","W",6704,2015-05-22,5,"May",2015,22,"Friday","(41.878723, -87.63374)","orange"
"443685",40040,"Quincy/Wells","04/20/2011","W",7665,2011-04-20,4,"Apr",2011,20,"Wednesday","(41.878723, -87.63374)","orange"
"443708",40040,"Quincy/Wells","08/04/2011","W",8817,2011-08-04,8,"Aug",2011,4,"Thursday","(41.878723, -87.63374)","orange"
"443721",40040,"Quincy/Wells","03/25/2004","W",6543,2004-03-25,3,"Mar",2004,25,"Thursday","(41.878723, -87.63374)","orange"
"443753",40040,"Quincy/Wells","12/25/2006","U",418,2006-12-25,12,"Dec",2006,25,"Monday","(41.878723, -87.63374)","orange"
"443827",40040,"Quincy/Wells","05/09/2011","W",8048,2011-05-09,5,"May",2011,9,"Monday","(41.878723, -87.63374)","orange"
"443876",40040,"Quincy/Wells","08/17/2014","U",1549,2014-08-17,8,"Aug",2014,17,"Sunday","(41.878723, -87.63374)","orange"
"444023",40040,"Quincy/Wells","04/03/2003","W",7079,2003-04-03,4,"Apr",2003,3,"Thursday","(41.878723, -87.63374)","orange"
"444144",40040,"Quincy/Wells","05/01/2008","W",7847,2008-05-01,5,"May",2008,1,"Thursday","(41.878723, -87.63374)","orange"
"444165",40040,"Quincy/Wells","09/26/2005","W",7186,2005-09-26,9,"Sep",2005,26,"Monday","(41.878723, -87.63374)","orange"
"444166",40040,"Quincy/Wells","01/13/2014","W",8767,2014-01-13,1,"Jan",2014,13,"Monday","(41.878723, -87.63374)","orange"
"444309",40040,"Quincy/Wells","02/25/2012","A",1639,2012-02-25,2,"Feb",2012,25,"Saturday","(41.878723, -87.63374)","orange"
"444417",40040,"Quincy/Wells","07/04/2004","U",866,2004-07-04,7,"Jul",2004,4,"Sunday","(41.878723, -87.63374)","orange"
"444418",40040,"Quincy/Wells","09/14/2009","W",7693,2009-09-14,9,"Sep",2009,14,"Monday","(41.878723, -87.63374)","orange"
"444559",40040,"Quincy/Wells","05/08/2017","W",8506,2017-05-08,5,"May",2017,8,"Monday","(41.878723, -87.63374)","orange"
"444590",40040,"Quincy/Wells","01/25/2002","W",7387,2002-01-25,1,"Jan",2002,25,"Friday","(41.878723, -87.63374)","orange"
"444650",40040,"Quincy/Wells","03/08/2009","U",1227,2009-03-08,3,"Mar",2009,8,"Sunday","(41.878723, -87.63374)","orange"
"444783",40040,"Quincy/Wells","10/24/2011","W",8581,2011-10-24,10,"Oct",2011,24,"Monday","(41.878723, -87.63374)","orange"
"444922",40040,"Quincy/Wells","05/29/2017","U",1551,2017-05-29,5,"May",2017,29,"Monday","(41.878723, -87.63374)","orange"
"444955",40040,"Quincy/Wells","08/22/2016","W",8635,2016-08-22,8,"Aug",2016,22,"Monday","(41.878723, -87.63374)","orange"
"445446",40040,"Quincy/Wells","08/24/2004","W",6848,2004-08-24,8,"Aug",2004,24,"Tuesday","(41.878723, -87.63374)","orange"
"445497",40040,"Quincy/Wells","11/26/2015","U",945,2015-11-26,11,"Nov",2015,26,"Thursday","(41.878723, -87.63374)","orange"
"445542",40040,"Quincy/Wells","08/07/2016","U",1711,2016-08-07,8,"Aug",2016,7,"Sunday","(41.878723, -87.63374)","orange"
"445715",40040,"Quincy/Wells","04/26/2009","U",1200,2009-04-26,4,"Apr",2009,26,"Sunday","(41.878723, -87.63374)","orange"
"445776",40040,"Quincy/Wells","01/06/2008","U",904,2008-01-06,1,"Jan",2008,6,"Sunday","(41.878723, -87.63374)","orange"
"445782",40040,"Quincy/Wells","03/12/2007","W",7235,2007-03-12,3,"Mar",2007,12,"Monday","(41.878723, -87.63374)","orange"
"446336",40040,"Quincy/Wells","02/17/2014","W",6260,2014-02-17,2,"Feb",2014,17,"Monday","(41.878723, -87.63374)","orange"
"446547",40040,"Quincy/Wells","07/28/2009","W",7949,2009-07-28,7,"Jul",2009,28,"Tuesday","(41.878723, -87.63374)","orange"
"446739",40040,"Quincy/Wells","02/18/2010","W",7071,2010-02-18,2,"Feb",2010,18,"Thursday","(41.878723, -87.63374)","orange"
"446943",40040,"Quincy/Wells","06/06/2016","W",8727,2016-06-06,6,"Jun",2016,6,"Monday","(41.878723, -87.63374)","orange"
"447186",40040,"Quincy/Wells","10/11/2008","A",2085,2008-10-11,10,"Oct",2008,11,"Saturday","(41.878723, -87.63374)","orange"
"447203",40040,"Quincy/Wells","03/12/2014","W",8519,2014-03-12,3,"Mar",2014,12,"Wednesday","(41.878723, -87.63374)","orange"
"447368",40040,"Quincy/Wells","04/24/2007","W",6570,2007-04-24,4,"Apr",2007,24,"Tuesday","(41.878723, -87.63374)","orange"
"447468",40040,"Quincy/Wells","07/20/2016","W",8890,2016-07-20,7,"Jul",2016,20,"Wednesday","(41.878723, -87.63374)","orange"
"447739",40040,"Quincy/Wells","07/17/2008","W",7527,2008-07-17,7,"Jul",2008,17,"Thursday","(41.878723, -87.63374)","orange"
"448093",40040,"Quincy/Wells","06/19/2008","W",7389,2008-06-19,6,"Jun",2008,19,"Thursday","(41.878723, -87.63374)","orange"
"448110",40040,"Quincy/Wells","11/28/2011","W",8642,2011-11-28,11,"Nov",2011,28,"Monday","(41.878723, -87.63374)","orange"
"448250",40040,"Quincy/Wells","08/05/2017","A",2050,2017-08-05,8,"Aug",2017,5,"Saturday","(41.878723, -87.63374)","orange"
"448444",40040,"Quincy/Wells","02/09/2003","U",633,2003-02-09,2,"Feb",2003,9,"Sunday","(41.878723, -87.63374)","orange"
"448517",40040,"Quincy/Wells","04/18/2006","W",6995,2006-04-18,4,"Apr",2006,18,"Tuesday","(41.878723, -87.63374)","orange"
"448605",40040,"Quincy/Wells","04/10/2010","A",1686,2010-04-10,4,"Apr",2010,10,"Saturday","(41.878723, -87.63374)","orange"
"449190",40040,"Quincy/Wells","08/07/2003","W",6777,2003-08-07,8,"Aug",2003,7,"Thursday","(41.878723, -87.63374)","orange"
"449229",40040,"Quincy/Wells","06/21/2011","W",8045,2011-06-21,6,"Jun",2011,21,"Tuesday","(41.878723, -87.63374)","orange"
"449321",40040,"Quincy/Wells","02/23/2017","W",8373,2017-02-23,2,"Feb",2017,23,"Thursday","(41.878723, -87.63374)","orange"
"449480",40040,"Quincy/Wells","04/19/2002","W",7194,2002-04-19,4,"Apr",2002,19,"Friday","(41.878723, -87.63374)","orange"
"449554",40040,"Quincy/Wells","09/20/2003","A",1161,2003-09-20,9,"Sep",2003,20,"Saturday","(41.878723, -87.63374)","orange"
"449594",40040,"Quincy/Wells","05/29/2006","U",1139,2006-05-29,5,"May",2006,29,"Monday","(41.878723, -87.63374)","orange"
"449612",40040,"Quincy/Wells","11/29/2013","W",3013,2013-11-29,11,"Nov",2013,29,"Friday","(41.878723, -87.63374)","orange"
"449791",40040,"Quincy/Wells","11/05/2012","W",8808,2012-11-05,11,"Nov",2012,5,"Monday","(41.878723, -87.63374)","orange"
"449919",40040,"Quincy/Wells","08/27/2012","W",8394,2012-08-27,8,"Aug",2012,27,"Monday","(41.878723, -87.63374)","orange"
"449960",40040,"Quincy/Wells","02/25/2016","W",7885,2016-02-25,2,"Feb",2016,25,"Thursday","(41.878723, -87.63374)","orange"
"450016",40040,"Quincy/Wells","12/12/2005","W",6545,2005-12-12,12,"Dec",2005,12,"Monday","(41.878723, -87.63374)","orange"
"450187",40040,"Quincy/Wells","06/07/2007","W",7108,2007-06-07,6,"Jun",2007,7,"Thursday","(41.878723, -87.63374)","orange"
"450327",40040,"Quincy/Wells","11/20/2011","U",1450,2011-11-20,11,"Nov",2011,20,"Sunday","(41.878723, -87.63374)","orange"
"450398",40040,"Quincy/Wells","02/11/2009","W",7637,2009-02-11,2,"Feb",2009,11,"Wednesday","(41.878723, -87.63374)","orange"
"450440",40040,"Quincy/Wells","08/26/2003","W",6822,2003-08-26,8,"Aug",2003,26,"Tuesday","(41.878723, -87.63374)","orange"
"450829",40040,"Quincy/Wells","11/18/2015","W",8339,2015-11-18,11,"Nov",2015,18,"Wednesday","(41.878723, -87.63374)","orange"
"450897",40040,"Quincy/Wells","12/23/2007","U",659,2007-12-23,12,"Dec",2007,23,"Sunday","(41.878723, -87.63374)","orange"
"451010",40040,"Quincy/Wells","07/19/2003","A",1253,2003-07-19,7,"Jul",2003,19,"Saturday","(41.878723, -87.63374)","orange"
"451106",40040,"Quincy/Wells","04/19/2016","W",8185,2016-04-19,4,"Apr",2016,19,"Tuesday","(41.878723, -87.63374)","orange"
"451133",40040,"Quincy/Wells","10/29/2010","W",7284,2010-10-29,10,"Oct",2010,29,"Friday","(41.878723, -87.63374)","orange"
"451134",40040,"Quincy/Wells","06/07/2012","W",8184,2012-06-07,6,"Jun",2012,7,"Thursday","(41.878723, -87.63374)","orange"
"451174",40040,"Quincy/Wells","08/02/2012","W",9026,2012-08-02,8,"Aug",2012,2,"Thursday","(41.878723, -87.63374)","orange"
"451323",40040,"Quincy/Wells","06/28/2004","W",6841,2004-06-28,6,"Jun",2004,28,"Monday","(41.878723, -87.63374)","orange"
"451589",40040,"Quincy/Wells","07/12/2017","W",8639,2017-07-12,7,"Jul",2017,12,"Wednesday","(41.878723, -87.63374)","orange"
"451981",40040,"Quincy/Wells","02/13/2010","A",1548,2010-02-13,2,"Feb",2010,13,"Saturday","(41.878723, -87.63374)","orange"
"451992",40040,"Quincy/Wells","01/10/2009","A",1443,2009-01-10,1,"Jan",2009,10,"Saturday","(41.878723, -87.63374)","orange"
"452411",40040,"Quincy/Wells","04/03/2011","U",1373,2011-04-03,4,"Apr",2011,3,"Sunday","(41.878723, -87.63374)","orange"
"452470",40040,"Quincy/Wells","06/17/2008","W",7394,2008-06-17,6,"Jun",2008,17,"Tuesday","(41.878723, -87.63374)","orange"
"452504",40040,"Quincy/Wells","05/23/2014","W",7120,2014-05-23,5,"May",2014,23,"Friday","(41.878723, -87.63374)","orange"
"452559",40040,"Quincy/Wells","08/31/2017","W",7935,2017-08-31,8,"Aug",2017,31,"Thursday","(41.878723, -87.63374)","orange"
"452726",40040,"Quincy/Wells","05/19/2017","W",7781,2017-05-19,5,"May",2017,19,"Friday","(41.878723, -87.63374)","orange"
"453114",40040,"Quincy/Wells","02/09/2010","W",7586,2010-02-09,2,"Feb",2010,9,"Tuesday","(41.878723, -87.63374)","orange"
"453300",40040,"Quincy/Wells","10/31/2011","W",8424,2011-10-31,10,"Oct",2011,31,"Monday","(41.878723, -87.63374)","orange"
"453327",40040,"Quincy/Wells","10/23/2012","W",8522,2012-10-23,10,"Oct",2012,23,"Tuesday","(41.878723, -87.63374)","orange"
"453384",40040,"Quincy/Wells","11/18/2014","W",7842,2014-11-18,11,"Nov",2014,18,"Tuesday","(41.878723, -87.63374)","orange"
"453411",40040,"Quincy/Wells","10/11/2016","W",8523,2016-10-11,10,"Oct",2016,11,"Tuesday","(41.878723, -87.63374)","orange"
"453447",40040,"Quincy/Wells","08/29/2017","W",8279,2017-08-29,8,"Aug",2017,29,"Tuesday","(41.878723, -87.63374)","orange"
"453496",40040,"Quincy/Wells","11/23/2003","U",690,2003-11-23,11,"Nov",2003,23,"Sunday","(41.878723, -87.63374)","orange"
"453911",40040,"Quincy/Wells","02/23/2003","U",731,2003-02-23,2,"Feb",2003,23,"Sunday","(41.878723, -87.63374)","orange"
"453927",40040,"Quincy/Wells","09/18/2013","W",8937,2013-09-18,9,"Sep",2013,18,"Wednesday","(41.878723, -87.63374)","orange"
"453990",40040,"Quincy/Wells","08/18/2005","W",6792,2005-08-18,8,"Aug",2005,18,"Thursday","(41.878723, -87.63374)","orange"
"454153",40040,"Quincy/Wells","07/09/2001","W",8455,2001-07-09,7,"Jul",2001,9,"Monday","(41.878723, -87.63374)","orange"
"454237",40040,"Quincy/Wells","12/13/2009","U",1069,2009-12-13,12,"Dec",2009,13,"Sunday","(41.878723, -87.63374)","orange"
"454412",40040,"Quincy/Wells","02/15/2016","W",5188,2016-02-15,2,"Feb",2016,15,"Monday","(41.878723, -87.63374)","orange"
"454570",40040,"Quincy/Wells","05/14/2009","W",7598,2009-05-14,5,"May",2009,14,"Thursday","(41.878723, -87.63374)","orange"
"454598",40040,"Quincy/Wells","03/16/2015","W",8137,2015-03-16,3,"Mar",2015,16,"Monday","(41.878723, -87.63374)","orange"
"454781",40040,"Quincy/Wells","08/20/2011","A",2308,2011-08-20,8,"Aug",2011,20,"Saturday","(41.878723, -87.63374)","orange"
"454807",40040,"Quincy/Wells","06/06/2007","W",7018,2007-06-06,6,"Jun",2007,6,"Wednesday","(41.878723, -87.63374)","orange"
"454866",40040,"Quincy/Wells","10/30/2014","W",8469,2014-10-30,10,"Oct",2014,30,"Thursday","(41.878723, -87.63374)","orange"
"454936",40040,"Quincy/Wells","10/25/2001","W",7915,2001-10-25,10,"Oct",2001,25,"Thursday","(41.878723, -87.63374)","orange"
"455064",40040,"Quincy/Wells","03/25/2016","W",6251,2016-03-25,3,"Mar",2016,25,"Friday","(41.878723, -87.63374)","orange"
"455340",40040,"Quincy/Wells","01/11/2010","W",7221,2010-01-11,1,"Jan",2010,11,"Monday","(41.878723, -87.63374)","orange"
"455499",40040,"Quincy/Wells","05/03/2006","W",6862,2006-05-03,5,"May",2006,3,"Wednesday","(41.878723, -87.63374)","orange"
"455553",40040,"Quincy/Wells","07/07/2006","W",6937,2006-07-07,7,"Jul",2006,7,"Friday","(41.878723, -87.63374)","orange"
"456136",40040,"Quincy/Wells","05/07/2016","A",1598,2016-05-07,5,"May",2016,7,"Saturday","(41.878723, -87.63374)","orange"
"456157",40040,"Quincy/Wells","06/05/2002","W",7732,2002-06-05,6,"Jun",2002,5,"Wednesday","(41.878723, -87.63374)","orange"
"456159",40040,"Quincy/Wells","07/26/2004","W",7058,2004-07-26,7,"Jul",2004,26,"Monday","(41.878723, -87.63374)","orange"
"456259",40040,"Quincy/Wells","02/29/2016","W",8322,2016-02-29,2,"Feb",2016,29,"Monday","(41.878723, -87.63374)","orange"
"456420",40040,"Quincy/Wells","10/29/2015","W",8445,2015-10-29,10,"Oct",2015,29,"Thursday","(41.878723, -87.63374)","orange"
"456525",40040,"Quincy/Wells","10/25/2006","W",6196,2006-10-25,10,"Oct",2006,25,"Wednesday","(41.878723, -87.63374)","orange"
"456602",40040,"Quincy/Wells","01/10/2006","W",6874,2006-01-10,1,"Jan",2006,10,"Tuesday","(41.878723, -87.63374)","orange"
"457007",40040,"Quincy/Wells","11/02/2016","W",9462,2016-11-02,11,"Nov",2016,2,"Wednesday","(41.878723, -87.63374)","orange"
"457206",40040,"Quincy/Wells","02/03/2004","W",6513,2004-02-03,2,"Feb",2004,3,"Tuesday","(41.878723, -87.63374)","orange"
"457223",40040,"Quincy/Wells","04/23/2001","W",8105,2001-04-23,4,"Apr",2001,23,"Monday","(41.878723, -87.63374)","orange"
"457329",40040,"Quincy/Wells","11/28/2006","W",7493,2006-11-28,11,"Nov",2006,28,"Tuesday","(41.878723, -87.63374)","orange"
"457348",40040,"Quincy/Wells","08/22/2001","W",8178,2001-08-22,8,"Aug",2001,22,"Wednesday","(41.878723, -87.63374)","orange"
"457558",40040,"Quincy/Wells","11/18/2012","U",1447,2012-11-18,11,"Nov",2012,18,"Sunday","(41.878723, -87.63374)","orange"
"457803",40040,"Quincy/Wells","12/04/2015","W",7492,2015-12-04,12,"Dec",2015,4,"Friday","(41.878723, -87.63374)","orange"
"457956",40040,"Quincy/Wells","10/08/2006","U",1435,2006-10-08,10,"Oct",2006,8,"Sunday","(41.878723, -87.63374)","orange"
"458120",40040,"Quincy/Wells","10/16/2005","U",1113,2005-10-16,10,"Oct",2005,16,"Sunday","(41.878723, -87.63374)","orange"
"458584",40040,"Quincy/Wells","06/08/2013","A",2316,2013-06-08,6,"Jun",2013,8,"Saturday","(41.878723, -87.63374)","orange"
"459341",40040,"Quincy/Wells","05/02/2016","W",8630,2016-05-02,5,"May",2016,2,"Monday","(41.878723, -87.63374)","orange"
"459406",40040,"Quincy/Wells","01/29/2016","W",7607,2016-01-29,1,"Jan",2016,29,"Friday","(41.878723, -87.63374)","orange"
"459421",40040,"Quincy/Wells","06/28/2013","W",9223,2013-06-28,6,"Jun",2013,28,"Friday","(41.878723, -87.63374)","orange"
"459664",40040,"Quincy/Wells","02/14/2007","W",7300,2007-02-14,2,"Feb",2007,14,"Wednesday","(41.878723, -87.63374)","orange"
"459755",40040,"Quincy/Wells","02/04/2002","W",7661,2002-02-04,2,"Feb",2002,4,"Monday","(41.878723, -87.63374)","orange"
"459885",40040,"Quincy/Wells","10/06/2003","W",7057,2003-10-06,10,"Oct",2003,6,"Monday","(41.878723, -87.63374)","orange"
"459907",40040,"Quincy/Wells","12/25/2002","U",298,2002-12-25,12,"Dec",2002,25,"Wednesday","(41.878723, -87.63374)","orange"
"460090",40040,"Quincy/Wells","10/18/2017","W",8575,2017-10-18,10,"Oct",2017,18,"Wednesday","(41.878723, -87.63374)","orange"
"460266",40040,"Quincy/Wells","01/07/2001","U",464,2001-01-07,1,"Jan",2001,7,"Sunday","(41.878723, -87.63374)","orange"
"460394",40040,"Quincy/Wells","02/23/2016","W",8179,2016-02-23,2,"Feb",2016,23,"Tuesday","(41.878723, -87.63374)","orange"
"460408",40040,"Quincy/Wells","09/19/2017","W",8724,2017-09-19,9,"Sep",2017,19,"Tuesday","(41.878723, -87.63374)","orange"
"460424",40040,"Quincy/Wells","02/25/2004","W",6506,2004-02-25,2,"Feb",2004,25,"Wednesday","(41.878723, -87.63374)","orange"
"460467",40040,"Quincy/Wells","07/31/2015","W",7574,2015-07-31,7,"Jul",2015,31,"Friday","(41.878723, -87.63374)","orange"
"460542",40040,"Quincy/Wells","01/26/2002","A",893,2002-01-26,1,"Jan",2002,26,"Saturday","(41.878723, -87.63374)","orange"
"460667",40040,"Quincy/Wells","05/08/2011","U",1413,2011-05-08,5,"May",2011,8,"Sunday","(41.878723, -87.63374)","orange"
"461138",40040,"Quincy/Wells","03/20/2002","W",7645,2002-03-20,3,"Mar",2002,20,"Wednesday","(41.878723, -87.63374)","orange"
"461174",40040,"Quincy/Wells","09/19/2011","W",8468,2011-09-19,9,"Sep",2011,19,"Monday","(41.878723, -87.63374)","orange"
"461187",40040,"Quincy/Wells","10/21/2008","W",7685,2008-10-21,10,"Oct",2008,21,"Tuesday","(41.878723, -87.63374)","orange"
"461318",40040,"Quincy/Wells","12/04/2010","A",1297,2010-12-04,12,"Dec",2010,4,"Saturday","(41.878723, -87.63374)","orange"
"461681",40040,"Quincy/Wells","01/05/2004","W",7001,2004-01-05,1,"Jan",2004,5,"Monday","(41.878723, -87.63374)","orange"
"462095",40040,"Quincy/Wells","02/26/2010","W",6821,2010-02-26,2,"Feb",2010,26,"Friday","(41.878723, -87.63374)","orange"
"462343",40040,"Quincy/Wells","10/07/2005","W",6833,2005-10-07,10,"Oct",2005,7,"Friday","(41.878723, -87.63374)","orange"
"462463",40040,"Quincy/Wells","09/30/2003","W",7082,2003-09-30,9,"Sep",2003,30,"Tuesday","(41.878723, -87.63374)","orange"
"462479",40040,"Quincy/Wells","08/16/2010","W",7628,2010-08-16,8,"Aug",2010,16,"Monday","(41.878723, -87.63374)","orange"
"462488",40040,"Quincy/Wells","06/09/2008","W",7374,2008-06-09,6,"Jun",2008,9,"Monday","(41.878723, -87.63374)","orange"
"462527",40040,"Quincy/Wells","08/17/2006","W",7361,2006-08-17,8,"Aug",2006,17,"Thursday","(41.878723, -87.63374)","orange"
"462742",40040,"Quincy/Wells","07/27/2010","W",7697,2010-07-27,7,"Jul",2010,27,"Tuesday","(41.878723, -87.63374)","orange"
"462824",40040,"Quincy/Wells","10/03/2013","W",8763,2013-10-03,10,"Oct",2013,3,"Thursday","(41.878723, -87.63374)","orange"
"463061",40040,"Quincy/Wells","03/19/2015","W",8026,2015-03-19,3,"Mar",2015,19,"Thursday","(41.878723, -87.63374)","orange"
"463213",40040,"Quincy/Wells","06/14/2005","W",7192,2005-06-14,6,"Jun",2005,14,"Tuesday","(41.878723, -87.63374)","orange"
"463480",40040,"Quincy/Wells","11/24/2001","A",857,2001-11-24,11,"Nov",2001,24,"Saturday","(41.878723, -87.63374)","orange"
"463718",40040,"Quincy/Wells","12/14/2016","W",7814,2016-12-14,12,"Dec",2016,14,"Wednesday","(41.878723, -87.63374)","orange"
"463878",40040,"Quincy/Wells","12/02/2014","W",8490,2014-12-02,12,"Dec",2014,2,"Tuesday","(41.878723, -87.63374)","orange"
"463931",40040,"Quincy/Wells","02/10/2006","W",6349,2006-02-10,2,"Feb",2006,10,"Friday","(41.878723, -87.63374)","orange"
"463981",40040,"Quincy/Wells","08/21/2007","W",7101,2007-08-21,8,"Aug",2007,21,"Tuesday","(41.878723, -87.63374)","orange"
"463998",40040,"Quincy/Wells","10/07/2008","W",8286,2008-10-07,10,"Oct",2008,7,"Tuesday","(41.878723, -87.63374)","orange"
"464005",40040,"Quincy/Wells","02/19/2003","W",7152,2003-02-19,2,"Feb",2003,19,"Wednesday","(41.878723, -87.63374)","orange"
"464089",40040,"Quincy/Wells","03/29/2012","W",8067,2012-03-29,3,"Mar",2012,29,"Thursday","(41.878723, -87.63374)","orange"
"464097",40040,"Quincy/Wells","01/17/2017","W",8354,2017-01-17,1,"Jan",2017,17,"Tuesday","(41.878723, -87.63374)","orange"
"464119",40040,"Quincy/Wells","04/04/2014","W",8331,2014-04-04,4,"Apr",2014,4,"Friday","(41.878723, -87.63374)","orange"
"464168",40040,"Quincy/Wells","03/01/2001","W",8096,2001-03-01,3,"Mar",2001,1,"Thursday","(41.878723, -87.63374)","orange"
"464180",40040,"Quincy/Wells","05/20/2012","U",1341,2012-05-20,5,"May",2012,20,"Sunday","(41.878723, -87.63374)","orange"
"464198",40040,"Quincy/Wells","01/28/2012","A",1401,2012-01-28,1,"Jan",2012,28,"Saturday","(41.878723, -87.63374)","orange"
"464229",40040,"Quincy/Wells","04/26/2002","W",7180,2002-04-26,4,"Apr",2002,26,"Friday","(41.878723, -87.63374)","orange"
"464236",40040,"Quincy/Wells","05/21/2012","W",5303,2012-05-21,5,"May",2012,21,"Monday","(41.878723, -87.63374)","orange"
"464496",40040,"Quincy/Wells","09/12/2002","W",7559,2002-09-12,9,"Sep",2002,12,"Thursday","(41.878723, -87.63374)","orange"
"464860",40040,"Quincy/Wells","12/26/2006","W",3803,2006-12-26,12,"Dec",2006,26,"Tuesday","(41.878723, -87.63374)","orange"
"465025",40040,"Quincy/Wells","06/04/2009","W",7618,2009-06-04,6,"Jun",2009,4,"Thursday","(41.878723, -87.63374)","orange"
"465270",40040,"Quincy/Wells","02/04/2001","U",532,2001-02-04,2,"Feb",2001,4,"Sunday","(41.878723, -87.63374)","orange"
"465271",40040,"Quincy/Wells","04/21/2015","W",7951,2015-04-21,4,"Apr",2015,21,"Tuesday","(41.878723, -87.63374)","orange"
"465343",40040,"Quincy/Wells","10/20/2006","W",7501,2006-10-20,10,"Oct",2006,20,"Friday","(41.878723, -87.63374)","orange"
"465398",40040,"Quincy/Wells","07/30/2009","W",7789,2009-07-30,7,"Jul",2009,30,"Thursday","(41.878723, -87.63374)","orange"
"465422",40040,"Quincy/Wells","02/05/2013","W",8449,2013-02-05,2,"Feb",2013,5,"Tuesday","(41.878723, -87.63374)","orange"
"465430",40040,"Quincy/Wells","06/04/2010","W",7131,2010-06-04,6,"Jun",2010,4,"Friday","(41.878723, -87.63374)","orange"
"465448",40040,"Quincy/Wells","02/29/2004","U",724,2004-02-29,2,"Feb",2004,29,"Sunday","(41.878723, -87.63374)","orange"
"465489",40040,"Quincy/Wells","05/28/2012","U",1745,2012-05-28,5,"May",2012,28,"Monday","(41.878723, -87.63374)","orange"
"465677",40040,"Quincy/Wells","12/13/2012","W",7780,2012-12-13,12,"Dec",2012,13,"Thursday","(41.878723, -87.63374)","orange"
"465694",40040,"Quincy/Wells","03/31/2012","A",2082,2012-03-31,3,"Mar",2012,31,"Saturday","(41.878723, -87.63374)","orange"
"465695",40040,"Quincy/Wells","07/29/2006","A",1810,2006-07-29,7,"Jul",2006,29,"Saturday","(41.878723, -87.63374)","orange"
"465972",40040,"Quincy/Wells","06/05/2014","W",8505,2014-06-05,6,"Jun",2014,5,"Thursday","(41.878723, -87.63374)","orange"
"466002",40040,"Quincy/Wells","09/24/2009","W",7480,2009-09-24,9,"Sep",2009,24,"Thursday","(41.878723, -87.63374)","orange"
"466236",40040,"Quincy/Wells","05/01/2015","W",7325,2015-05-01,5,"May",2015,1,"Friday","(41.878723, -87.63374)","orange"
"466243",40040,"Quincy/Wells","07/29/2002","W",7821,2002-07-29,7,"Jul",2002,29,"Monday","(41.878723, -87.63374)","orange"
"466422",40040,"Quincy/Wells","12/11/2012","W",8199,2012-12-11,12,"Dec",2012,11,"Tuesday","(41.878723, -87.63374)","orange"
"466495",40040,"Quincy/Wells","11/24/2015","W",8048,2015-11-24,11,"Nov",2015,24,"Tuesday","(41.878723, -87.63374)","orange"
"466532",40040,"Quincy/Wells","06/27/2009","A",1903,2009-06-27,6,"Jun",2009,27,"Saturday","(41.878723, -87.63374)","orange"
"466629",40040,"Quincy/Wells","03/26/2006","U",1053,2006-03-26,3,"Mar",2006,26,"Sunday","(41.878723, -87.63374)","orange"
"466697",40040,"Quincy/Wells","04/10/2017","W",8329,2017-04-10,4,"Apr",2017,10,"Monday","(41.878723, -87.63374)","orange"
"466742",40040,"Quincy/Wells","01/19/2015","W",4788,2015-01-19,1,"Jan",2015,19,"Monday","(41.878723, -87.63374)","orange"
"466906",40040,"Quincy/Wells","05/21/2004","W",6298,2004-05-21,5,"May",2004,21,"Friday","(41.878723, -87.63374)","orange"
"466944",40040,"Quincy/Wells","06/26/2008","W",7655,2008-06-26,6,"Jun",2008,26,"Thursday","(41.878723, -87.63374)","orange"
"467044",40040,"Quincy/Wells","01/29/2003","W",7405,2003-01-29,1,"Jan",2003,29,"Wednesday","(41.878723, -87.63374)","orange"
"467191",40040,"Quincy/Wells","04/16/2011","A",1501,2011-04-16,4,"Apr",2011,16,"Saturday","(41.878723, -87.63374)","orange"
"467922",40040,"Quincy/Wells","01/23/2008","W",7118,2008-01-23,1,"Jan",2008,23,"Wednesday","(41.878723, -87.63374)","orange"
"468001",40040,"Quincy/Wells","01/29/2017","U",916,2017-01-29,1,"Jan",2017,29,"Sunday","(41.878723, -87.63374)","orange"
"468174",40040,"Quincy/Wells","12/22/2013","U",1168,2013-12-22,12,"Dec",2013,22,"Sunday","(41.878723, -87.63374)","orange"
"468323",40040,"Quincy/Wells","05/31/2009","U",1394,2009-05-31,5,"May",2009,31,"Sunday","(41.878723, -87.63374)","orange"
"468409",40040,"Quincy/Wells","01/16/2004","W",6382,2004-01-16,1,"Jan",2004,16,"Friday","(41.878723, -87.63374)","orange"
"468497",40040,"Quincy/Wells","05/18/2002","A",747,2002-05-18,5,"May",2002,18,"Saturday","(41.878723, -87.63374)","orange"
"468594",40040,"Quincy/Wells","02/08/2016","W",8192,2016-02-08,2,"Feb",2016,8,"Monday","(41.878723, -87.63374)","orange"
"468699",40040,"Quincy/Wells","11/14/2005","W",7005,2005-11-14,11,"Nov",2005,14,"Monday","(41.878723, -87.63374)","orange"
"468897",40040,"Quincy/Wells","09/07/2002","A",1060,2002-09-07,9,"Sep",2002,7,"Saturday","(41.878723, -87.63374)","orange"
"468923",40040,"Quincy/Wells","07/29/2014","W",8823,2014-07-29,7,"Jul",2014,29,"Tuesday","(41.878723, -87.63374)","orange"
"468943",40040,"Quincy/Wells","08/24/2002","A",1155,2002-08-24,8,"Aug",2002,24,"Saturday","(41.878723, -87.63374)","orange"
"469032",40040,"Quincy/Wells","06/06/2002","W",7740,2002-06-06,6,"Jun",2002,6,"Thursday","(41.878723, -87.63374)","orange"
"469053",40040,"Quincy/Wells","02/06/2014","W",8788,2014-02-06,2,"Feb",2014,6,"Thursday","(41.878723, -87.63374)","orange"
"469153",40040,"Quincy/Wells","05/03/2001","W",7978,2001-05-03,5,"May",2001,3,"Thursday","(41.878723, -87.63374)","orange"
"469198",40040,"Quincy/Wells","05/30/2015","A",1203,2015-05-30,5,"May",2015,30,"Saturday","(41.878723, -87.63374)","orange"
"469442",40040,"Quincy/Wells","04/08/2014","W",8523,2014-04-08,4,"Apr",2014,8,"Tuesday","(41.878723, -87.63374)","orange"
"469521",40040,"Quincy/Wells","01/27/2015","W",8278,2015-01-27,1,"Jan",2015,27,"Tuesday","(41.878723, -87.63374)","orange"
"469702",40040,"Quincy/Wells","08/21/2015","W",7033,2015-08-21,8,"Aug",2015,21,"Friday","(41.878723, -87.63374)","orange"
"470111",40040,"Quincy/Wells","07/17/2010","A",2352,2010-07-17,7,"Jul",2010,17,"Saturday","(41.878723, -87.63374)","orange"
"470408",40040,"Quincy/Wells","11/23/2008","U",1133,2008-11-23,11,"Nov",2008,23,"Sunday","(41.878723, -87.63374)","orange"
"470592",40040,"Quincy/Wells","07/28/2017","W",7483,2017-07-28,7,"Jul",2017,28,"Friday","(41.878723, -87.63374)","orange"
"470610",40040,"Quincy/Wells","08/30/2009","U",1694,2009-08-30,8,"Aug",2009,30,"Sunday","(41.878723, -87.63374)","orange"
"470694",40040,"Quincy/Wells","06/25/2004","W",6245,2004-06-25,6,"Jun",2004,25,"Friday","(41.878723, -87.63374)","orange"
"470731",40040,"Quincy/Wells","01/08/2016","W",7969,2016-01-08,1,"Jan",2016,8,"Friday","(41.878723, -87.63374)","orange"
"470742",40040,"Quincy/Wells","05/12/2007","A",1453,2007-05-12,5,"May",2007,12,"Saturday","(41.878723, -87.63374)","orange"
"470856",40040,"Quincy/Wells","12/21/2005","W",5969,2005-12-21,12,"Dec",2005,21,"Wednesday","(41.878723, -87.63374)","orange"
"470888",40040,"Quincy/Wells","05/15/2014","W",8408,2014-05-15,5,"May",2014,15,"Thursday","(41.878723, -87.63374)","orange"
"470991",40040,"Quincy/Wells","11/21/2012","W",6322,2012-11-21,11,"Nov",2012,21,"Wednesday","(41.878723, -87.63374)","orange"
"470998",40040,"Quincy/Wells","07/22/2014","W",8849,2014-07-22,7,"Jul",2014,22,"Tuesday","(41.878723, -87.63374)","orange"
"471427",40040,"Quincy/Wells","04/30/2001","W",8057,2001-04-30,4,"Apr",2001,30,"Monday","(41.878723, -87.63374)","orange"
"471456",40040,"Quincy/Wells","10/25/2013","W",8349,2013-10-25,10,"Oct",2013,25,"Friday","(41.878723, -87.63374)","orange"
"471488",40040,"Quincy/Wells","11/07/2009","A",1876,2009-11-07,11,"Nov",2009,7,"Saturday","(41.878723, -87.63374)","orange"
"471534",40040,"Quincy/Wells","10/05/2009","W",7740,2009-10-05,10,"Oct",2009,5,"Monday","(41.878723, -87.63374)","orange"
"471691",40040,"Quincy/Wells","08/06/2013","W",8846,2013-08-06,8,"Aug",2013,6,"Tuesday","(41.878723, -87.63374)","orange"
"471703",40040,"Quincy/Wells","11/19/2011","A",1958,2011-11-19,11,"Nov",2011,19,"Saturday","(41.878723, -87.63374)","orange"
"471921",40040,"Quincy/Wells","01/19/2014","U",1357,2014-01-19,1,"Jan",2014,19,"Sunday","(41.878723, -87.63374)","orange"
"472000",40040,"Quincy/Wells","02/20/2008","W",7043,2008-02-20,2,"Feb",2008,20,"Wednesday","(41.878723, -87.63374)","orange"
"472014",40040,"Quincy/Wells","05/18/2015","W",8108,2015-05-18,5,"May",2015,18,"Monday","(41.878723, -87.63374)","orange"
"472226",40040,"Quincy/Wells","08/26/2015","W",8197,2015-08-26,8,"Aug",2015,26,"Wednesday","(41.878723, -87.63374)","orange"
"472260",40040,"Quincy/Wells","01/10/2015","A",1236,2015-01-10,1,"Jan",2015,10,"Saturday","(41.878723, -87.63374)","orange"
"472376",40040,"Quincy/Wells","02/09/2013","A",1677,2013-02-09,2,"Feb",2013,9,"Saturday","(41.878723, -87.63374)","orange"
"472439",40040,"Quincy/Wells","01/03/2016","U",1072,2016-01-03,1,"Jan",2016,3,"Sunday","(41.878723, -87.63374)","orange"
"472579",40040,"Quincy/Wells","06/12/2006","W",7115,2006-06-12,6,"Jun",2006,12,"Monday","(41.878723, -87.63374)","orange"
"472668",40040,"Quincy/Wells","08/29/2012","W",8354,2012-08-29,8,"Aug",2012,29,"Wednesday","(41.878723, -87.63374)","orange"
"472692",40040,"Quincy/Wells","12/17/2008","W",7101,2008-12-17,12,"Dec",2008,17,"Wednesday","(41.878723, -87.63374)","orange"
"473221",40040,"Quincy/Wells","12/24/2008","W",2952,2008-12-24,12,"Dec",2008,24,"Wednesday","(41.878723, -87.63374)","orange"
"473462",40040,"Quincy/Wells","01/18/2005","W",6530,2005-01-18,1,"Jan",2005,18,"Tuesday","(41.878723, -87.63374)","orange"
"473490",40040,"Quincy/Wells","06/14/2006","W",7376,2006-06-14,6,"Jun",2006,14,"Wednesday","(41.878723, -87.63374)","orange"
"473516",40040,"Quincy/Wells","01/21/2010","W",7310,2010-01-21,1,"Jan",2010,21,"Thursday","(41.878723, -87.63374)","orange"
"473751",40040,"Quincy/Wells","05/11/2014","U",1338,2014-05-11,5,"May",2014,11,"Sunday","(41.878723, -87.63374)","orange"
"474045",40040,"Quincy/Wells","10/26/2012","W",8329,2012-10-26,10,"Oct",2012,26,"Friday","(41.878723, -87.63374)","orange"
"474319",40040,"Quincy/Wells","11/02/2017","W",8572,2017-11-02,11,"Nov",2017,2,"Thursday","(41.878723, -87.63374)","orange"
"474363",40040,"Quincy/Wells","12/29/2015","W",6268,2015-12-29,12,"Dec",2015,29,"Tuesday","(41.878723, -87.63374)","orange"
"474434",40040,"Quincy/Wells","01/14/2010","W",7245,2010-01-14,1,"Jan",2010,14,"Thursday","(41.878723, -87.63374)","orange"
"474497",40040,"Quincy/Wells","10/19/2011","W",8808,2011-10-19,10,"Oct",2011,19,"Wednesday","(41.878723, -87.63374)","orange"
"474565",40040,"Quincy/Wells","04/22/2004","W",6741,2004-04-22,4,"Apr",2004,22,"Thursday","(41.878723, -87.63374)","orange"
"474765",40040,"Quincy/Wells","02/28/2005","W",6544,2005-02-28,2,"Feb",2005,28,"Monday","(41.878723, -87.63374)","orange"
"474985",40040,"Quincy/Wells","11/07/2013","W",8723,2013-11-07,11,"Nov",2013,7,"Thursday","(41.878723, -87.63374)","orange"
"475015",40040,"Quincy/Wells","07/02/2017","U",1652,2017-07-02,7,"Jul",2017,2,"Sunday","(41.878723, -87.63374)","orange"
"475042",40040,"Quincy/Wells","02/16/2009","W",4996,2009-02-16,2,"Feb",2009,16,"Monday","(41.878723, -87.63374)","orange"
"475068",40040,"Quincy/Wells","03/06/2016","U",1311,2016-03-06,3,"Mar",2016,6,"Sunday","(41.878723, -87.63374)","orange"
"475165",40040,"Quincy/Wells","09/14/2013","A",2088,2013-09-14,9,"Sep",2013,14,"Saturday","(41.878723, -87.63374)","orange"
"475392",40040,"Quincy/Wells","07/21/2012","A",0,2012-07-21,7,"Jul",2012,21,"Saturday","(41.878723, -87.63374)","orange"
"475430",40040,"Quincy/Wells","10/15/2013","W",8898,2013-10-15,10,"Oct",2013,15,"Tuesday","(41.878723, -87.63374)","orange"
"475820",40040,"Quincy/Wells","05/07/2007","W",6559,2007-05-07,5,"May",2007,7,"Monday","(41.878723, -87.63374)","orange"
"475980",40040,"Quincy/Wells","01/22/2009","W",7710,2009-01-22,1,"Jan",2009,22,"Thursday","(41.878723, -87.63374)","orange"
"476012",40040,"Quincy/Wells","03/01/2002","W",7242,2002-03-01,3,"Mar",2002,1,"Friday","(41.878723, -87.63374)","orange"
"476218",40040,"Quincy/Wells","07/27/2014","U",1725,2014-07-27,7,"Jul",2014,27,"Sunday","(41.878723, -87.63374)","orange"
"476269",40040,"Quincy/Wells","10/01/2007","W",7273,2007-10-01,10,"Oct",2007,1,"Monday","(41.878723, -87.63374)","orange"
"476491",40040,"Quincy/Wells","05/05/2015","W",7925,2015-05-05,5,"May",2015,5,"Tuesday","(41.878723, -87.63374)","orange"
"476835",40040,"Quincy/Wells","12/10/2009","W",6762,2009-12-10,12,"Dec",2009,10,"Thursday","(41.878723, -87.63374)","orange"
"476965",40040,"Quincy/Wells","11/24/2006","W",2698,2006-11-24,11,"Nov",2006,24,"Friday","(41.878723, -87.63374)","orange"
"477122",40040,"Quincy/Wells","07/29/2012","U",1939,2012-07-29,7,"Jul",2012,29,"Sunday","(41.878723, -87.63374)","orange"
"477358",40040,"Quincy/Wells","11/12/2009","W",7240,2009-11-12,11,"Nov",2009,12,"Thursday","(41.878723, -87.63374)","orange"
"477592",40040,"Quincy/Wells","10/09/2003","W",7085,2003-10-09,10,"Oct",2003,9,"Thursday","(41.878723, -87.63374)","orange"
"477710",40040,"Quincy/Wells","03/05/2006","U",811,2006-03-05,3,"Mar",2006,5,"Sunday","(41.878723, -87.63374)","orange"
"477731",40040,"Quincy/Wells","04/05/2007","W",6621,2007-04-05,4,"Apr",2007,5,"Thursday","(41.878723, -87.63374)","orange"
"477795",40040,"Quincy/Wells","12/02/2009","W",7110,2009-12-02,12,"Dec",2009,2,"Wednesday","(41.878723, -87.63374)","orange"
"478270",40040,"Quincy/Wells","03/30/2006","W",6492,2006-03-30,3,"Mar",2006,30,"Thursday","(41.878723, -87.63374)","orange"
"478397",40040,"Quincy/Wells","07/09/2009","W",8136,2009-07-09,7,"Jul",2009,9,"Thursday","(41.878723, -87.63374)","orange"
"478458",40040,"Quincy/Wells","09/30/2010","W",7194,2010-09-30,9,"Sep",2010,30,"Thursday","(41.878723, -87.63374)","orange"
"478805",40040,"Quincy/Wells","12/15/2009","W",6943,2009-12-15,12,"Dec",2009,15,"Tuesday","(41.878723, -87.63374)","orange"
"479358",40040,"Quincy/Wells","11/01/2013","W",8113,2013-11-01,11,"Nov",2013,1,"Friday","(41.878723, -87.63374)","orange"
"479385",40040,"Quincy/Wells","11/12/2012","W",7913,2012-11-12,11,"Nov",2012,12,"Monday","(41.878723, -87.63374)","orange"
"479470",40040,"Quincy/Wells","07/13/2008","U",1666,2008-07-13,7,"Jul",2008,13,"Sunday","(41.878723, -87.63374)","orange"
"479691",40040,"Quincy/Wells","11/17/2012","A",1899,2012-11-17,11,"Nov",2012,17,"Saturday","(41.878723, -87.63374)","orange"
"479760",40040,"Quincy/Wells","03/04/2011","W",7056,2011-03-04,3,"Mar",2011,4,"Friday","(41.878723, -87.63374)","orange"
"479883",40040,"Quincy/Wells","09/29/2015","W",8561,2015-09-29,9,"Sep",2015,29,"Tuesday","(41.878723, -87.63374)","orange"
"480106",40040,"Quincy/Wells","07/19/2011","W",8699,2011-07-19,7,"Jul",2011,19,"Tuesday","(41.878723, -87.63374)","orange"
"480117",40040,"Quincy/Wells","10/15/2001","W",8061,2001-10-15,10,"Oct",2001,15,"Monday","(41.878723, -87.63374)","orange"
"480181",40040,"Quincy/Wells","04/15/2016","W",7507,2016-04-15,4,"Apr",2016,15,"Friday","(41.878723, -87.63374)","orange"
"480243",40040,"Quincy/Wells","11/12/2014","W",8201,2014-11-12,11,"Nov",2014,12,"Wednesday","(41.878723, -87.63374)","orange"
"480277",40040,"Quincy/Wells","05/13/2002","W",7716,2002-05-13,5,"May",2002,13,"Monday","(41.878723, -87.63374)","orange"
"480284",40040,"Quincy/Wells","07/15/2015","W",8308,2015-07-15,7,"Jul",2015,15,"Wednesday","(41.878723, -87.63374)","orange"
"480503",40040,"Quincy/Wells","07/08/2001","U",837,2001-07-08,7,"Jul",2001,8,"Sunday","(41.878723, -87.63374)","orange"
"480595",40040,"Quincy/Wells","07/11/2010","U",1581,2010-07-11,7,"Jul",2010,11,"Sunday","(41.878723, -87.63374)","orange"
"480602",40040,"Quincy/Wells","10/06/2002","U",849,2002-10-06,10,"Oct",2002,6,"Sunday","(41.878723, -87.63374)","orange"
"480924",40040,"Quincy/Wells","11/10/2011","W",8590,2011-11-10,11,"Nov",2011,10,"Thursday","(41.878723, -87.63374)","orange"
"481797",40040,"Quincy/Wells","10/10/2003","W",6897,2003-10-10,10,"Oct",2003,10,"Friday","(41.878723, -87.63374)","orange"
"481848",40040,"Quincy/Wells","05/19/2016","W",8083,2016-05-19,5,"May",2016,19,"Thursday","(41.878723, -87.63374)","orange"
"482031",40040,"Quincy/Wells","02/26/2017","U",1155,2017-02-26,2,"Feb",2017,26,"Sunday","(41.878723, -87.63374)","orange"
"482080",40040,"Quincy/Wells","03/31/2015","W",8123,2015-03-31,3,"Mar",2015,31,"Tuesday","(41.878723, -87.63374)","orange"
"482098",40040,"Quincy/Wells","06/07/2015","U",842,2015-06-07,6,"Jun",2015,7,"Sunday","(41.878723, -87.63374)","orange"
"482130",40040,"Quincy/Wells","07/01/2008","W",7637,2008-07-01,7,"Jul",2008,1,"Tuesday","(41.878723, -87.63374)","orange"
"482194",40040,"Quincy/Wells","07/19/2001","W",7958,2001-07-19,7,"Jul",2001,19,"Thursday","(41.878723, -87.63374)","orange"
"482561",40040,"Quincy/Wells","01/01/2015","U",1117,2015-01-01,1,"Jan",2015,1,"Thursday","(41.878723, -87.63374)","orange"
"482627",40040,"Quincy/Wells","06/06/2005","W",7161,2005-06-06,6,"Jun",2005,6,"Monday","(41.878723, -87.63374)","orange"
"482893",40040,"Quincy/Wells","12/02/2007","U",1025,2007-12-02,12,"Dec",2007,2,"Sunday","(41.878723, -87.63374)","orange"
"483108",40040,"Quincy/Wells","12/15/2010","W",6779,2010-12-15,12,"Dec",2010,15,"Wednesday","(41.878723, -87.63374)","orange"
"483360",40040,"Quincy/Wells","11/16/2014","U",1318,2014-11-16,11,"Nov",2014,16,"Sunday","(41.878723, -87.63374)","orange"
"483529",40040,"Quincy/Wells","04/08/2011","W",7133,2011-04-08,4,"Apr",2011,8,"Friday","(41.878723, -87.63374)","orange"
"484028",40040,"Quincy/Wells","03/01/2009","U",1193,2009-03-01,3,"Mar",2009,1,"Sunday","(41.878723, -87.63374)","orange"
"484078",40040,"Quincy/Wells","06/19/2009","W",6955,2009-06-19,6,"Jun",2009,19,"Friday","(41.878723, -87.63374)","orange"
"484120",40040,"Quincy/Wells","02/10/2009","W",7367,2009-02-10,2,"Feb",2009,10,"Tuesday","(41.878723, -87.63374)","orange"
"484208",40040,"Quincy/Wells","01/22/2015","W",8033,2015-01-22,1,"Jan",2015,22,"Thursday","(41.878723, -87.63374)","orange"
"484272",40040,"Quincy/Wells","11/06/2010","A",1653,2010-11-06,11,"Nov",2010,6,"Saturday","(41.878723, -87.63374)","orange"
"484332",40040,"Quincy/Wells","12/04/2008","W",7081,2008-12-04,12,"Dec",2008,4,"Thursday","(41.878723, -87.63374)","orange"
"484411",40040,"Quincy/Wells","03/23/2006","W",6634,2006-03-23,3,"Mar",2006,23,"Thursday","(41.878723, -87.63374)","orange"
"485067",40040,"Quincy/Wells","03/25/2005","W",4296,2005-03-25,3,"Mar",2005,25,"Friday","(41.878723, -87.63374)","orange"
"485525",40040,"Quincy/Wells","06/30/2016","W",8364,2016-06-30,6,"Jun",2016,30,"Thursday","(41.878723, -87.63374)","orange"
"485812",40040,"Quincy/Wells","01/11/2009","U",1055,2009-01-11,1,"Jan",2009,11,"Sunday","(41.878723, -87.63374)","orange"
"485991",40040,"Quincy/Wells","04/28/2006","W",6568,2006-04-28,4,"Apr",2006,28,"Friday","(41.878723, -87.63374)","orange"
"486005",40040,"Quincy/Wells","09/12/2005","W",7186,2005-09-12,9,"Sep",2005,12,"Monday","(41.878723, -87.63374)","orange"
"486044",40040,"Quincy/Wells","09/03/2002","W",7611,2002-09-03,9,"Sep",2002,3,"Tuesday","(41.878723, -87.63374)","orange"
"486382",40040,"Quincy/Wells","06/09/2003","W",7168,2003-06-09,6,"Jun",2003,9,"Monday","(41.878723, -87.63374)","orange"
"486527",40040,"Quincy/Wells","10/03/2008","W",7153,2008-10-03,10,"Oct",2008,3,"Friday","(41.878723, -87.63374)","orange"
"486537",40040,"Quincy/Wells","10/23/2001","W",7948,2001-10-23,10,"Oct",2001,23,"Tuesday","(41.878723, -87.63374)","orange"
"486592",40040,"Quincy/Wells","05/24/2001","W",8013,2001-05-24,5,"May",2001,24,"Thursday","(41.878723, -87.63374)","orange"
"486650",40040,"Quincy/Wells","09/29/2003","W",7092,2003-09-29,9,"Sep",2003,29,"Monday","(41.878723, -87.63374)","orange"
"486688",40040,"Quincy/Wells","07/17/2001","W",8292,2001-07-17,7,"Jul",2001,17,"Tuesday","(41.878723, -87.63374)","orange"
"486910",40040,"Quincy/Wells","01/02/2013","W",7934,2013-01-02,1,"Jan",2013,2,"Wednesday","(41.878723, -87.63374)","orange"
"487038",40040,"Quincy/Wells","06/10/2015","W",8213,2015-06-10,6,"Jun",2015,10,"Wednesday","(41.878723, -87.63374)","orange"
"487394",40040,"Quincy/Wells","12/25/2003","U",252,2003-12-25,12,"Dec",2003,25,"Thursday","(41.878723, -87.63374)","orange"
"487406",40040,"Quincy/Wells","10/18/2005","W",6959,2005-10-18,10,"Oct",2005,18,"Tuesday","(41.878723, -87.63374)","orange"
"487473",40040,"Quincy/Wells","09/04/2011","U",2315,2011-09-04,9,"Sep",2011,4,"Sunday","(41.878723, -87.63374)","orange"
"487685",40040,"Quincy/Wells","05/31/2013","W",7963,2013-05-31,5,"May",2013,31,"Friday","(41.878723, -87.63374)","orange"
"487851",40040,"Quincy/Wells","11/27/2007","W",7288,2007-11-27,11,"Nov",2007,27,"Tuesday","(41.878723, -87.63374)","orange"
"487973",40040,"Quincy/Wells","02/05/2009","W",7597,2009-02-05,2,"Feb",2009,5,"Thursday","(41.878723, -87.63374)","orange"
"488167",40040,"Quincy/Wells","04/17/2012","W",7970,2012-04-17,4,"Apr",2012,17,"Tuesday","(41.878723, -87.63374)","orange"
"488229",40040,"Quincy/Wells","01/02/2002","W",7352,2002-01-02,1,"Jan",2002,2,"Wednesday","(41.878723, -87.63374)","orange"
"488465",40040,"Quincy/Wells","10/26/2013","A",1936,2013-10-26,10,"Oct",2013,26,"Saturday","(41.878723, -87.63374)","orange"
"488531",40040,"Quincy/Wells","12/22/2006","W",4668,2006-12-22,12,"Dec",2006,22,"Friday","(41.878723, -87.63374)","orange"
"488669",40040,"Quincy/Wells","01/14/2006","A",1327,2006-01-14,1,"Jan",2006,14,"Saturday","(41.878723, -87.63374)","orange"
"488760",40040,"Quincy/Wells","03/03/2017","W",7640,2017-03-03,3,"Mar",2017,3,"Friday","(41.878723, -87.63374)","orange"
"488869",40040,"Quincy/Wells","08/01/2017","W",9283,2017-08-01,8,"Aug",2017,1,"Tuesday","(41.878723, -87.63374)","orange"
"488895",40040,"Quincy/Wells","05/04/2007","W",6202,2007-05-04,5,"May",2007,4,"Friday","(41.878723, -87.63374)","orange"
"489106",40040,"Quincy/Wells","06/18/2009","W",7664,2009-06-18,6,"Jun",2009,18,"Thursday","(41.878723, -87.63374)","orange"
"489239",40040,"Quincy/Wells","09/07/2001","W",7749,2001-09-07,9,"Sep",2001,7,"Friday","(41.878723, -87.63374)","orange"
"489470",40040,"Quincy/Wells","06/08/2001","W",7586,2001-06-08,6,"Jun",2001,8,"Friday","(41.878723, -87.63374)","orange"
"489584",40040,"Quincy/Wells","07/27/2004","W",6686,2004-07-27,7,"Jul",2004,27,"Tuesday","(41.878723, -87.63374)","orange"
"489769",40040,"Quincy/Wells","09/09/2005","W",6808,2005-09-09,9,"Sep",2005,9,"Friday","(41.878723, -87.63374)","orange"
"489792",40040,"Quincy/Wells","11/07/2015","A",1966,2015-11-07,11,"Nov",2015,7,"Saturday","(41.878723, -87.63374)","orange"
"489864",40040,"Quincy/Wells","04/03/2015","W",6109,2015-04-03,4,"Apr",2015,3,"Friday","(41.878723, -87.63374)","orange"
"490084",40040,"Quincy/Wells","09/15/2002","U",819,2002-09-15,9,"Sep",2002,15,"Sunday","(41.878723, -87.63374)","orange"
"490133",40040,"Quincy/Wells","08/19/2012","U",1785,2012-08-19,8,"Aug",2012,19,"Sunday","(41.878723, -87.63374)","orange"
"490159",40040,"Quincy/Wells","10/11/2005","W",7152,2005-10-11,10,"Oct",2005,11,"Tuesday","(41.878723, -87.63374)","orange"
"490439",40040,"Quincy/Wells","11/08/2009","U",1608,2009-11-08,11,"Nov",2009,8,"Sunday","(41.878723, -87.63374)","orange"
"490463",40040,"Quincy/Wells","04/19/2014","A",1918,2014-04-19,4,"Apr",2014,19,"Saturday","(41.878723, -87.63374)","orange"
"490642",40040,"Quincy/Wells","12/03/2010","W",6779,2010-12-03,12,"Dec",2010,3,"Friday","(41.878723, -87.63374)","orange"
"490789",40040,"Quincy/Wells","05/21/2008","W",7378,2008-05-21,5,"May",2008,21,"Wednesday","(41.878723, -87.63374)","orange"
"490804",40040,"Quincy/Wells","02/17/2016","W",8394,2016-02-17,2,"Feb",2016,17,"Wednesday","(41.878723, -87.63374)","orange"
"491412",40040,"Quincy/Wells","07/13/2017","W",8591,2017-07-13,7,"Jul",2017,13,"Thursday","(41.878723, -87.63374)","orange"
"491529",40040,"Quincy/Wells","11/10/2016","W",8206,2016-11-10,11,"Nov",2016,10,"Thursday","(41.878723, -87.63374)","orange"
"491799",40040,"Quincy/Wells","03/21/2009","A",1783,2009-03-21,3,"Mar",2009,21,"Saturday","(41.878723, -87.63374)","orange"
"491854",40040,"Quincy/Wells","09/08/2001","A",1304,2001-09-08,9,"Sep",2001,8,"Saturday","(41.878723, -87.63374)","orange"
"491872",40040,"Quincy/Wells","11/29/2006","W",7396,2006-11-29,11,"Nov",2006,29,"Wednesday","(41.878723, -87.63374)","orange"
"492150",40040,"Quincy/Wells","07/28/2012","A",2315,2012-07-28,7,"Jul",2012,28,"Saturday","(41.878723, -87.63374)","orange"
"492252",40040,"Quincy/Wells","03/01/2007","W",7190,2007-03-01,3,"Mar",2007,1,"Thursday","(41.878723, -87.63374)","orange"
"492298",40040,"Quincy/Wells","04/19/2006","W",6855,2006-04-19,4,"Apr",2006,19,"Wednesday","(41.878723, -87.63374)","orange"
"492302",40040,"Quincy/Wells","06/05/2001","W",8430,2001-06-05,6,"Jun",2001,5,"Tuesday","(41.878723, -87.63374)","orange"
"492402",40040,"Quincy/Wells","01/09/2014","W",8924,2014-01-09,1,"Jan",2014,9,"Thursday","(41.878723, -87.63374)","orange"
"492590",40040,"Quincy/Wells","01/19/2017","W",8332,2017-01-19,1,"Jan",2017,19,"Thursday","(41.878723, -87.63374)","orange"
"492711",40040,"Quincy/Wells","03/08/2012","W",8096,2012-03-08,3,"Mar",2012,8,"Thursday","(41.878723, -87.63374)","orange"
"492830",40040,"Quincy/Wells","12/10/2016","A",1411,2016-12-10,12,"Dec",2016,10,"Saturday","(41.878723, -87.63374)","orange"
"492848",40040,"Quincy/Wells","10/16/2017","W",8747,2017-10-16,10,"Oct",2017,16,"Monday","(41.878723, -87.63374)","orange"
"492990",40040,"Quincy/Wells","10/24/2009","A",1957,2009-10-24,10,"Oct",2009,24,"Saturday","(41.878723, -87.63374)","orange"
"493040",40040,"Quincy/Wells","10/13/2007","A",1850,2007-10-13,10,"Oct",2007,13,"Saturday","(41.878723, -87.63374)","orange"
"493133",40040,"Quincy/Wells","02/03/2006","W",6471,2006-02-03,2,"Feb",2006,3,"Friday","(41.878723, -87.63374)","orange"
"493375",40040,"Quincy/Wells","02/18/2008","W",4810,2008-02-18,2,"Feb",2008,18,"Monday","(41.878723, -87.63374)","orange"
"493535",40040,"Quincy/Wells","09/08/2011","W",8387,2011-09-08,9,"Sep",2011,8,"Thursday","(41.878723, -87.63374)","orange"
"493615",40040,"Quincy/Wells","10/26/2002","A",1169,2002-10-26,10,"Oct",2002,26,"Saturday","(41.878723, -87.63374)","orange"
"493793",40040,"Quincy/Wells","02/04/2008","W",7190,2008-02-04,2,"Feb",2008,4,"Monday","(41.878723, -87.63374)","orange"
"494027",40040,"Quincy/Wells","01/22/2008","W",7222,2008-01-22,1,"Jan",2008,22,"Tuesday","(41.878723, -87.63374)","orange"
"494060",40040,"Quincy/Wells","01/20/2003","W",4076,2003-01-20,1,"Jan",2003,20,"Monday","(41.878723, -87.63374)","orange"
"494463",40040,"Quincy/Wells","10/06/2008","W",7618,2008-10-06,10,"Oct",2008,6,"Monday","(41.878723, -87.63374)","orange"
"494500",40040,"Quincy/Wells","04/18/2015","A",1498,2015-04-18,4,"Apr",2015,18,"Saturday","(41.878723, -87.63374)","orange"
"494503",40040,"Quincy/Wells","12/17/2012","W",8180,2012-12-17,12,"Dec",2012,17,"Monday","(41.878723, -87.63374)","orange"
"494540",40040,"Quincy/Wells","12/22/2016","W",6116,2016-12-22,12,"Dec",2016,22,"Thursday","(41.878723, -87.63374)","orange"
"494550",40040,"Quincy/Wells","12/20/2009","U",1086,2009-12-20,12,"Dec",2009,20,"Sunday","(41.878723, -87.63374)","orange"
"494798",40040,"Quincy/Wells","03/01/2015","U",939,2015-03-01,3,"Mar",2015,1,"Sunday","(41.878723, -87.63374)","orange"
"494811",40040,"Quincy/Wells","11/07/2007","W",7395,2007-11-07,11,"Nov",2007,7,"Wednesday","(41.878723, -87.63374)","orange"
"494849",40040,"Quincy/Wells","05/21/2011","A",1749,2011-05-21,5,"May",2011,21,"Saturday","(41.878723, -87.63374)","orange"
"495176",40040,"Quincy/Wells","08/24/2015","W",8476,2015-08-24,8,"Aug",2015,24,"Monday","(41.878723, -87.63374)","orange"
"495390",40040,"Quincy/Wells","03/16/2017","W",8254,2017-03-16,3,"Mar",2017,16,"Thursday","(41.878723, -87.63374)","orange"
"495627",40040,"Quincy/Wells","04/06/2002","A",1298,2002-04-06,4,"Apr",2002,6,"Saturday","(41.878723, -87.63374)","orange"
"495727",40040,"Quincy/Wells","06/01/2005","W",6848,2005-06-01,6,"Jun",2005,1,"Wednesday","(41.878723, -87.63374)","orange"
"496286",40040,"Quincy/Wells","05/24/2008","A",1906,2008-05-24,5,"May",2008,24,"Saturday","(41.878723, -87.63374)","orange"
"496293",40040,"Quincy/Wells","08/10/2012","W",7938,2012-08-10,8,"Aug",2012,10,"Friday","(41.878723, -87.63374)","orange"
"496954",40040,"Quincy/Wells","12/31/2016","A",1548,2016-12-31,12,"Dec",2016,31,"Saturday","(41.878723, -87.63374)","orange"
"496970",40040,"Quincy/Wells","02/14/2013","W",8183,2013-02-14,2,"Feb",2013,14,"Thursday","(41.878723, -87.63374)","orange"
"497008",40040,"Quincy/Wells","03/19/2010","W",6607,2010-03-19,3,"Mar",2010,19,"Friday","(41.878723, -87.63374)","orange"
"497039",40040,"Quincy/Wells","11/09/2011","W",8589,2011-11-09,11,"Nov",2011,9,"Wednesday","(41.878723, -87.63374)","orange"
"497065",40040,"Quincy/Wells","12/19/2006","W",5568,2006-12-19,12,"Dec",2006,19,"Tuesday","(41.878723, -87.63374)","orange"
"497219",40040,"Quincy/Wells","03/17/2004","W",6618,2004-03-17,3,"Mar",2004,17,"Wednesday","(41.878723, -87.63374)","orange"
"497389",40040,"Quincy/Wells","08/17/2008","U",1652,2008-08-17,8,"Aug",2008,17,"Sunday","(41.878723, -87.63374)","orange"
"497605",40040,"Quincy/Wells","10/10/2015","A",2270,2015-10-10,10,"Oct",2015,10,"Saturday","(41.878723, -87.63374)","orange"
"497728",40040,"Quincy/Wells","03/04/2016","W",7562,2016-03-04,3,"Mar",2016,4,"Friday","(41.878723, -87.63374)","orange"
"497746",40040,"Quincy/Wells","05/09/2003","W",6565,2003-05-09,5,"May",2003,9,"Friday","(41.878723, -87.63374)","orange"
"497815",40040,"Quincy/Wells","07/10/2004","A",1006,2004-07-10,7,"Jul",2004,10,"Saturday","(41.878723, -87.63374)","orange"
"498036",40040,"Quincy/Wells","12/15/2008","W",6933,2008-12-15,12,"Dec",2008,15,"Monday","(41.878723, -87.63374)","orange"
"498105",40040,"Quincy/Wells","06/05/2011","U",1437,2011-06-05,6,"Jun",2011,5,"Sunday","(41.878723, -87.63374)","orange"
"498172",40040,"Quincy/Wells","05/07/2009","W",7414,2009-05-07,5,"May",2009,7,"Thursday","(41.878723, -87.63374)","orange"
"498463",40040,"Quincy/Wells","02/26/2005","A",1034,2005-02-26,2,"Feb",2005,26,"Saturday","(41.878723, -87.63374)","orange"
"498741",40040,"Quincy/Wells","09/08/2014","W",8540,2014-09-08,9,"Sep",2014,8,"Monday","(41.878723, -87.63374)","orange"
"498894",40040,"Quincy/Wells","11/08/2006","W",7429,2006-11-08,11,"Nov",2006,8,"Wednesday","(41.878723, -87.63374)","orange"
"498908",40040,"Quincy/Wells","06/19/2014","W",8447,2014-06-19,6,"Jun",2014,19,"Thursday","(41.878723, -87.63374)","orange"
"499026",40040,"Quincy/Wells","03/05/2003","W",7392,2003-03-05,3,"Mar",2003,5,"Wednesday","(41.878723, -87.63374)","orange"
"499113",40040,"Quincy/Wells","08/07/2007","W",7092,2007-08-07,8,"Aug",2007,7,"Tuesday","(41.878723, -87.63374)","orange"
"499114",40040,"Quincy/Wells","01/05/2017","W",8339,2017-01-05,1,"Jan",2017,5,"Thursday","(41.878723, -87.63374)","orange"
"499189",40040,"Quincy/Wells","10/20/2016","W",8141,2016-10-20,10,"Oct",2016,20,"Thursday","(41.878723, -87.63374)","orange"
"499300",40040,"Quincy/Wells","05/12/2012","A",0,2012-05-12,5,"May",2012,12,"Saturday","(41.878723, -87.63374)","orange"
"499319",40040,"Quincy/Wells","08/03/2011","W",8613,2011-08-03,8,"Aug",2011,3,"Wednesday","(41.878723, -87.63374)","orange"
"499412",40040,"Quincy/Wells","04/15/2001","U",580,2001-04-15,4,"Apr",2001,15,"Sunday","(41.878723, -87.63374)","orange"
"499437",40040,"Quincy/Wells","02/19/2007","W",4668,2007-02-19,2,"Feb",2007,19,"Monday","(41.878723, -87.63374)","orange"
"499667",40040,"Quincy/Wells","04/11/2012","W",8196,2012-04-11,4,"Apr",2012,11,"Wednesday","(41.878723, -87.63374)","orange"
"499889",40040,"Quincy/Wells","12/02/2012","U",1222,2012-12-02,12,"Dec",2012,2,"Sunday","(41.878723, -87.63374)","orange"
"500090",40040,"Quincy/Wells","12/02/2005","W",6453,2005-12-02,12,"Dec",2005,2,"Friday","(41.878723, -87.63374)","orange"
"500111",40040,"Quincy/Wells","12/05/2007","W",7150,2007-12-05,12,"Dec",2007,5,"Wednesday","(41.878723, -87.63374)","orange"
"500131",40040,"Quincy/Wells","10/25/2003","A",1134,2003-10-25,10,"Oct",2003,25,"Saturday","(41.878723, -87.63374)","orange"
"500352",40040,"Quincy/Wells","03/30/2007","W",7037,2007-03-30,3,"Mar",2007,30,"Friday","(41.878723, -87.63374)","orange"
"500389",40040,"Quincy/Wells","04/23/2016","A",1775,2016-04-23,4,"Apr",2016,23,"Saturday","(41.878723, -87.63374)","orange"
"500402",40040,"Quincy/Wells","02/21/2003","W",6643,2003-02-21,2,"Feb",2003,21,"Friday","(41.878723, -87.63374)","orange"
"500878",40040,"Quincy/Wells","05/16/2004","U",766,2004-05-16,5,"May",2004,16,"Sunday","(41.878723, -87.63374)","orange"
"500944",40040,"Quincy/Wells","09/01/2012","A",1933,2012-09-01,9,"Sep",2012,1,"Saturday","(41.878723, -87.63374)","orange"
"501076",40040,"Quincy/Wells","11/13/2002","W",7551,2002-11-13,11,"Nov",2002,13,"Wednesday","(41.878723, -87.63374)","orange"
"501278",40040,"Quincy/Wells","09/14/2010","W",7558,2010-09-14,9,"Sep",2010,14,"Tuesday","(41.878723, -87.63374)","orange"
"501454",40040,"Quincy/Wells","01/21/2009","W",7589,2009-01-21,1,"Jan",2009,21,"Wednesday","(41.878723, -87.63374)","orange"
"501463",40040,"Quincy/Wells","11/06/2016","U",1478,2016-11-06,11,"Nov",2016,6,"Sunday","(41.878723, -87.63374)","orange"
"501665",40040,"Quincy/Wells","06/29/2015","W",8371,2015-06-29,6,"Jun",2015,29,"Monday","(41.878723, -87.63374)","orange"
"501813",40040,"Quincy/Wells","10/07/2003","W",7368,2003-10-07,10,"Oct",2003,7,"Tuesday","(41.878723, -87.63374)","orange"
"502025",40040,"Quincy/Wells","01/07/2009","W",7843,2009-01-07,1,"Jan",2009,7,"Wednesday","(41.878723, -87.63374)","orange"
"502030",40040,"Quincy/Wells","03/23/2017","W",8095,2017-03-23,3,"Mar",2017,23,"Thursday","(41.878723, -87.63374)","orange"
"502040",40040,"Quincy/Wells","01/05/2002","A",796,2002-01-05,1,"Jan",2002,5,"Saturday","(41.878723, -87.63374)","orange"
"502134",40040,"Quincy/Wells","04/29/2007","U",1228,2007-04-29,4,"Apr",2007,29,"Sunday","(41.878723, -87.63374)","orange"
"502284",40040,"Quincy/Wells","04/29/2017","A",1340,2017-04-29,4,"Apr",2017,29,"Saturday","(41.878723, -87.63374)","orange"
"502591",40040,"Quincy/Wells","07/07/2011","W",8411,2011-07-07,7,"Jul",2011,7,"Thursday","(41.878723, -87.63374)","orange"
"502649",40040,"Quincy/Wells","10/08/2013","W",8920,2013-10-08,10,"Oct",2013,8,"Tuesday","(41.878723, -87.63374)","orange"
"502717",40040,"Quincy/Wells","09/07/2003","U",768,2003-09-07,9,"Sep",2003,7,"Sunday","(41.878723, -87.63374)","orange"
"503106",40040,"Quincy/Wells","02/17/2005","W",6404,2005-02-17,2,"Feb",2005,17,"Thursday","(41.878723, -87.63374)","orange"
"503246",40040,"Quincy/Wells","07/30/2010","W",6818,2010-07-30,7,"Jul",2010,30,"Friday","(41.878723, -87.63374)","orange"
"503316",40040,"Quincy/Wells","01/09/2012","W",8366,2012-01-09,1,"Jan",2012,9,"Monday","(41.878723, -87.63374)","orange"
"503462",40040,"Quincy/Wells","06/12/2016","U",1694,2016-06-12,6,"Jun",2016,12,"Sunday","(41.878723, -87.63374)","orange"
"503464",40040,"Quincy/Wells","08/27/2010","W",6726,2010-08-27,8,"Aug",2010,27,"Friday","(41.878723, -87.63374)","orange"
"503561",40040,"Quincy/Wells","08/28/2012","W",8486,2012-08-28,8,"Aug",2012,28,"Tuesday","(41.878723, -87.63374)","orange"
"503693",40040,"Quincy/Wells","11/24/2002","U",712,2002-11-24,11,"Nov",2002,24,"Sunday","(41.878723, -87.63374)","orange"
"503696",40040,"Quincy/Wells","12/03/2009","W",7124,2009-12-03,12,"Dec",2009,3,"Thursday","(41.878723, -87.63374)","orange"
"503723",40040,"Quincy/Wells","03/05/2010","W",6912,2010-03-05,3,"Mar",2010,5,"Friday","(41.878723, -87.63374)","orange"
"503771",40040,"Quincy/Wells","08/02/2014","A",2292,2014-08-02,8,"Aug",2014,2,"Saturday","(41.878723, -87.63374)","orange"
"503831",40040,"Quincy/Wells","08/18/2011","W",8228,2011-08-18,8,"Aug",2011,18,"Thursday","(41.878723, -87.63374)","orange"
"503950",40040,"Quincy/Wells","11/18/2001","U",602,2001-11-18,11,"Nov",2001,18,"Sunday","(41.878723, -87.63374)","orange"
"504067",40040,"Quincy/Wells","09/12/2016","W",8448,2016-09-12,9,"Sep",2016,12,"Monday","(41.878723, -87.63374)","orange"
"504253",40040,"Quincy/Wells","08/11/2016","W",8685,2016-08-11,8,"Aug",2016,11,"Thursday","(41.878723, -87.63374)","orange"
"504536",40040,"Quincy/Wells","12/23/2013","W",5325,2013-12-23,12,"Dec",2013,23,"Monday","(41.878723, -87.63374)","orange"
"504725",40040,"Quincy/Wells","01/21/2013","W",4752,2013-01-21,1,"Jan",2013,21,"Monday","(41.878723, -87.63374)","orange"
"504923",40040,"Quincy/Wells","01/20/2006","W",6832,2006-01-20,1,"Jan",2006,20,"Friday","(41.878723, -87.63374)","orange"
"504997",40040,"Quincy/Wells","01/13/2016","W",8845,2016-01-13,1,"Jan",2016,13,"Wednesday","(41.878723, -87.63374)","orange"
"505329",40040,"Quincy/Wells","08/22/2014","W",7769,2014-08-22,8,"Aug",2014,22,"Friday","(41.878723, -87.63374)","orange"
"505580",40040,"Quincy/Wells","03/28/2017","W",8595,2017-03-28,3,"Mar",2017,28,"Tuesday","(41.878723, -87.63374)","orange"
"505611",40040,"Quincy/Wells","06/25/2005","A",1292,2005-06-25,6,"Jun",2005,25,"Saturday","(41.878723, -87.63374)","orange"
"505625",40040,"Quincy/Wells","08/12/2017","A",2219,2017-08-12,8,"Aug",2017,12,"Saturday","(41.878723, -87.63374)","orange"
"505652",40040,"Quincy/Wells","04/18/2013","W",7938,2013-04-18,4,"Apr",2013,18,"Thursday","(41.878723, -87.63374)","orange"
"505712",40040,"Quincy/Wells","02/25/2011","W",7496,2011-02-25,2,"Feb",2011,25,"Friday","(41.878723, -87.63374)","orange"
"505739",40040,"Quincy/Wells","05/30/2005","U",966,2005-05-30,5,"May",2005,30,"Monday","(41.878723, -87.63374)","orange"
"505878",40040,"Quincy/Wells","04/27/2013","A",904,2013-04-27,4,"Apr",2013,27,"Saturday","(41.878723, -87.63374)","orange"
"506078",40040,"Quincy/Wells","07/12/2011","W",8635,2011-07-12,7,"Jul",2011,12,"Tuesday","(41.878723, -87.63374)","orange"
"506182",40040,"Quincy/Wells","07/23/2015","W",8279,2015-07-23,7,"Jul",2015,23,"Thursday","(41.878723, -87.63374)","orange"
"506605",40040,"Quincy/Wells","05/04/2001","W",7531,2001-05-04,5,"May",2001,4,"Friday","(41.878723, -87.63374)","orange"
"506784",40040,"Quincy/Wells","09/26/2008","W",7204,2008-09-26,9,"Sep",2008,26,"Friday","(41.878723, -87.63374)","orange"
"507024",40040,"Quincy/Wells","10/27/2013","U",1675,2013-10-27,10,"Oct",2013,27,"Sunday","(41.878723, -87.63374)","orange"
"507750",40040,"Quincy/Wells","12/18/2008","W",7051,2008-12-18,12,"Dec",2008,18,"Thursday","(41.878723, -87.63374)","orange"
"508569",40040,"Quincy/Wells","07/20/2006","W",7309,2006-07-20,7,"Jul",2006,20,"Thursday","(41.878723, -87.63374)","orange"
"508679",40040,"Quincy/Wells","06/07/2004","W",7045,2004-06-07,6,"Jun",2004,7,"Monday","(41.878723, -87.63374)","orange"
"508747",40040,"Quincy/Wells","03/20/2013","W",8100,2013-03-20,3,"Mar",2013,20,"Wednesday","(41.878723, -87.63374)","orange"
"509067",40040,"Quincy/Wells","09/04/2016","U",1848,2016-09-04,9,"Sep",2016,4,"Sunday","(41.878723, -87.63374)","orange"
"509150",40040,"Quincy/Wells","08/03/2012","W",8146,2012-08-03,8,"Aug",2012,3,"Friday","(41.878723, -87.63374)","orange"
"509256",40040,"Quincy/Wells","05/06/2017","A",1626,2017-05-06,5,"May",2017,6,"Saturday","(41.878723, -87.63374)","orange"
"509403",40040,"Quincy/Wells","08/21/2006","W",7577,2006-08-21,8,"Aug",2006,21,"Monday","(41.878723, -87.63374)","orange"
"509608",40040,"Quincy/Wells","06/01/2004","W",7067,2004-06-01,6,"Jun",2004,1,"Tuesday","(41.878723, -87.63374)","orange"
"509738",40040,"Quincy/Wells","10/08/2007","W",6458,2007-10-08,10,"Oct",2007,8,"Monday","(41.878723, -87.63374)","orange"
"509786",40040,"Quincy/Wells","06/14/2015","U",1516,2015-06-14,6,"Jun",2015,14,"Sunday","(41.878723, -87.63374)","orange"
"509814",40040,"Quincy/Wells","11/11/2003","W",5803,2003-11-11,11,"Nov",2003,11,"Tuesday","(41.878723, -87.63374)","orange"
"509816",40040,"Quincy/Wells","11/10/2007","A",1810,2007-11-10,11,"Nov",2007,10,"Saturday","(41.878723, -87.63374)","orange"
"509978",40040,"Quincy/Wells","08/10/2008","U",1957,2008-08-10,8,"Aug",2008,10,"Sunday","(41.878723, -87.63374)","orange"
"510497",40040,"Quincy/Wells","10/15/2003","W",7719,2003-10-15,10,"Oct",2003,15,"Wednesday","(41.878723, -87.63374)","orange"
"510974",40040,"Quincy/Wells","10/28/2014","W",8521,2014-10-28,10,"Oct",2014,28,"Tuesday","(41.878723, -87.63374)","orange"
"511047",40040,"Quincy/Wells","08/09/2004","W",6116,2004-08-09,8,"Aug",2004,9,"Monday","(41.878723, -87.63374)","orange"
"511132",40040,"Quincy/Wells","02/22/2010","W",7271,2010-02-22,2,"Feb",2010,22,"Monday","(41.878723, -87.63374)","orange"
"511138",40040,"Quincy/Wells","09/15/2001","A",970,2001-09-15,9,"Sep",2001,15,"Saturday","(41.878723, -87.63374)","orange"
"511231",40040,"Quincy/Wells","05/07/2012","W",8075,2012-05-07,5,"May",2012,7,"Monday","(41.878723, -87.63374)","orange"
"511325",40040,"Quincy/Wells","07/13/2003","U",893,2003-07-13,7,"Jul",2003,13,"Sunday","(41.878723, -87.63374)","orange"
"511350",40040,"Quincy/Wells","07/13/2010","W",7596,2010-07-13,7,"Jul",2010,13,"Tuesday","(41.878723, -87.63374)","orange"
"511636",40040,"Quincy/Wells","04/04/2016","W",8674,2016-04-04,4,"Apr",2016,4,"Monday","(41.878723, -87.63374)","orange"
"511719",40040,"Quincy/Wells","04/16/2005","A",1127,2005-04-16,4,"Apr",2005,16,"Saturday","(41.878723, -87.63374)","orange"
"511915",40040,"Quincy/Wells","08/17/2017","W",8519,2017-08-17,8,"Aug",2017,17,"Thursday","(41.878723, -87.63374)","orange"
"511921",40040,"Quincy/Wells","08/30/2017","W",8287,2017-08-30,8,"Aug",2017,30,"Wednesday","(41.878723, -87.63374)","orange"
"512300",40040,"Quincy/Wells","10/08/2009","W",7714,2009-10-08,10,"Oct",2009,8,"Thursday","(41.878723, -87.63374)","orange"
"512325",40040,"Quincy/Wells","12/13/2004","W",6151,2004-12-13,12,"Dec",2004,13,"Monday","(41.878723, -87.63374)","orange"
"512416",40040,"Quincy/Wells","07/25/2007","W",6937,2007-07-25,7,"Jul",2007,25,"Wednesday","(41.878723, -87.63374)","orange"
"512441",40040,"Quincy/Wells","12/16/2001","U",514,2001-12-16,12,"Dec",2001,16,"Sunday","(41.878723, -87.63374)","orange"
"512498",40040,"Quincy/Wells","11/16/2003","U",755,2003-11-16,11,"Nov",2003,16,"Sunday","(41.878723, -87.63374)","orange"
"512542",40040,"Quincy/Wells","11/21/2010","U",1258,2010-11-21,11,"Nov",2010,21,"Sunday","(41.878723, -87.63374)","orange"
"512763",40040,"Quincy/Wells","12/17/2014","W",8055,2014-12-17,12,"Dec",2014,17,"Wednesday","(41.878723, -87.63374)","orange"
"512788",40040,"Quincy/Wells","09/08/2012","A",2406,2012-09-08,9,"Sep",2012,8,"Saturday","(41.878723, -87.63374)","orange"
"512865",40040,"Quincy/Wells","01/12/2009","W",7863,2009-01-12,1,"Jan",2009,12,"Monday","(41.878723, -87.63374)","orange"
"512938",40040,"Quincy/Wells","12/14/2003","U",565,2003-12-14,12,"Dec",2003,14,"Sunday","(41.878723, -87.63374)","orange"
"513304",40040,"Quincy/Wells","11/10/2013","U",1740,2013-11-10,11,"Nov",2013,10,"Sunday","(41.878723, -87.63374)","orange"
"513699",40040,"Quincy/Wells","09/17/2014","W",8415,2014-09-17,9,"Sep",2014,17,"Wednesday","(41.878723, -87.63374)","orange"
"513804",40040,"Quincy/Wells","02/15/2011","W",7706,2011-02-15,2,"Feb",2011,15,"Tuesday","(41.878723, -87.63374)","orange"
"513826",40040,"Quincy/Wells","01/08/2008","W",6992,2008-01-08,1,"Jan",2008,8,"Tuesday","(41.878723, -87.63374)","orange"
"514435",40040,"Quincy/Wells","01/08/2003","W",7455,2003-01-08,1,"Jan",2003,8,"Wednesday","(41.878723, -87.63374)","orange"
"514760",40040,"Quincy/Wells","06/07/2017","W",8886,2017-06-07,6,"Jun",2017,7,"Wednesday","(41.878723, -87.63374)","orange"
"514837",40040,"Quincy/Wells","12/16/2008","W",8202,2008-12-16,12,"Dec",2008,16,"Tuesday","(41.878723, -87.63374)","orange"
"514932",40040,"Quincy/Wells","07/02/2003","W",6842,2003-07-02,7,"Jul",2003,2,"Wednesday","(41.878723, -87.63374)","orange"
"515231",40040,"Quincy/Wells","05/02/2009","A",2047,2009-05-02,5,"May",2009,2,"Saturday","(41.878723, -87.63374)","orange"
"515298",40040,"Quincy/Wells","06/07/2009","U",1279,2009-06-07,6,"Jun",2009,7,"Sunday","(41.878723, -87.63374)","orange"
"515316",40040,"Quincy/Wells","12/09/2001","U",595,2001-12-09,12,"Dec",2001,9,"Sunday","(41.878723, -87.63374)","orange"
"515361",40040,"Quincy/Wells","09/23/2016","W",7493,2016-09-23,9,"Sep",2016,23,"Friday","(41.878723, -87.63374)","orange"
"515390",40040,"Quincy/Wells","08/17/2013","A",2480,2013-08-17,8,"Aug",2013,17,"Saturday","(41.878723, -87.63374)","orange"
"515650",40040,"Quincy/Wells","03/04/2010","W",7094,2010-03-04,3,"Mar",2010,4,"Thursday","(41.878723, -87.63374)","orange"
"515774",40040,"Quincy/Wells","09/21/2007","W",7140,2007-09-21,9,"Sep",2007,21,"Friday","(41.878723, -87.63374)","orange"
"515823",40040,"Quincy/Wells","08/02/2015","U",1732,2015-08-02,8,"Aug",2015,2,"Sunday","(41.878723, -87.63374)","orange"
"516777",40040,"Quincy/Wells","09/19/2008","W",7428,2008-09-19,9,"Sep",2008,19,"Friday","(41.878723, -87.63374)","orange"
"516906",40040,"Quincy/Wells","07/04/2005","U",986,2005-07-04,7,"Jul",2005,4,"Monday","(41.878723, -87.63374)","orange"
"516908",40040,"Quincy/Wells","12/19/2010","U",942,2010-12-19,12,"Dec",2010,19,"Sunday","(41.878723, -87.63374)","orange"
"517062",40040,"Quincy/Wells","09/01/2015","W",8307,2015-09-01,9,"Sep",2015,1,"Tuesday","(41.878723, -87.63374)","orange"
"517393",40040,"Quincy/Wells","01/29/2015","W",7916,2015-01-29,1,"Jan",2015,29,"Thursday","(41.878723, -87.63374)","orange"
"517648",40040,"Quincy/Wells","07/24/2009","W",7719,2009-07-24,7,"Jul",2009,24,"Friday","(41.878723, -87.63374)","orange"
"517685",40040,"Quincy/Wells","10/28/2003","W",7228,2003-10-28,10,"Oct",2003,28,"Tuesday","(41.878723, -87.63374)","orange"
"517741",40040,"Quincy/Wells","03/23/2002","A",1040,2002-03-23,3,"Mar",2002,23,"Saturday","(41.878723, -87.63374)","orange"
"517841",40040,"Quincy/Wells","05/11/2009","W",7472,2009-05-11,5,"May",2009,11,"Monday","(41.878723, -87.63374)","orange"
"517846",40040,"Quincy/Wells","03/09/2016","W",8139,2016-03-09,3,"Mar",2016,9,"Wednesday","(41.878723, -87.63374)","orange"
"517916",40040,"Quincy/Wells","07/02/2009","W",7306,2009-07-02,7,"Jul",2009,2,"Thursday","(41.878723, -87.63374)","orange"
"518012",40040,"Quincy/Wells","10/24/2001","W",8122,2001-10-24,10,"Oct",2001,24,"Wednesday","(41.878723, -87.63374)","orange"
"518152",40040,"Quincy/Wells","08/23/2003","A",1055,2003-08-23,8,"Aug",2003,23,"Saturday","(41.878723, -87.63374)","orange"
"518159",40040,"Quincy/Wells","10/15/2014","W",8470,2014-10-15,10,"Oct",2014,15,"Wednesday","(41.878723, -87.63374)","orange"
"518522",40040,"Quincy/Wells","05/23/2012","W",8162,2012-05-23,5,"May",2012,23,"Wednesday","(41.878723, -87.63374)","orange"
"518624",40040,"Quincy/Wells","12/15/2004","W",6052,2004-12-15,12,"Dec",2004,15,"Wednesday","(41.878723, -87.63374)","orange"
"518846",40040,"Quincy/Wells","03/09/2002","A",834,2002-03-09,3,"Mar",2002,9,"Saturday","(41.878723, -87.63374)","orange"
"518860",40040,"Quincy/Wells","03/27/2007","W",7527,2007-03-27,3,"Mar",2007,27,"Tuesday","(41.878723, -87.63374)","orange"
"518861",40040,"Quincy/Wells","11/03/2003","W",7175,2003-11-03,11,"Nov",2003,3,"Monday","(41.878723, -87.63374)","orange"
"519040",40040,"Quincy/Wells","04/05/2013","W",7820,2013-04-05,4,"Apr",2013,5,"Friday","(41.878723, -87.63374)","orange"
"519235",40040,"Quincy/Wells","08/04/2012","A",2379,2012-08-04,8,"Aug",2012,4,"Saturday","(41.878723, -87.63374)","orange"
"519334",40040,"Quincy/Wells","12/10/2005","A",1031,2005-12-10,12,"Dec",2005,10,"Saturday","(41.878723, -87.63374)","orange"
"519364",40040,"Quincy/Wells","10/05/2002","A",1219,2002-10-05,10,"Oct",2002,5,"Saturday","(41.878723, -87.63374)","orange"
"519466",40040,"Quincy/Wells","08/05/2016","W",7347,2016-08-05,8,"Aug",2016,5,"Friday","(41.878723, -87.63374)","orange"
"519509",40040,"Quincy/Wells","12/03/2001","W",7584,2001-12-03,12,"Dec",2001,3,"Monday","(41.878723, -87.63374)","orange"
"519526",40040,"Quincy/Wells","11/15/2007","W",7209,2007-11-15,11,"Nov",2007,15,"Thursday","(41.878723, -87.63374)","orange"
"519535",40040,"Quincy/Wells","09/12/2003","W",6811,2003-09-12,9,"Sep",2003,12,"Friday","(41.878723, -87.63374)","orange"
"519617",40040,"Quincy/Wells","01/18/2003","A",849,2003-01-18,1,"Jan",2003,18,"Saturday","(41.878723, -87.63374)","orange"
"519731",40040,"Quincy/Wells","09/24/2007","W",7242,2007-09-24,9,"Sep",2007,24,"Monday","(41.878723, -87.63374)","orange"
"519780",40040,"Quincy/Wells","04/13/2014","U",1350,2014-04-13,4,"Apr",2014,13,"Sunday","(41.878723, -87.63374)","orange"
"519809",40040,"Quincy/Wells","04/20/2015","W",8040,2015-04-20,4,"Apr",2015,20,"Monday","(41.878723, -87.63374)","orange"
"519951",40040,"Quincy/Wells","08/31/2002","A",1305,2002-08-31,8,"Aug",2002,31,"Saturday","(41.878723, -87.63374)","orange"
"520010",40040,"Quincy/Wells","04/16/2017","U",1440,2017-04-16,4,"Apr",2017,16,"Sunday","(41.878723, -87.63374)","orange"
"520156",40040,"Quincy/Wells","08/02/2011","W",8610,2011-08-02,8,"Aug",2011,2,"Tuesday","(41.878723, -87.63374)","orange"
"520749",40040,"Quincy/Wells","08/30/2003","A",1332,2003-08-30,8,"Aug",2003,30,"Saturday","(41.878723, -87.63374)","orange"
"520832",40040,"Quincy/Wells","08/06/2016","A",2114,2016-08-06,8,"Aug",2016,6,"Saturday","(41.878723, -87.63374)","orange"
"520883",40040,"Quincy/Wells","10/03/2007","W",7179,2007-10-03,10,"Oct",2007,3,"Wednesday","(41.878723, -87.63374)","orange"
"521073",40040,"Quincy/Wells","03/19/2006","U",899,2006-03-19,3,"Mar",2006,19,"Sunday","(41.878723, -87.63374)","orange"
"521262",40040,"Quincy/Wells","09/09/2006","A",1469,2006-09-09,9,"Sep",2006,9,"Saturday","(41.878723, -87.63374)","orange"
"521448",40040,"Quincy/Wells","11/10/2015","W",8520,2015-11-10,11,"Nov",2015,10,"Tuesday","(41.878723, -87.63374)","orange"
"521604",40040,"Quincy/Wells","04/01/2004","W",6627,2004-04-01,4,"Apr",2004,1,"Thursday","(41.878723, -87.63374)","orange"
"521719",40040,"Quincy/Wells","09/09/2014","W",8409,2014-09-09,9,"Sep",2014,9,"Tuesday","(41.878723, -87.63374)","orange"
"521976",40040,"Quincy/Wells","11/08/2012","W",8532,2012-11-08,11,"Nov",2012,8,"Thursday","(41.878723, -87.63374)","orange"
"521978",40040,"Quincy/Wells","02/04/2007","U",665,2007-02-04,2,"Feb",2007,4,"Sunday","(41.878723, -87.63374)","orange"
"522356",40040,"Quincy/Wells","04/23/2012","W",8065,2012-04-23,4,"Apr",2012,23,"Monday","(41.878723, -87.63374)","orange"
"522363",40040,"Quincy/Wells","08/30/2007","W",7052,2007-08-30,8,"Aug",2007,30,"Thursday","(41.878723, -87.63374)","orange"
"522721",40040,"Quincy/Wells","12/28/2006","W",5667,2006-12-28,12,"Dec",2006,28,"Thursday","(41.878723, -87.63374)","orange"
"523003",40040,"Quincy/Wells","11/14/2012","W",8621,2012-11-14,11,"Nov",2012,14,"Wednesday","(41.878723, -87.63374)","orange"
"523019",40040,"Quincy/Wells","04/23/2013","W",8623,2013-04-23,4,"Apr",2013,23,"Tuesday","(41.878723, -87.63374)","orange"
"523660",40040,"Quincy/Wells","12/26/2003","W",2224,2003-12-26,12,"Dec",2003,26,"Friday","(41.878723, -87.63374)","orange"
"523737",40040,"Quincy/Wells","10/19/2004","W",6803,2004-10-19,10,"Oct",2004,19,"Tuesday","(41.878723, -87.63374)","orange"
"523918",40040,"Quincy/Wells","06/02/2017","W",7491,2017-06-02,6,"Jun",2017,2,"Friday","(41.878723, -87.63374)","orange"
"524036",40040,"Quincy/Wells","03/14/2002","W",7683,2002-03-14,3,"Mar",2002,14,"Thursday","(41.878723, -87.63374)","orange"
"524090",40040,"Quincy/Wells","09/23/2002","W",7608,2002-09-23,9,"Sep",2002,23,"Monday","(41.878723, -87.63374)","orange"
"524252",40040,"Quincy/Wells","01/13/2005","W",6629,2005-01-13,1,"Jan",2005,13,"Thursday","(41.878723, -87.63374)","orange"
"524314",40040,"Quincy/Wells","09/03/2017","U",1642,2017-09-03,9,"Sep",2017,3,"Sunday","(41.878723, -87.63374)","orange"
"524587",40040,"Quincy/Wells","12/11/2016","U",1061,2016-12-11,12,"Dec",2016,11,"Sunday","(41.878723, -87.63374)","orange"
"524769",40040,"Quincy/Wells","07/31/2016","U",1840,2016-07-31,7,"Jul",2016,31,"Sunday","(41.878723, -87.63374)","orange"
"525249",40040,"Quincy/Wells","12/20/2002","W",6054,2002-12-20,12,"Dec",2002,20,"Friday","(41.878723, -87.63374)","orange"
"525299",40040,"Quincy/Wells","07/29/2003","W",7120,2003-07-29,7,"Jul",2003,29,"Tuesday","(41.878723, -87.63374)","orange"
"525382",40040,"Quincy/Wells","07/09/2011","A",2171,2011-07-09,7,"Jul",2011,9,"Saturday","(41.878723, -87.63374)","orange"
"525424",40040,"Quincy/Wells","08/14/2016","U",1646,2016-08-14,8,"Aug",2016,14,"Sunday","(41.878723, -87.63374)","orange"
"525428",40040,"Quincy/Wells","12/06/2005","W",6454,2005-12-06,12,"Dec",2005,6,"Tuesday","(41.878723, -87.63374)","orange"
"525700",40040,"Quincy/Wells","01/09/2013","W",8357,2013-01-09,1,"Jan",2013,9,"Wednesday","(41.878723, -87.63374)","orange"
"525946",40040,"Quincy/Wells","04/06/2015","W",8037,2015-04-06,4,"Apr",2015,6,"Monday","(41.878723, -87.63374)","orange"
"526086",40040,"Quincy/Wells","09/06/2002","W",7002,2002-09-06,9,"Sep",2002,6,"Friday","(41.878723, -87.63374)","orange"
"526314",40040,"Quincy/Wells","11/11/2014","W",6523,2014-11-11,11,"Nov",2014,11,"Tuesday","(41.878723, -87.63374)","orange"
"526464",40040,"Quincy/Wells","04/14/2010","W",7009,2010-04-14,4,"Apr",2010,14,"Wednesday","(41.878723, -87.63374)","orange"
"526470",40040,"Quincy/Wells","03/26/2002","W",7713,2002-03-26,3,"Mar",2002,26,"Tuesday","(41.878723, -87.63374)","orange"
"526503",40040,"Quincy/Wells","10/09/2009","W",7319,2009-10-09,10,"Oct",2009,9,"Friday","(41.878723, -87.63374)","orange"
"526588",40040,"Quincy/Wells","04/04/2007","W",6512,2007-04-04,4,"Apr",2007,4,"Wednesday","(41.878723, -87.63374)","orange"
"526680",40040,"Quincy/Wells","09/18/2005","U",1124,2005-09-18,9,"Sep",2005,18,"Sunday","(41.878723, -87.63374)","orange"
"526719",40040,"Quincy/Wells","09/01/2017","W",6383,2017-09-01,9,"Sep",2017,1,"Friday","(41.878723, -87.63374)","orange"
"527174",40040,"Quincy/Wells","11/01/2002","W",6955,2002-11-01,11,"Nov",2002,1,"Friday","(41.878723, -87.63374)","orange"
"527503",40040,"Quincy/Wells","05/17/2009","U",1478,2009-05-17,5,"May",2009,17,"Sunday","(41.878723, -87.63374)","orange"
"527792",40040,"Quincy/Wells","07/18/2017","W",8623,2017-07-18,7,"Jul",2017,18,"Tuesday","(41.878723, -87.63374)","orange"
"527926",40040,"Quincy/Wells","02/09/2017","W",8076,2017-02-09,2,"Feb",2017,9,"Thursday","(41.878723, -87.63374)","orange"
"528075",40040,"Quincy/Wells","09/30/2013","W",8497,2013-09-30,9,"Sep",2013,30,"Monday","(41.878723, -87.63374)","orange"
"528084",40040,"Quincy/Wells","10/26/2011","W",8518,2011-10-26,10,"Oct",2011,26,"Wednesday","(41.878723, -87.63374)","orange"
"528503",40040,"Quincy/Wells","12/22/2011","W",6589,2011-12-22,12,"Dec",2011,22,"Thursday","(41.878723, -87.63374)","orange"
"528506",40040,"Quincy/Wells","05/16/2009","A",1935,2009-05-16,5,"May",2009,16,"Saturday","(41.878723, -87.63374)","orange"
"528571",40040,"Quincy/Wells","11/08/2004","W",6566,2004-11-08,11,"Nov",2004,8,"Monday","(41.878723, -87.63374)","orange"
"528711",40040,"Quincy/Wells","05/07/2004","W",6082,2004-05-07,5,"May",2004,7,"Friday","(41.878723, -87.63374)","orange"
"529138",40040,"Quincy/Wells","03/20/2014","W",8612,2014-03-20,3,"Mar",2014,20,"Thursday","(41.878723, -87.63374)","orange"
"529297",40040,"Quincy/Wells","06/21/2017","W",8734,2017-06-21,6,"Jun",2017,21,"Wednesday","(41.878723, -87.63374)","orange"
"529402",40040,"Quincy/Wells","02/17/2006","W",6133,2006-02-17,2,"Feb",2006,17,"Friday","(41.878723, -87.63374)","orange"
"529450",40040,"Quincy/Wells","09/05/2016","U",1787,2016-09-05,9,"Sep",2016,5,"Monday","(41.878723, -87.63374)","orange"
"529509",40040,"Quincy/Wells","09/01/2011","W",8018,2011-09-01,9,"Sep",2011,1,"Thursday","(41.878723, -87.63374)","orange"
"529573",40040,"Quincy/Wells","08/11/2010","W",7648,2010-08-11,8,"Aug",2010,11,"Wednesday","(41.878723, -87.63374)","orange"
"529587",40040,"Quincy/Wells","07/30/2003","W",7165,2003-07-30,7,"Jul",2003,30,"Wednesday","(41.878723, -87.63374)","orange"
"529596",40040,"Quincy/Wells","02/27/2011","U",1277,2011-02-27,2,"Feb",2011,27,"Sunday","(41.878723, -87.63374)","orange"
"529603",40040,"Quincy/Wells","07/23/2003","W",7282,2003-07-23,7,"Jul",2003,23,"Wednesday","(41.878723, -87.63374)","orange"
"529660",40040,"Quincy/Wells","06/17/2015","W",8364,2015-06-17,6,"Jun",2015,17,"Wednesday","(41.878723, -87.63374)","orange"
"529852",40040,"Quincy/Wells","04/29/2013","W",3311,2013-04-29,4,"Apr",2013,29,"Monday","(41.878723, -87.63374)","orange"
"529913",40040,"Quincy/Wells","01/17/2016","U",936,2016-01-17,1,"Jan",2016,17,"Sunday","(41.878723, -87.63374)","orange"
"529959",40040,"Quincy/Wells","10/27/2006","W",5846,2006-10-27,10,"Oct",2006,27,"Friday","(41.878723, -87.63374)","orange"
"530030",40040,"Quincy/Wells","03/06/2014","W",8530,2014-03-06,3,"Mar",2014,6,"Thursday","(41.878723, -87.63374)","orange"
"530287",40040,"Quincy/Wells","04/23/2010","W",6994,2010-04-23,4,"Apr",2010,23,"Friday","(41.878723, -87.63374)","orange"
"530328",40040,"Quincy/Wells","09/21/2003","U",857,2003-09-21,9,"Sep",2003,21,"Sunday","(41.878723, -87.63374)","orange"
"530568",40040,"Quincy/Wells","11/11/2016","W",6636,2016-11-11,11,"Nov",2016,11,"Friday","(41.878723, -87.63374)","orange"
"530608",40040,"Quincy/Wells","11/01/2007","W",7251,2007-11-01,11,"Nov",2007,1,"Thursday","(41.878723, -87.63374)","orange"
"530784",40040,"Quincy/Wells","04/30/2008","W",7307,2008-04-30,4,"Apr",2008,30,"Wednesday","(41.878723, -87.63374)","orange"
"530919",40040,"Quincy/Wells","06/17/2011","W",7693,2011-06-17,6,"Jun",2011,17,"Friday","(41.878723, -87.63374)","orange"
"530941",40040,"Quincy/Wells","03/12/2016","A",2256,2016-03-12,3,"Mar",2016,12,"Saturday","(41.878723, -87.63374)","orange"
"531228",40040,"Quincy/Wells","04/26/2016","W",8528,2016-04-26,4,"Apr",2016,26,"Tuesday","(41.878723, -87.63374)","orange"
"531257",40040,"Quincy/Wells","05/18/2010","W",7196,2010-05-18,5,"May",2010,18,"Tuesday","(41.878723, -87.63374)","orange"
"531463",40040,"Quincy/Wells","05/02/2012","W",7924,2012-05-02,5,"May",2012,2,"Wednesday","(41.878723, -87.63374)","orange"
"531735",40040,"Quincy/Wells","01/29/2013","W",8420,2013-01-29,1,"Jan",2013,29,"Tuesday","(41.878723, -87.63374)","orange"
"531821",40040,"Quincy/Wells","06/06/2012","W",8164,2012-06-06,6,"Jun",2012,6,"Wednesday","(41.878723, -87.63374)","orange"
"531834",40040,"Quincy/Wells","11/25/2017","A",1440,2017-11-25,11,"Nov",2017,25,"Saturday","(41.878723, -87.63374)","orange"
"531978",40040,"Quincy/Wells","10/27/2009","W",7499,2009-10-27,10,"Oct",2009,27,"Tuesday","(41.878723, -87.63374)","orange"
"531980",40040,"Quincy/Wells","11/28/2009","A",1939,2009-11-28,11,"Nov",2009,28,"Saturday","(41.878723, -87.63374)","orange"
"532333",40040,"Quincy/Wells","07/19/2004","W",6854,2004-07-19,7,"Jul",2004,19,"Monday","(41.878723, -87.63374)","orange"
"532439",40040,"Quincy/Wells","11/13/2006","W",7446,2006-11-13,11,"Nov",2006,13,"Monday","(41.878723, -87.63374)","orange"
"532510",40040,"Quincy/Wells","05/16/2014","W",8032,2014-05-16,5,"May",2014,16,"Friday","(41.878723, -87.63374)","orange"
"532632",40040,"Quincy/Wells","09/19/2007","W",7291,2007-09-19,9,"Sep",2007,19,"Wednesday","(41.878723, -87.63374)","orange"
"532648",40040,"Quincy/Wells","02/03/2008","U",916,2008-02-03,2,"Feb",2008,3,"Sunday","(41.878723, -87.63374)","orange"
"532834",40040,"Quincy/Wells","01/26/2011","W",7491,2011-01-26,1,"Jan",2011,26,"Wednesday","(41.878723, -87.63374)","orange"
"532971",40040,"Quincy/Wells","11/26/2017","U",1481,2017-11-26,11,"Nov",2017,26,"Sunday","(41.878723, -87.63374)","orange"
"533159",40040,"Quincy/Wells","01/30/2001","W",8374,2001-01-30,1,"Jan",2001,30,"Tuesday","(41.878723, -87.63374)","orange"
"533238",40040,"Quincy/Wells","04/18/2001","W",8178,2001-04-18,4,"Apr",2001,18,"Wednesday","(41.878723, -87.63374)","orange"
"533316",40040,"Quincy/Wells","10/26/2006","W",6223,2006-10-26,10,"Oct",2006,26,"Thursday","(41.878723, -87.63374)","orange"
"533398",40040,"Quincy/Wells","09/21/2015","W",8599,2015-09-21,9,"Sep",2015,21,"Monday","(41.878723, -87.63374)","orange"
"533447",40040,"Quincy/Wells","11/23/2002","A",1025,2002-11-23,11,"Nov",2002,23,"Saturday","(41.878723, -87.63374)","orange"
"533671",40040,"Quincy/Wells","03/22/2013","W",7228,2013-03-22,3,"Mar",2013,22,"Friday","(41.878723, -87.63374)","orange"
"533692",40040,"Quincy/Wells","11/29/2008","A",1675,2008-11-29,11,"Nov",2008,29,"Saturday","(41.878723, -87.63374)","orange"
"533784",40040,"Quincy/Wells","08/30/2015","U",1141,2015-08-30,8,"Aug",2015,30,"Sunday","(41.878723, -87.63374)","orange"
"533869",40040,"Quincy/Wells","03/08/2010","W",7208,2010-03-08,3,"Mar",2010,8,"Monday","(41.878723, -87.63374)","orange"
"533976",40040,"Quincy/Wells","09/03/2004","W",5762,2004-09-03,9,"Sep",2004,3,"Friday","(41.878723, -87.63374)","orange"
"534022",40040,"Quincy/Wells","01/17/2007","W",7227,2007-01-17,1,"Jan",2007,17,"Wednesday","(41.878723, -87.63374)","orange"
"534351",40040,"Quincy/Wells","03/12/2017","U",1333,2017-03-12,3,"Mar",2017,12,"Sunday","(41.878723, -87.63374)","orange"
"534431",40040,"Quincy/Wells","04/19/2008","A",1586,2008-04-19,4,"Apr",2008,19,"Saturday","(41.878723, -87.63374)","orange"
"534612",40040,"Quincy/Wells","06/24/2017","A",1779,2017-06-24,6,"Jun",2017,24,"Saturday","(41.878723, -87.63374)","orange"
"534635",40040,"Quincy/Wells","05/05/2010","W",7014,2010-05-05,5,"May",2010,5,"Wednesday","(41.878723, -87.63374)","orange"
"534675",40040,"Quincy/Wells","07/05/2012","W",7629,2012-07-05,7,"Jul",2012,5,"Thursday","(41.878723, -87.63374)","orange"
"534913",40040,"Quincy/Wells","03/15/2009","U",1511,2009-03-15,3,"Mar",2009,15,"Sunday","(41.878723, -87.63374)","orange"
"534980",40040,"Quincy/Wells","02/07/2001","W",7926,2001-02-07,2,"Feb",2001,7,"Wednesday","(41.878723, -87.63374)","orange"
"535049",40040,"Quincy/Wells","02/20/2010","A",1452,2010-02-20,2,"Feb",2010,20,"Saturday","(41.878723, -87.63374)","orange"
"535471",40040,"Quincy/Wells","12/19/2003","W",5690,2003-12-19,12,"Dec",2003,19,"Friday","(41.878723, -87.63374)","orange"
"535606",40040,"Quincy/Wells","06/08/2005","W",7130,2005-06-08,6,"Jun",2005,8,"Wednesday","(41.878723, -87.63374)","orange"
"535608",40040,"Quincy/Wells","04/06/2013","A",1694,2013-04-06,4,"Apr",2013,6,"Saturday","(41.878723, -87.63374)","orange"
"535736",40040,"Quincy/Wells","04/12/2001","W",7990,2001-04-12,4,"Apr",2001,12,"Thursday","(41.878723, -87.63374)","orange"
"535797",40040,"Quincy/Wells","12/19/2004","U",550,2004-12-19,12,"Dec",2004,19,"Sunday","(41.878723, -87.63374)","orange"
"536217",40040,"Quincy/Wells","08/28/2009","W",6945,2009-08-28,8,"Aug",2009,28,"Friday","(41.878723, -87.63374)","orange"
"536486",40040,"Quincy/Wells","01/07/2010","W",8095,2010-01-07,1,"Jan",2010,7,"Thursday","(41.878723, -87.63374)","orange"
"536518",40040,"Quincy/Wells","09/17/2008","W",7669,2008-09-17,9,"Sep",2008,17,"Wednesday","(41.878723, -87.63374)","orange"
"536553",40040,"Quincy/Wells","10/20/2013","U",1907,2013-10-20,10,"Oct",2013,20,"Sunday","(41.878723, -87.63374)","orange"
"536557",40040,"Quincy/Wells","01/23/2005","U",653,2005-01-23,1,"Jan",2005,23,"Sunday","(41.878723, -87.63374)","orange"
"536590",40040,"Quincy/Wells","01/08/2012","U",1240,2012-01-08,1,"Jan",2012,8,"Sunday","(41.878723, -87.63374)","orange"
"536607",40040,"Quincy/Wells","02/08/2001","W",7876,2001-02-08,2,"Feb",2001,8,"Thursday","(41.878723, -87.63374)","orange"
"536669",40040,"Quincy/Wells","03/21/2001","W",7956,2001-03-21,3,"Mar",2001,21,"Wednesday","(41.878723, -87.63374)","orange"
"536870",40040,"Quincy/Wells","02/20/2007","W",7161,2007-02-20,2,"Feb",2007,20,"Tuesday","(41.878723, -87.63374)","orange"
"537093",40040,"Quincy/Wells","11/03/2011","W",9141,2011-11-03,11,"Nov",2011,3,"Thursday","(41.878723, -87.63374)","orange"
"537094",40040,"Quincy/Wells","07/11/2008","W",7307,2008-07-11,7,"Jul",2008,11,"Friday","(41.878723, -87.63374)","orange"
"537298",40040,"Quincy/Wells","03/20/2011","U",1197,2011-03-20,3,"Mar",2011,20,"Sunday","(41.878723, -87.63374)","orange"
"537536",40040,"Quincy/Wells","02/13/2011","U",1298,2011-02-13,2,"Feb",2011,13,"Sunday","(41.878723, -87.63374)","orange"
"537625",40040,"Quincy/Wells","03/27/2006","W",7014,2006-03-27,3,"Mar",2006,27,"Monday","(41.878723, -87.63374)","orange"
"537639",40040,"Quincy/Wells","06/22/2004","W",7106,2004-06-22,6,"Jun",2004,22,"Tuesday","(41.878723, -87.63374)","orange"
"537828",40040,"Quincy/Wells","09/14/2006","W",7226,2006-09-14,9,"Sep",2006,14,"Thursday","(41.878723, -87.63374)","orange"
"537842",40040,"Quincy/Wells","08/26/2013","W",8386,2013-08-26,8,"Aug",2013,26,"Monday","(41.878723, -87.63374)","orange"
"537845",40040,"Quincy/Wells","04/08/2010","W",7254,2010-04-08,4,"Apr",2010,8,"Thursday","(41.878723, -87.63374)","orange"
"537906",40040,"Quincy/Wells","05/15/2001","W",8190,2001-05-15,5,"May",2001,15,"Tuesday","(41.878723, -87.63374)","orange"
"538141",40040,"Quincy/Wells","04/05/2004","W",6686,2004-04-05,4,"Apr",2004,5,"Monday","(41.878723, -87.63374)","orange"
"538691",40040,"Quincy/Wells","06/25/2012","W",8342,2012-06-25,6,"Jun",2012,25,"Monday","(41.878723, -87.63374)","orange"
"538760",40040,"Quincy/Wells","09/05/2017","W",8268,2017-09-05,9,"Sep",2017,5,"Tuesday","(41.878723, -87.63374)","orange"
"538799",40040,"Quincy/Wells","10/10/2001","W",7890,2001-10-10,10,"Oct",2001,10,"Wednesday","(41.878723, -87.63374)","orange"
"538844",40040,"Quincy/Wells","08/30/2008","A",2265,2008-08-30,8,"Aug",2008,30,"Saturday","(41.878723, -87.63374)","orange"
"538849",40040,"Quincy/Wells","09/22/2012","A",2191,2012-09-22,9,"Sep",2012,22,"Saturday","(41.878723, -87.63374)","orange"
"538869",40040,"Quincy/Wells","04/22/2016","W",7426,2016-04-22,4,"Apr",2016,22,"Friday","(41.878723, -87.63374)","orange"
"538893",40040,"Quincy/Wells","06/17/2007","U",1136,2007-06-17,6,"Jun",2007,17,"Sunday","(41.878723, -87.63374)","orange"
"539024",40040,"Quincy/Wells","12/19/2009","A",1424,2009-12-19,12,"Dec",2009,19,"Saturday","(41.878723, -87.63374)","orange"
"539166",40040,"Quincy/Wells","05/11/2016","W",8515,2016-05-11,5,"May",2016,11,"Wednesday","(41.878723, -87.63374)","orange"
"539392",40040,"Quincy/Wells","07/06/2017","W",8767,2017-07-06,7,"Jul",2017,6,"Thursday","(41.878723, -87.63374)","orange"
"539867",40040,"Quincy/Wells","01/07/2016","W",8391,2016-01-07,1,"Jan",2016,7,"Thursday","(41.878723, -87.63374)","orange"
"540098",40040,"Quincy/Wells","10/19/2015","W",8677,2015-10-19,10,"Oct",2015,19,"Monday","(41.878723, -87.63374)","orange"
"540170",40040,"Quincy/Wells","05/20/2009","W",7421,2009-05-20,5,"May",2009,20,"Wednesday","(41.878723, -87.63374)","orange"
"540404",40040,"Quincy/Wells","05/31/2014","A",1758,2014-05-31,5,"May",2014,31,"Saturday","(41.878723, -87.63374)","orange"
"540646",40040,"Quincy/Wells","01/07/2015","W",6678,2015-01-07,1,"Jan",2015,7,"Wednesday","(41.878723, -87.63374)","orange"
"541019",40040,"Quincy/Wells","04/11/2006","W",6897,2006-04-11,4,"Apr",2006,11,"Tuesday","(41.878723, -87.63374)","orange"
"541142",40040,"Quincy/Wells","02/19/2014","W",8669,2014-02-19,2,"Feb",2014,19,"Wednesday","(41.878723, -87.63374)","orange"
"541218",40040,"Quincy/Wells","03/13/2006","W",6671,2006-03-13,3,"Mar",2006,13,"Monday","(41.878723, -87.63374)","orange"
"541339",40040,"Quincy/Wells","03/07/2004","U",661,2004-03-07,3,"Mar",2004,7,"Sunday","(41.878723, -87.63374)","orange"
"541506",40040,"Quincy/Wells","09/29/2014","W",8578,2014-09-29,9,"Sep",2014,29,"Monday","(41.878723, -87.63374)","orange"
"541606",40040,"Quincy/Wells","08/01/2004","U",865,2004-08-01,8,"Aug",2004,1,"Sunday","(41.878723, -87.63374)","orange"
"541654",40040,"Quincy/Wells","11/24/2016","U",915,2016-11-24,11,"Nov",2016,24,"Thursday","(41.878723, -87.63374)","orange"
"541723",40040,"Quincy/Wells","01/05/2016","W",8734,2016-01-05,1,"Jan",2016,5,"Tuesday","(41.878723, -87.63374)","orange"
"541824",40040,"Quincy/Wells","08/23/2006","W",7513,2006-08-23,8,"Aug",2006,23,"Wednesday","(41.878723, -87.63374)","orange"
"542233",40040,"Quincy/Wells","11/21/2006","W",7298,2006-11-21,11,"Nov",2006,21,"Tuesday","(41.878723, -87.63374)","orange"
"542275",40040,"Quincy/Wells","09/08/2015","W",8367,2015-09-08,9,"Sep",2015,8,"Tuesday","(41.878723, -87.63374)","orange"
"542294",40040,"Quincy/Wells","06/29/2013","A",0,2013-06-29,6,"Jun",2013,29,"Saturday","(41.878723, -87.63374)","orange"
"542322",40040,"Quincy/Wells","03/04/2015","W",8176,2015-03-04,3,"Mar",2015,4,"Wednesday","(41.878723, -87.63374)","orange"
"542422",40040,"Quincy/Wells","08/15/2006","W",7456,2006-08-15,8,"Aug",2006,15,"Tuesday","(41.878723, -87.63374)","orange"
"542538",40040,"Quincy/Wells","03/05/2008","W",7027,2008-03-05,3,"Mar",2008,5,"Wednesday","(41.878723, -87.63374)","orange"
"542683",40040,"Quincy/Wells","11/23/2011","W",6516,2011-11-23,11,"Nov",2011,23,"Wednesday","(41.878723, -87.63374)","orange"
"543194",40040,"Quincy/Wells","05/15/2013","W",8153,2013-05-15,5,"May",2013,15,"Wednesday","(41.878723, -87.63374)","orange"
"543336",40040,"Quincy/Wells","04/14/2004","W",6898,2004-04-14,4,"Apr",2004,14,"Wednesday","(41.878723, -87.63374)","orange"
"543443",40040,"Quincy/Wells","11/15/2015","U",1417,2015-11-15,11,"Nov",2015,15,"Sunday","(41.878723, -87.63374)","orange"
"543588",40040,"Quincy/Wells","09/16/2014","W",8618,2014-09-16,9,"Sep",2014,16,"Tuesday","(41.878723, -87.63374)","orange"
"544359",40040,"Quincy/Wells","05/06/2014","W",8513,2014-05-06,5,"May",2014,6,"Tuesday","(41.878723, -87.63374)","orange"
"544411",40040,"Quincy/Wells","01/24/2009","A",1353,2009-01-24,1,"Jan",2009,24,"Saturday","(41.878723, -87.63374)","orange"
"544420",40040,"Quincy/Wells","06/03/2015","W",8114,2015-06-03,6,"Jun",2015,3,"Wednesday","(41.878723, -87.63374)","orange"
"544446",40040,"Quincy/Wells","04/14/2001","A",1013,2001-04-14,4,"Apr",2001,14,"Saturday","(41.878723, -87.63374)","orange"
"544680",40040,"Quincy/Wells","09/13/2017","W",8602,2017-09-13,9,"Sep",2017,13,"Wednesday","(41.878723, -87.63374)","orange"
"544710",40040,"Quincy/Wells","01/08/2002","W",7967,2002-01-08,1,"Jan",2002,8,"Tuesday","(41.878723, -87.63374)","orange"
"544835",40040,"Quincy/Wells","07/26/2002","W",7024,2002-07-26,7,"Jul",2002,26,"Friday","(41.878723, -87.63374)","orange"
"544928",40040,"Quincy/Wells","08/01/2010","U",1658,2010-08-01,8,"Aug",2010,1,"Sunday","(41.878723, -87.63374)","orange"
"545104",40040,"Quincy/Wells","01/28/2001","U",449,2001-01-28,1,"Jan",2001,28,"Sunday","(41.878723, -87.63374)","orange"
"545122",40040,"Quincy/Wells","07/22/2016","W",7604,2016-07-22,7,"Jul",2016,22,"Friday","(41.878723, -87.63374)","orange"
"545209",40040,"Quincy/Wells","05/23/2001","W",8103,2001-05-23,5,"May",2001,23,"Wednesday","(41.878723, -87.63374)","orange"
"545315",40040,"Quincy/Wells","01/18/2013","W",7873,2013-01-18,1,"Jan",2013,18,"Friday","(41.878723, -87.63374)","orange"
"545316",40040,"Quincy/Wells","04/18/2012","W",7823,2012-04-18,4,"Apr",2012,18,"Wednesday","(41.878723, -87.63374)","orange"
"545498",40040,"Quincy/Wells","09/01/2009","W",7568,2009-09-01,9,"Sep",2009,1,"Tuesday","(41.878723, -87.63374)","orange"
"545724",40040,"Quincy/Wells","08/20/2005","A",1274,2005-08-20,8,"Aug",2005,20,"Saturday","(41.878723, -87.63374)","orange"
"545833",40040,"Quincy/Wells","07/16/2017","U",1542,2017-07-16,7,"Jul",2017,16,"Sunday","(41.878723, -87.63374)","orange"
"545857",40040,"Quincy/Wells","04/14/2011","W",7716,2011-04-14,4,"Apr",2011,14,"Thursday","(41.878723, -87.63374)","orange"
"545868",40040,"Quincy/Wells","11/05/2003","W",7130,2003-11-05,11,"Nov",2003,5,"Wednesday","(41.878723, -87.63374)","orange"
"545995",40040,"Quincy/Wells","07/19/2016","W",8825,2016-07-19,7,"Jul",2016,19,"Tuesday","(41.878723, -87.63374)","orange"
"546137",40040,"Quincy/Wells","10/20/2014","W",8752,2014-10-20,10,"Oct",2014,20,"Monday","(41.878723, -87.63374)","orange"
"546164",40040,"Quincy/Wells","06/26/2016","U",2418,2016-06-26,6,"Jun",2016,26,"Sunday","(41.878723, -87.63374)","orange"
"546682",40040,"Quincy/Wells","04/29/2011","W",7440,2011-04-29,4,"Apr",2011,29,"Friday","(41.878723, -87.63374)","orange"
"546728",40040,"Quincy/Wells","03/06/2009","W",7152,2009-03-06,3,"Mar",2009,6,"Friday","(41.878723, -87.63374)","orange"
"546934",40040,"Quincy/Wells","07/15/2006","A",1755,2006-07-15,7,"Jul",2006,15,"Saturday","(41.878723, -87.63374)","orange"
"547137",40040,"Quincy/Wells","01/27/2013","U",1128,2013-01-27,1,"Jan",2013,27,"Sunday","(41.878723, -87.63374)","orange"
"547162",40040,"Quincy/Wells","01/28/2004","W",6852,2004-01-28,1,"Jan",2004,28,"Wednesday","(41.878723, -87.63374)","orange"
"547441",40040,"Quincy/Wells","06/07/2008","A",1860,2008-06-07,6,"Jun",2008,7,"Saturday","(41.878723, -87.63374)","orange"
"547447",40040,"Quincy/Wells","04/15/2017","A",1708,2017-04-15,4,"Apr",2017,15,"Saturday","(41.878723, -87.63374)","orange"
"547450",40040,"Quincy/Wells","12/30/2012","U",1757,2012-12-30,12,"Dec",2012,30,"Sunday","(41.878723, -87.63374)","orange"
"547557",40040,"Quincy/Wells","06/03/2009","W",7874,2009-06-03,6,"Jun",2009,3,"Wednesday","(41.878723, -87.63374)","orange"
"547706",40040,"Quincy/Wells","10/17/2015","A",2290,2015-10-17,10,"Oct",2015,17,"Saturday","(41.878723, -87.63374)","orange"
"547739",40040,"Quincy/Wells","01/22/2002","W",7939,2002-01-22,1,"Jan",2002,22,"Tuesday","(41.878723, -87.63374)","orange"
"548226",40040,"Quincy/Wells","12/09/2006","A",1265,2006-12-09,12,"Dec",2006,9,"Saturday","(41.878723, -87.63374)","orange"
"548375",40040,"Quincy/Wells","12/09/2007","U",1024,2007-12-09,12,"Dec",2007,9,"Sunday","(41.878723, -87.63374)","orange"
"548677",40040,"Quincy/Wells","11/01/2003","A",938,2003-11-01,11,"Nov",2003,1,"Saturday","(41.878723, -87.63374)","orange"
"549121",40040,"Quincy/Wells","04/24/2015","W",7550,2015-04-24,4,"Apr",2015,24,"Friday","(41.878723, -87.63374)","orange"
"549172",40040,"Quincy/Wells","12/03/2011","A",1670,2011-12-03,12,"Dec",2011,3,"Saturday","(41.878723, -87.63374)","orange"
"549313",40040,"Quincy/Wells","02/20/2004","W",6260,2004-02-20,2,"Feb",2004,20,"Friday","(41.878723, -87.63374)","orange"
"549594",40040,"Quincy/Wells","09/25/2001","W",8156,2001-09-25,9,"Sep",2001,25,"Tuesday","(41.878723, -87.63374)","orange"
"549626",40040,"Quincy/Wells","08/14/2002","W",7698,2002-08-14,8,"Aug",2002,14,"Wednesday","(41.878723, -87.63374)","orange"
"549654",40040,"Quincy/Wells","05/26/2004","W",6766,2004-05-26,5,"May",2004,26,"Wednesday","(41.878723, -87.63374)","orange"
"549681",40040,"Quincy/Wells","12/07/2010","W",7397,2010-12-07,12,"Dec",2010,7,"Tuesday","(41.878723, -87.63374)","orange"
"549745",40040,"Quincy/Wells","09/24/2001","W",8200,2001-09-24,9,"Sep",2001,24,"Monday","(41.878723, -87.63374)","orange"
"549768",40040,"Quincy/Wells","09/27/2003","A",1300,2003-09-27,9,"Sep",2003,27,"Saturday","(41.878723, -87.63374)","orange"
"549842",40040,"Quincy/Wells","07/15/2007","U",1569,2007-07-15,7,"Jul",2007,15,"Sunday","(41.878723, -87.63374)","orange"
"550032",40040,"Quincy/Wells","09/09/2003","W",7054,2003-09-09,9,"Sep",2003,9,"Tuesday","(41.878723, -87.63374)","orange"
"550042",40040,"Quincy/Wells","01/20/2012","W",9819,2012-01-20,1,"Jan",2012,20,"Friday","(41.878723, -87.63374)","orange"
"550112",40040,"Quincy/Wells","07/31/2008","W",7709,2008-07-31,7,"Jul",2008,31,"Thursday","(41.878723, -87.63374)","orange"
"550187",40040,"Quincy/Wells","09/03/2011","A",2232,2011-09-03,9,"Sep",2011,3,"Saturday","(41.878723, -87.63374)","orange"
"550265",40040,"Quincy/Wells","09/27/2013","W",7724,2013-09-27,9,"Sep",2013,27,"Friday","(41.878723, -87.63374)","orange"
"550274",40040,"Quincy/Wells","06/05/2012","W",8338,2012-06-05,6,"Jun",2012,5,"Tuesday","(41.878723, -87.63374)","orange"
"550399",40040,"Quincy/Wells","03/09/2015","W",8134,2015-03-09,3,"Mar",2015,9,"Monday","(41.878723, -87.63374)","orange"
"550508",40040,"Quincy/Wells","05/16/2003","W",6442,2003-05-16,5,"May",2003,16,"Friday","(41.878723, -87.63374)","orange"
"550589",40040,"Quincy/Wells","11/23/2005","W",5525,2005-11-23,11,"Nov",2005,23,"Wednesday","(41.878723, -87.63374)","orange"
"550678",40040,"Quincy/Wells","01/03/2007","W",7474,2007-01-03,1,"Jan",2007,3,"Wednesday","(41.878723, -87.63374)","orange"
"550800",40040,"Quincy/Wells","06/21/2009","U",1374,2009-06-21,6,"Jun",2009,21,"Sunday","(41.878723, -87.63374)","orange"
"550865",40040,"Quincy/Wells","03/25/2017","A",1289,2017-03-25,3,"Mar",2017,25,"Saturday","(41.878723, -87.63374)","orange"
"551078",40040,"Quincy/Wells","10/30/2008","W",7531,2008-10-30,10,"Oct",2008,30,"Thursday","(41.878723, -87.63374)","orange"
"551173",40040,"Quincy/Wells","11/09/2002","A",1142,2002-11-09,11,"Nov",2002,9,"Saturday","(41.878723, -87.63374)","orange"
"551209",40040,"Quincy/Wells","06/10/2009","W",7602,2009-06-10,6,"Jun",2009,10,"Wednesday","(41.878723, -87.63374)","orange"
"552042",40040,"Quincy/Wells","11/15/2010","W",7509,2010-11-15,11,"Nov",2010,15,"Monday","(41.878723, -87.63374)","orange"
"552186",40040,"Quincy/Wells","08/16/2014","A",2045,2014-08-16,8,"Aug",2014,16,"Saturday","(41.878723, -87.63374)","orange"
"552215",40040,"Quincy/Wells","08/08/2005","W",7098,2005-08-08,8,"Aug",2005,8,"Monday","(41.878723, -87.63374)","orange"
"552351",40040,"Quincy/Wells","09/11/2002","W",7441,2002-09-11,9,"Sep",2002,11,"Wednesday","(41.878723, -87.63374)","orange"
"552387",40040,"Quincy/Wells","12/28/2004","W",5037,2004-12-28,12,"Dec",2004,28,"Tuesday","(41.878723, -87.63374)","orange"
"552537",40040,"Quincy/Wells","01/19/2010","W",7264,2010-01-19,1,"Jan",2010,19,"Tuesday","(41.878723, -87.63374)","orange"
"553066",40040,"Quincy/Wells","02/25/2007","U",1062,2007-02-25,2,"Feb",2007,25,"Sunday","(41.878723, -87.63374)","orange"
"553138",40040,"Quincy/Wells","04/04/2002","W",7854,2002-04-04,4,"Apr",2002,4,"Thursday","(41.878723, -87.63374)","orange"
"553146",40040,"Quincy/Wells","08/28/2002","W",7478,2002-08-28,8,"Aug",2002,28,"Wednesday","(41.878723, -87.63374)","orange"
"553155",40040,"Quincy/Wells","10/17/2014","W",7989,2014-10-17,10,"Oct",2014,17,"Friday","(41.878723, -87.63374)","orange"
"553208",40040,"Quincy/Wells","07/07/2012","A",1866,2012-07-07,7,"Jul",2012,7,"Saturday","(41.878723, -87.63374)","orange"
"553465",40040,"Quincy/Wells","04/11/2004","U",767,2004-04-11,4,"Apr",2004,11,"Sunday","(41.878723, -87.63374)","orange"
"553488",40040,"Quincy/Wells","03/12/2013","W",7637,2013-03-12,3,"Mar",2013,12,"Tuesday","(41.878723, -87.63374)","orange"
"553518",40040,"Quincy/Wells","07/16/2004","W",6296,2004-07-16,7,"Jul",2004,16,"Friday","(41.878723, -87.63374)","orange"
"553976",40040,"Quincy/Wells","06/08/2007","W",6435,2007-06-08,6,"Jun",2007,8,"Friday","(41.878723, -87.63374)","orange"
"554037",40040,"Quincy/Wells","10/04/2006","W",7382,2006-10-04,10,"Oct",2006,4,"Wednesday","(41.878723, -87.63374)","orange"
"554057",40040,"Quincy/Wells","04/16/2003","W",7200,2003-04-16,4,"Apr",2003,16,"Wednesday","(41.878723, -87.63374)","orange"
"554100",40040,"Quincy/Wells","08/05/2010","W",8015,2010-08-05,8,"Aug",2010,5,"Thursday","(41.878723, -87.63374)","orange"
"554120",40040,"Quincy/Wells","08/19/2005","W",6213,2005-08-19,8,"Aug",2005,19,"Friday","(41.878723, -87.63374)","orange"
"554152",40040,"Quincy/Wells","07/14/2012","A",2489,2012-07-14,7,"Jul",2012,14,"Saturday","(41.878723, -87.63374)","orange"
"554183",40040,"Quincy/Wells","11/07/2004","U",910,2004-11-07,11,"Nov",2004,7,"Sunday","(41.878723, -87.63374)","orange"
"554199",40040,"Quincy/Wells","08/17/2003","U",1162,2003-08-17,8,"Aug",2003,17,"Sunday","(41.878723, -87.63374)","orange"
"554316",40040,"Quincy/Wells","04/01/2007","U",1115,2007-04-01,4,"Apr",2007,1,"Sunday","(41.878723, -87.63374)","orange"
"554371",40040,"Quincy/Wells","05/13/2016","W",7425,2016-05-13,5,"May",2016,13,"Friday","(41.878723, -87.63374)","orange"
"554379",40040,"Quincy/Wells","01/13/2015","W",8388,2015-01-13,1,"Jan",2015,13,"Tuesday","(41.878723, -87.63374)","orange"
"554410",40040,"Quincy/Wells","05/10/2016","W",8579,2016-05-10,5,"May",2016,10,"Tuesday","(41.878723, -87.63374)","orange"
"554788",40040,"Quincy/Wells","03/10/2011","W",7789,2011-03-10,3,"Mar",2011,10,"Thursday","(41.878723, -87.63374)","orange"
"555365",40040,"Quincy/Wells","05/25/2003","U",743,2003-05-25,5,"May",2003,25,"Sunday","(41.878723, -87.63374)","orange"
"555427",40040,"Quincy/Wells","02/14/2014","W",8228,2014-02-14,2,"Feb",2014,14,"Friday","(41.878723, -87.63374)","orange"
"555524",40040,"Quincy/Wells","11/30/2012","W",7825,2012-11-30,11,"Nov",2012,30,"Friday","(41.878723, -87.63374)","orange"
"555720",40040,"Quincy/Wells","09/01/2003","U",896,2003-09-01,9,"Sep",2003,1,"Monday","(41.878723, -87.63374)","orange"
"555855",40040,"Quincy/Wells","08/18/2013","U",1789,2013-08-18,8,"Aug",2013,18,"Sunday","(41.878723, -87.63374)","orange"
"555916",40040,"Quincy/Wells","05/17/2015","U",931,2015-05-17,5,"May",2015,17,"Sunday","(41.878723, -87.63374)","orange"
"555926",40040,"Quincy/Wells","01/07/2017","A",1103,2017-01-07,1,"Jan",2017,7,"Saturday","(41.878723, -87.63374)","orange"
"555966",40040,"Quincy/Wells","09/16/2017","A",1951,2017-09-16,9,"Sep",2017,16,"Saturday","(41.878723, -87.63374)","orange"
"556032",40040,"Quincy/Wells","11/01/2017","W",8784,2017-11-01,11,"Nov",2017,1,"Wednesday","(41.878723, -87.63374)","orange"
"556136",40040,"Quincy/Wells","10/04/2004","W",6753,2004-10-04,10,"Oct",2004,4,"Monday","(41.878723, -87.63374)","orange"
"556220",40040,"Quincy/Wells","11/25/2001","U",729,2001-11-25,11,"Nov",2001,25,"Sunday","(41.878723, -87.63374)","orange"
"556522",40040,"Quincy/Wells","07/21/2005","W",6944,2005-07-21,7,"Jul",2005,21,"Thursday","(41.878723, -87.63374)","orange"
"556687",40040,"Quincy/Wells","08/07/2008","W",7662,2008-08-07,8,"Aug",2008,7,"Thursday","(41.878723, -87.63374)","orange"
"557130",40040,"Quincy/Wells","11/27/2013","W",6322,2013-11-27,11,"Nov",2013,27,"Wednesday","(41.878723, -87.63374)","orange"
"557239",40040,"Quincy/Wells","08/18/2008","W",7478,2008-08-18,8,"Aug",2008,18,"Monday","(41.878723, -87.63374)","orange"
"557300",40040,"Quincy/Wells","10/19/2001","W",7407,2001-10-19,10,"Oct",2001,19,"Friday","(41.878723, -87.63374)","orange"
"557517",40040,"Quincy/Wells","06/01/2006","W",7163,2006-06-01,6,"Jun",2006,1,"Thursday","(41.878723, -87.63374)","orange"
"557605",40040,"Quincy/Wells","08/26/2005","W",6288,2005-08-26,8,"Aug",2005,26,"Friday","(41.878723, -87.63374)","orange"
"557688",40040,"Quincy/Wells","12/12/2010","U",981,2010-12-12,12,"Dec",2010,12,"Sunday","(41.878723, -87.63374)","orange"
"557777",40040,"Quincy/Wells","06/20/2007","W",6977,2007-06-20,6,"Jun",2007,20,"Wednesday","(41.878723, -87.63374)","orange"
"557868",40040,"Quincy/Wells","05/28/2013","W",8382,2013-05-28,5,"May",2013,28,"Tuesday","(41.878723, -87.63374)","orange"
"558066",40040,"Quincy/Wells","09/11/2003","W",6964,2003-09-11,9,"Sep",2003,11,"Thursday","(41.878723, -87.63374)","orange"
"558118",40040,"Quincy/Wells","02/28/2002","W",7685,2002-02-28,2,"Feb",2002,28,"Thursday","(41.878723, -87.63374)","orange"
"558120",40040,"Quincy/Wells","07/19/2006","W",7839,2006-07-19,7,"Jul",2006,19,"Wednesday","(41.878723, -87.63374)","orange"
"558124",40040,"Quincy/Wells","02/04/2006","A",1034,2006-02-04,2,"Feb",2006,4,"Saturday","(41.878723, -87.63374)","orange"
"558369",40040,"Quincy/Wells","06/30/2007","A",1849,2007-06-30,6,"Jun",2007,30,"Saturday","(41.878723, -87.63374)","orange"
"558531",40040,"Quincy/Wells","12/06/2015","U",1146,2015-12-06,12,"Dec",2015,6,"Sunday","(41.878723, -87.63374)","orange"
"558786",40040,"Quincy/Wells","11/18/2008","W",7304,2008-11-18,11,"Nov",2008,18,"Tuesday","(41.878723, -87.63374)","orange"
"559172",40040,"Quincy/Wells","09/25/2016","U",1636,2016-09-25,9,"Sep",2016,25,"Sunday","(41.878723, -87.63374)","orange"
"559177",40040,"Quincy/Wells","07/01/2006","A",1488,2006-07-01,7,"Jul",2006,1,"Saturday","(41.878723, -87.63374)","orange"
"559493",40040,"Quincy/Wells","04/03/2007","W",6541,2007-04-03,4,"Apr",2007,3,"Tuesday","(41.878723, -87.63374)","orange"
"559575",40040,"Quincy/Wells","01/06/2003","W",7441,2003-01-06,1,"Jan",2003,6,"Monday","(41.878723, -87.63374)","orange"
"559686",40040,"Quincy/Wells","09/18/2015","W",7832,2015-09-18,9,"Sep",2015,18,"Friday","(41.878723, -87.63374)","orange"
"559893",40040,"Quincy/Wells","07/06/2012","W",7166,2012-07-06,7,"Jul",2012,6,"Friday","(41.878723, -87.63374)","orange"
"560080",40040,"Quincy/Wells","02/04/2016","W",8229,2016-02-04,2,"Feb",2016,4,"Thursday","(41.878723, -87.63374)","orange"
"560085",40040,"Quincy/Wells","01/17/2001","W",8246,2001-01-17,1,"Jan",2001,17,"Wednesday","(41.878723, -87.63374)","orange"
"560148",40040,"Quincy/Wells","03/22/2003","A",1028,2003-03-22,3,"Mar",2003,22,"Saturday","(41.878723, -87.63374)","orange"
"560263",40040,"Quincy/Wells","02/23/2015","W",8112,2015-02-23,2,"Feb",2015,23,"Monday","(41.878723, -87.63374)","orange"
"560557",40040,"Quincy/Wells","04/08/2012","U",1733,2012-04-08,4,"Apr",2012,8,"Sunday","(41.878723, -87.63374)","orange"
"560678",40040,"Quincy/Wells","03/06/2005","U",816,2005-03-06,3,"Mar",2005,6,"Sunday","(41.878723, -87.63374)","orange"
"560702",40040,"Quincy/Wells","11/30/2015","W",8422,2015-11-30,11,"Nov",2015,30,"Monday","(41.878723, -87.63374)","orange"
"561027",40040,"Quincy/Wells","11/30/2011","W",8271,2011-11-30,11,"Nov",2011,30,"Wednesday","(41.878723, -87.63374)","orange"
"561196",40040,"Quincy/Wells","07/25/2006","W",7500,2006-07-25,7,"Jul",2006,25,"Tuesday","(41.878723, -87.63374)","orange"
"561219",40040,"Quincy/Wells","06/28/2002","W",7093,2002-06-28,6,"Jun",2002,28,"Friday","(41.878723, -87.63374)","orange"
"561436",40040,"Quincy/Wells","10/06/2014","W",8655,2014-10-06,10,"Oct",2014,6,"Monday","(41.878723, -87.63374)","orange"
"561647",40040,"Quincy/Wells","06/05/2015","W",7276,2015-06-05,6,"Jun",2015,5,"Friday","(41.878723, -87.63374)","orange"
"561842",40040,"Quincy/Wells","05/21/2015","W",7625,2015-05-21,5,"May",2015,21,"Thursday","(41.878723, -87.63374)","orange"
"561893",40040,"Quincy/Wells","08/08/2010","U",1859,2010-08-08,8,"Aug",2010,8,"Sunday","(41.878723, -87.63374)","orange"
"562076",40040,"Quincy/Wells","04/04/2009","A",1713,2009-04-04,4,"Apr",2009,4,"Saturday","(41.878723, -87.63374)","orange"
"562262",40040,"Quincy/Wells","11/02/2001","W",7504,2001-11-02,11,"Nov",2001,2,"Friday","(41.878723, -87.63374)","orange"
"562291",40040,"Quincy/Wells","02/16/2001","W",7249,2001-02-16,2,"Feb",2001,16,"Friday","(41.878723, -87.63374)","orange"
"562559",40040,"Quincy/Wells","08/21/2002","W",7494,2002-08-21,8,"Aug",2002,21,"Wednesday","(41.878723, -87.63374)","orange"
"562601",40040,"Quincy/Wells","04/09/2005","A",1195,2005-04-09,4,"Apr",2005,9,"Saturday","(41.878723, -87.63374)","orange"
"562774",40040,"Quincy/Wells","08/15/2005","W",6811,2005-08-15,8,"Aug",2005,15,"Monday","(41.878723, -87.63374)","orange"
"562845",40040,"Quincy/Wells","02/16/2015","W",5349,2015-02-16,2,"Feb",2015,16,"Monday","(41.878723, -87.63374)","orange"
"562859",40040,"Quincy/Wells","06/09/2005","W",6778,2005-06-09,6,"Jun",2005,9,"Thursday","(41.878723, -87.63374)","orange"
"563015",40040,"Quincy/Wells","01/08/2006","U",624,2006-01-08,1,"Jan",2006,8,"Sunday","(41.878723, -87.63374)","orange"
"563095",40040,"Quincy/Wells","01/15/2009","W",6884,2009-01-15,1,"Jan",2009,15,"Thursday","(41.878723, -87.63374)","orange"
"563564",40040,"Quincy/Wells","05/09/2004","U",836,2004-05-09,5,"May",2004,9,"Sunday","(41.878723, -87.63374)","orange"
"563805",40040,"Quincy/Wells","11/16/2004","W",6534,2004-11-16,11,"Nov",2004,16,"Tuesday","(41.878723, -87.63374)","orange"
"563949",40040,"Quincy/Wells","08/01/2002","W",7739,2002-08-01,8,"Aug",2002,1,"Thursday","(41.878723, -87.63374)","orange"
"563984",40040,"Quincy/Wells","11/15/2004","W",6632,2004-11-15,11,"Nov",2004,15,"Monday","(41.878723, -87.63374)","orange"
"564198",40040,"Quincy/Wells","11/01/2008","A",1836,2008-11-01,11,"Nov",2008,1,"Saturday","(41.878723, -87.63374)","orange"
"564512",40040,"Quincy/Wells","09/16/2010","W",7506,2010-09-16,9,"Sep",2010,16,"Thursday","(41.878723, -87.63374)","orange"
"564612",40040,"Quincy/Wells","04/08/2016","W",7616,2016-04-08,4,"Apr",2016,8,"Friday","(41.878723, -87.63374)","orange"
"564665",40040,"Quincy/Wells","11/19/2006","U",1042,2006-11-19,11,"Nov",2006,19,"Sunday","(41.878723, -87.63374)","orange"
"564802",40040,"Quincy/Wells","01/30/2013","W",8415,2013-01-30,1,"Jan",2013,30,"Wednesday","(41.878723, -87.63374)","orange"
"565298",40040,"Quincy/Wells","04/30/2016","A",1615,2016-04-30,4,"Apr",2016,30,"Saturday","(41.878723, -87.63374)","orange"
"565331",40040,"Quincy/Wells","02/28/2006","W",6765,2006-02-28,2,"Feb",2006,28,"Tuesday","(41.878723, -87.63374)","orange"
"565389",40040,"Quincy/Wells","11/17/2001","A",1060,2001-11-17,11,"Nov",2001,17,"Saturday","(41.878723, -87.63374)","orange"
"565530",40040,"Quincy/Wells","10/02/2004","A",1304,2004-10-02,10,"Oct",2004,2,"Saturday","(41.878723, -87.63374)","orange"
"565810",40040,"Quincy/Wells","10/28/2004","W",6663,2004-10-28,10,"Oct",2004,28,"Thursday","(41.878723, -87.63374)","orange"
"565829",40040,"Quincy/Wells","11/23/2012","W",3102,2012-11-23,11,"Nov",2012,23,"Friday","(41.878723, -87.63374)","orange"
"565909",40040,"Quincy/Wells","04/12/2013","W",7819,2013-04-12,4,"Apr",2013,12,"Friday","(41.878723, -87.63374)","orange"
"566168",40040,"Quincy/Wells","07/25/2010","U",1846,2010-07-25,7,"Jul",2010,25,"Sunday","(41.878723, -87.63374)","orange"
"566268",40040,"Quincy/Wells","06/06/2011","W",8024,2011-06-06,6,"Jun",2011,6,"Monday","(41.878723, -87.63374)","orange"
"566430",40040,"Quincy/Wells","01/10/2003","W",7088,2003-01-10,1,"Jan",2003,10,"Friday","(41.878723, -87.63374)","orange"
"566769",40040,"Quincy/Wells","04/10/2003","W",7134,2003-04-10,4,"Apr",2003,10,"Thursday","(41.878723, -87.63374)","orange"
"566822",40040,"Quincy/Wells","09/02/2013","U",2068,2013-09-02,9,"Sep",2013,2,"Monday","(41.878723, -87.63374)","orange"
"567091",40040,"Quincy/Wells","08/25/2010","W",7196,2010-08-25,8,"Aug",2010,25,"Wednesday","(41.878723, -87.63374)","orange"
"567103",40040,"Quincy/Wells","02/11/2013","W",8338,2013-02-11,2,"Feb",2013,11,"Monday","(41.878723, -87.63374)","orange"
"567319",40040,"Quincy/Wells","01/21/2002","W",4415,2002-01-21,1,"Jan",2002,21,"Monday","(41.878723, -87.63374)","orange"
"567531",40040,"Quincy/Wells","12/11/2004","A",988,2004-12-11,12,"Dec",2004,11,"Saturday","(41.878723, -87.63374)","orange"
"567725",40040,"Quincy/Wells","06/26/2004","A",1190,2004-06-26,6,"Jun",2004,26,"Saturday","(41.878723, -87.63374)","orange"
"567841",40040,"Quincy/Wells","05/22/2006","W",7035,2006-05-22,5,"May",2006,22,"Monday","(41.878723, -87.63374)","orange"
"567947",40040,"Quincy/Wells","01/23/2002","W",7875,2002-01-23,1,"Jan",2002,23,"Wednesday","(41.878723, -87.63374)","orange"
"568055",40040,"Quincy/Wells","12/04/2006","W",7256,2006-12-04,12,"Dec",2006,4,"Monday","(41.878723, -87.63374)","orange"
"568127",40040,"Quincy/Wells","08/20/2001","W",8140,2001-08-20,8,"Aug",2001,20,"Monday","(41.878723, -87.63374)","orange"
"568229",40040,"Quincy/Wells","07/22/2005","W",6353,2005-07-22,7,"Jul",2005,22,"Friday","(41.878723, -87.63374)","orange"
"568513",40040,"Quincy/Wells","11/16/2006","W",7341,2006-11-16,11,"Nov",2006,16,"Thursday","(41.878723, -87.63374)","orange"
"568567",40040,"Quincy/Wells","02/13/2013","W",8117,2013-02-13,2,"Feb",2013,13,"Wednesday","(41.878723, -87.63374)","orange"
"568690",40040,"Quincy/Wells","11/12/2011","A",2039,2011-11-12,11,"Nov",2011,12,"Saturday","(41.878723, -87.63374)","orange"
"568707",40040,"Quincy/Wells","02/23/2013","A",1693,2013-02-23,2,"Feb",2013,23,"Saturday","(41.878723, -87.63374)","orange"
"568835",40040,"Quincy/Wells","11/28/2008","W",2788,2008-11-28,11,"Nov",2008,28,"Friday","(41.878723, -87.63374)","orange"
"569113",40040,"Quincy/Wells","09/06/2005","W",6983,2005-09-06,9,"Sep",2005,6,"Tuesday","(41.878723, -87.63374)","orange"
"569213",40040,"Quincy/Wells","12/25/2007","U",536,2007-12-25,12,"Dec",2007,25,"Tuesday","(41.878723, -87.63374)","orange"
"569217",40040,"Quincy/Wells","05/30/2013","W",8489,2013-05-30,5,"May",2013,30,"Thursday","(41.878723, -87.63374)","orange"
"569434",40040,"Quincy/Wells","11/20/2012","W",8350,2012-11-20,11,"Nov",2012,20,"Tuesday","(41.878723, -87.63374)","orange"
"569584",40040,"Quincy/Wells","04/28/2011","W",7784,2011-04-28,4,"Apr",2011,28,"Thursday","(41.878723, -87.63374)","orange"
"569703",40040,"Quincy/Wells","09/02/2001","U",957,2001-09-02,9,"Sep",2001,2,"Sunday","(41.878723, -87.63374)","orange"
"570056",40040,"Quincy/Wells","10/07/2002","W",7795,2002-10-07,10,"Oct",2002,7,"Monday","(41.878723, -87.63374)","orange"
"570242",40040,"Quincy/Wells","02/12/2013","W",8228,2013-02-12,2,"Feb",2013,12,"Tuesday","(41.878723, -87.63374)","orange"
"570331",40040,"Quincy/Wells","09/05/2010","U",1919,2010-09-05,9,"Sep",2010,5,"Sunday","(41.878723, -87.63374)","orange"
"570431",40040,"Quincy/Wells","10/28/2010","W",7666,2010-10-28,10,"Oct",2010,28,"Thursday","(41.878723, -87.63374)","orange"
"570594",40040,"Quincy/Wells","09/27/2001","W",7711,2001-09-27,9,"Sep",2001,27,"Thursday","(41.878723, -87.63374)","orange"
"570665",40040,"Quincy/Wells","07/27/2001","W",7341,2001-07-27,7,"Jul",2001,27,"Friday","(41.878723, -87.63374)","orange"
"570824",40040,"Quincy/Wells","10/31/2015","A",1241,2015-10-31,10,"Oct",2015,31,"Saturday","(41.878723, -87.63374)","orange"
"571020",40040,"Quincy/Wells","11/25/2008","W",7036,2008-11-25,11,"Nov",2008,25,"Tuesday","(41.878723, -87.63374)","orange"
"571608",40040,"Quincy/Wells","11/19/2016","A",1388,2016-11-19,11,"Nov",2016,19,"Saturday","(41.878723, -87.63374)","orange"
"571838",40040,"Quincy/Wells","09/14/2007","W",6862,2007-09-14,9,"Sep",2007,14,"Friday","(41.878723, -87.63374)","orange"
"571986",40040,"Quincy/Wells","12/26/2009","A",1136,2009-12-26,12,"Dec",2009,26,"Saturday","(41.878723, -87.63374)","orange"
"572156",40040,"Quincy/Wells","04/07/2003","W",7278,2003-04-07,4,"Apr",2003,7,"Monday","(41.878723, -87.63374)","orange"
"572284",40040,"Quincy/Wells","05/15/2008","W",7669,2008-05-15,5,"May",2008,15,"Thursday","(41.878723, -87.63374)","orange"
"572439",40040,"Quincy/Wells","12/28/2012","W",5521,2012-12-28,12,"Dec",2012,28,"Friday","(41.878723, -87.63374)","orange"
"572525",40040,"Quincy/Wells","04/09/2010","W",7216,2010-04-09,4,"Apr",2010,9,"Friday","(41.878723, -87.63374)","orange"
"572531",40040,"Quincy/Wells","10/15/2012","W",8931,2012-10-15,10,"Oct",2012,15,"Monday","(41.878723, -87.63374)","orange"
"573058",40040,"Quincy/Wells","12/30/2013","W",6810,2013-12-30,12,"Dec",2013,30,"Monday","(41.878723, -87.63374)","orange"
"573602",40040,"Quincy/Wells","07/23/2004","W",6255,2004-07-23,7,"Jul",2004,23,"Friday","(41.878723, -87.63374)","orange"
"573616",40040,"Quincy/Wells","10/13/2004","W",6729,2004-10-13,10,"Oct",2004,13,"Wednesday","(41.878723, -87.63374)","orange"
"573649",40040,"Quincy/Wells","04/25/2014","W",8064,2014-04-25,4,"Apr",2014,25,"Friday","(41.878723, -87.63374)","orange"
"573683",40040,"Quincy/Wells","10/24/2002","W",7554,2002-10-24,10,"Oct",2002,24,"Thursday","(41.878723, -87.63374)","orange"
"573910",40040,"Quincy/Wells","08/02/2001","W",7782,2001-08-02,8,"Aug",2001,2,"Thursday","(41.878723, -87.63374)","orange"
"574006",40040,"Quincy/Wells","03/11/2006","A",1542,2006-03-11,3,"Mar",2006,11,"Saturday","(41.878723, -87.63374)","orange"
"574111",40040,"Quincy/Wells","05/07/2003","W",7040,2003-05-07,5,"May",2003,7,"Wednesday","(41.878723, -87.63374)","orange"
"574477",40040,"Quincy/Wells","03/17/2006","W",6436,2006-03-17,3,"Mar",2006,17,"Friday","(41.878723, -87.63374)","orange"
"574496",40040,"Quincy/Wells","03/16/2016","W",8430,2016-03-16,3,"Mar",2016,16,"Wednesday","(41.878723, -87.63374)","orange"
"574992",40040,"Quincy/Wells","07/31/2013","W",8830,2013-07-31,7,"Jul",2013,31,"Wednesday","(41.878723, -87.63374)","orange"
"575012",40040,"Quincy/Wells","07/05/2007","W",6625,2007-07-05,7,"Jul",2007,5,"Thursday","(41.878723, -87.63374)","orange"
"575043",40040,"Quincy/Wells","12/06/2007","W",6845,2007-12-06,12,"Dec",2007,6,"Thursday","(41.878723, -87.63374)","orange"
"575360",40040,"Quincy/Wells","10/21/2009","W",7330,2009-10-21,10,"Oct",2009,21,"Wednesday","(41.878723, -87.63374)","orange"
"575627",40040,"Quincy/Wells","03/30/2002","A",1063,2002-03-30,3,"Mar",2002,30,"Saturday","(41.878723, -87.63374)","orange"
"575651",40040,"Quincy/Wells","07/14/2007","A",2005,2007-07-14,7,"Jul",2007,14,"Saturday","(41.878723, -87.63374)","orange"
"575843",40040,"Quincy/Wells","10/02/2008","W",7577,2008-10-02,10,"Oct",2008,2,"Thursday","(41.878723, -87.63374)","orange"
"575951",40040,"Quincy/Wells","04/12/2004","W",6654,2004-04-12,4,"Apr",2004,12,"Monday","(41.878723, -87.63374)","orange"
"575974",40040,"Quincy/Wells","10/02/2003","W",7037,2003-10-02,10,"Oct",2003,2,"Thursday","(41.878723, -87.63374)","orange"
"576075",40040,"Quincy/Wells","02/11/2011","W",7249,2011-02-11,2,"Feb",2011,11,"Friday","(41.878723, -87.63374)","orange"
"576189",40040,"Quincy/Wells","05/01/2005","U",743,2005-05-01,5,"May",2005,1,"Sunday","(41.878723, -87.63374)","orange"
"576494",40040,"Quincy/Wells","02/22/2011","W",7648,2011-02-22,2,"Feb",2011,22,"Tuesday","(41.878723, -87.63374)","orange"
"576971",40040,"Quincy/Wells","04/11/2007","W",6525,2007-04-11,4,"Apr",2007,11,"Wednesday","(41.878723, -87.63374)","orange"
"576988",40040,"Quincy/Wells","02/18/2002","W",4513,2002-02-18,2,"Feb",2002,18,"Monday","(41.878723, -87.63374)","orange"
"577010",40040,"Quincy/Wells","08/17/2007","W",6658,2007-08-17,8,"Aug",2007,17,"Friday","(41.878723, -87.63374)","orange"
"577051",40040,"Quincy/Wells","07/03/2010","A",2202,2010-07-03,7,"Jul",2010,3,"Saturday","(41.878723, -87.63374)","orange"
"577077",40040,"Quincy/Wells","05/18/2016","W",8487,2016-05-18,5,"May",2016,18,"Wednesday","(41.878723, -87.63374)","orange"
"577142",40040,"Quincy/Wells","01/17/2011","W",4408,2011-01-17,1,"Jan",2011,17,"Monday","(41.878723, -87.63374)","orange"
"577328",40040,"Quincy/Wells","04/15/2007","U",1143,2007-04-15,4,"Apr",2007,15,"Sunday","(41.878723, -87.63374)","orange"
"577478",40040,"Quincy/Wells","02/25/2015","W",8357,2015-02-25,2,"Feb",2015,25,"Wednesday","(41.878723, -87.63374)","orange"
"577527",40040,"Quincy/Wells","06/13/2007","W",7135,2007-06-13,6,"Jun",2007,13,"Wednesday","(41.878723, -87.63374)","orange"
"577734",40040,"Quincy/Wells","12/25/2016","U",539,2016-12-25,12,"Dec",2016,25,"Sunday","(41.878723, -87.63374)","orange"
"577934",40040,"Quincy/Wells","02/08/2017","W",8056,2017-02-08,2,"Feb",2017,8,"Wednesday","(41.878723, -87.63374)","orange"
"577956",40040,"Quincy/Wells","03/29/2007","W",7522,2007-03-29,3,"Mar",2007,29,"Thursday","(41.878723, -87.63374)","orange"
"578153",40040,"Quincy/Wells","06/09/2015","W",8514,2015-06-09,6,"Jun",2015,9,"Tuesday","(41.878723, -87.63374)","orange"
"578294",40040,"Quincy/Wells","03/10/2017","W",7999,2017-03-10,3,"Mar",2017,10,"Friday","(41.878723, -87.63374)","orange"
"578401",40040,"Quincy/Wells","01/18/2014","A",1585,2014-01-18,1,"Jan",2014,18,"Saturday","(41.878723, -87.63374)","orange"
"578532",40040,"Quincy/Wells","03/19/2014","W",8436,2014-03-19,3,"Mar",2014,19,"Wednesday","(41.878723, -87.63374)","orange"
"578534",40040,"Quincy/Wells","02/13/2016","A",1560,2016-02-13,2,"Feb",2016,13,"Saturday","(41.878723, -87.63374)","orange"
"578883",40040,"Quincy/Wells","08/08/2007","W",7121,2007-08-08,8,"Aug",2007,8,"Wednesday","(41.878723, -87.63374)","orange"
"578962",40040,"Quincy/Wells","05/18/2012","W",6048,2012-05-18,5,"May",2012,18,"Friday","(41.878723, -87.63374)","orange"
"579038",40040,"Quincy/Wells","11/27/2003","U",483,2003-11-27,11,"Nov",2003,27,"Thursday","(41.878723, -87.63374)","orange"
"579170",40040,"Quincy/Wells","06/27/2014","W",8023,2014-06-27,6,"Jun",2014,27,"Friday","(41.878723, -87.63374)","orange"
"579226",40040,"Quincy/Wells","07/20/2008","U",1843,2008-07-20,7,"Jul",2008,20,"Sunday","(41.878723, -87.63374)","orange"
"579421",40040,"Quincy/Wells","11/27/2015","W",2414,2015-11-27,11,"Nov",2015,27,"Friday","(41.878723, -87.63374)","orange"
"579441",40040,"Quincy/Wells","02/12/2002","W",7669,2002-02-12,2,"Feb",2002,12,"Tuesday","(41.878723, -87.63374)","orange"
"579664",40040,"Quincy/Wells","04/01/2006","A",1376,2006-04-01,4,"Apr",2006,1,"Saturday","(41.878723, -87.63374)","orange"
"579761",40040,"Quincy/Wells","07/10/2005","U",861,2005-07-10,7,"Jul",2005,10,"Sunday","(41.878723, -87.63374)","orange"
"579804",40040,"Quincy/Wells","03/14/2006","W",6951,2006-03-14,3,"Mar",2006,14,"Tuesday","(41.878723, -87.63374)","orange"
"580156",40040,"Quincy/Wells","07/20/2003","U",828,2003-07-20,7,"Jul",2003,20,"Sunday","(41.878723, -87.63374)","orange"
"580242",40040,"Quincy/Wells","07/03/2016","U",1859,2016-07-03,7,"Jul",2016,3,"Sunday","(41.878723, -87.63374)","orange"
"580411",40040,"Quincy/Wells","02/15/2014","A",1861,2014-02-15,2,"Feb",2014,15,"Saturday","(41.878723, -87.63374)","orange"
"580424",40040,"Quincy/Wells","11/17/2010","W",7343,2010-11-17,11,"Nov",2010,17,"Wednesday","(41.878723, -87.63374)","orange"
"580519",40040,"Quincy/Wells","08/01/2008","W",7612,2008-08-01,8,"Aug",2008,1,"Friday","(41.878723, -87.63374)","orange"
"580534",40040,"Quincy/Wells","06/28/2008","A",2061,2008-06-28,6,"Jun",2008,28,"Saturday","(41.878723, -87.63374)","orange"
"580639",40040,"Quincy/Wells","11/22/2010","W",7757,2010-11-22,11,"Nov",2010,22,"Monday","(41.878723, -87.63374)","orange"
"580812",40040,"Quincy/Wells","09/18/2012","W",8622,2012-09-18,9,"Sep",2012,18,"Tuesday","(41.878723, -87.63374)","orange"
"580961",40040,"Quincy/Wells","12/09/2004","W",6121,2004-12-09,12,"Dec",2004,9,"Thursday","(41.878723, -87.63374)","orange"
"581062",40040,"Quincy/Wells","06/25/2008","W",7943,2008-06-25,6,"Jun",2008,25,"Wednesday","(41.878723, -87.63374)","orange"
"581327",40040,"Quincy/Wells","08/26/2017","A",1706,2017-08-26,8,"Aug",2017,26,"Saturday","(41.878723, -87.63374)","orange"
"581463",40040,"Quincy/Wells","09/26/2014","W",7587,2014-09-26,9,"Sep",2014,26,"Friday","(41.878723, -87.63374)","orange"
"581535",40040,"Quincy/Wells","01/08/2017","U",956,2017-01-08,1,"Jan",2017,8,"Sunday","(41.878723, -87.63374)","orange"
"581759",40040,"Quincy/Wells","10/24/2013","W",8969,2013-10-24,10,"Oct",2013,24,"Thursday","(41.878723, -87.63374)","orange"
"581873",40040,"Quincy/Wells","08/03/2001","W",6986,2001-08-03,8,"Aug",2001,3,"Friday","(41.878723, -87.63374)","orange"
"582137",40040,"Quincy/Wells","06/26/2012","W",8401,2012-06-26,6,"Jun",2012,26,"Tuesday","(41.878723, -87.63374)","orange"
"582370",40040,"Quincy/Wells","08/30/2014","A",2386,2014-08-30,8,"Aug",2014,30,"Saturday","(41.878723, -87.63374)","orange"
"582827",40040,"Quincy/Wells","02/24/2013","U",1292,2013-02-24,2,"Feb",2013,24,"Sunday","(41.878723, -87.63374)","orange"
"582834",40040,"Quincy/Wells","03/11/2003","W",7207,2003-03-11,3,"Mar",2003,11,"Tuesday","(41.878723, -87.63374)","orange"
"583183",40040,"Quincy/Wells","02/27/2017","W",8150,2017-02-27,2,"Feb",2017,27,"Monday","(41.878723, -87.63374)","orange"
"583242",40040,"Quincy/Wells","04/02/2010","W",5567,2010-04-02,4,"Apr",2010,2,"Friday","(41.878723, -87.63374)","orange"
"583263",40040,"Quincy/Wells","12/25/2009","U",467,2009-12-25,12,"Dec",2009,25,"Friday","(41.878723, -87.63374)","orange"
"583322",40040,"Quincy/Wells","10/31/2016","W",8245,2016-10-31,10,"Oct",2016,31,"Monday","(41.878723, -87.63374)","orange"
"583581",40040,"Quincy/Wells","05/06/2013","W",7585,2013-05-06,5,"May",2013,6,"Monday","(41.878723, -87.63374)","orange"
"583827",40040,"Quincy/Wells","06/11/2017","U",1552,2017-06-11,6,"Jun",2017,11,"Sunday","(41.878723, -87.63374)","orange"
"584117",40040,"Quincy/Wells","01/31/2011","W",7602,2011-01-31,1,"Jan",2011,31,"Monday","(41.878723, -87.63374)","orange"
"584240",40040,"Quincy/Wells","10/23/2008","W",7552,2008-10-23,10,"Oct",2008,23,"Thursday","(41.878723, -87.63374)","orange"
"584438",40040,"Quincy/Wells","01/05/2007","W",6982,2007-01-05,1,"Jan",2007,5,"Friday","(41.878723, -87.63374)","orange"
"584819",40040,"Quincy/Wells","02/03/2011","W",7338,2011-02-03,2,"Feb",2011,3,"Thursday","(41.878723, -87.63374)","orange"
"585007",40040,"Quincy/Wells","10/03/2015","A",1596,2015-10-03,10,"Oct",2015,3,"Saturday","(41.878723, -87.63374)","orange"
"585273",40040,"Quincy/Wells","09/06/2016","W",8405,2016-09-06,9,"Sep",2016,6,"Tuesday","(41.878723, -87.63374)","orange"
"585398",40040,"Quincy/Wells","10/19/2009","W",7537,2009-10-19,10,"Oct",2009,19,"Monday","(41.878723, -87.63374)","orange"
"585525",40040,"Quincy/Wells","12/03/2015","W",8205,2015-12-03,12,"Dec",2015,3,"Thursday","(41.878723, -87.63374)","orange"
"585597",40040,"Quincy/Wells","05/23/2004","U",766,2004-05-23,5,"May",2004,23,"Sunday","(41.878723, -87.63374)","orange"
"585684",40040,"Quincy/Wells","01/25/2004","U",666,2004-01-25,1,"Jan",2004,25,"Sunday","(41.878723, -87.63374)","orange"
"585823",40040,"Quincy/Wells","11/25/2015","W",5581,2015-11-25,11,"Nov",2015,25,"Wednesday","(41.878723, -87.63374)","orange"
"585896",40040,"Quincy/Wells","06/14/2013","W",7777,2013-06-14,6,"Jun",2013,14,"Friday","(41.878723, -87.63374)","orange"
"586274",40040,"Quincy/Wells","11/12/2001","W",6627,2001-11-12,11,"Nov",2001,12,"Monday","(41.878723, -87.63374)","orange"
"586299",40040,"Quincy/Wells","05/04/2003","U",700,2003-05-04,5,"May",2003,4,"Sunday","(41.878723, -87.63374)","orange"
"586486",40040,"Quincy/Wells","08/12/2012","U",0,2012-08-12,8,"Aug",2012,12,"Sunday","(41.878723, -87.63374)","orange"
"586596",40040,"Quincy/Wells","09/10/2003","W",7137,2003-09-10,9,"Sep",2003,10,"Wednesday","(41.878723, -87.63374)","orange"
"586612",40040,"Quincy/Wells","06/01/2010","W",7397,2010-06-01,6,"Jun",2010,1,"Tuesday","(41.878723, -87.63374)","orange"
"586715",40040,"Quincy/Wells","10/30/2005","U",949,2005-10-30,10,"Oct",2005,30,"Sunday","(41.878723, -87.63374)","orange"
"586732",40040,"Quincy/Wells","05/03/2008","A",1714,2008-05-03,5,"May",2008,3,"Saturday","(41.878723, -87.63374)","orange"
"586808",40040,"Quincy/Wells","06/28/2009","U",2514,2009-06-28,6,"Jun",2009,28,"Sunday","(41.878723, -87.63374)","orange"
"586981",40040,"Quincy/Wells","09/11/2017","W",8536,2017-09-11,9,"Sep",2017,11,"Monday","(41.878723, -87.63374)","orange"
"587134",40040,"Quincy/Wells","12/01/2004","W",6627,2004-12-01,12,"Dec",2004,1,"Wednesday","(41.878723, -87.63374)","orange"
"587548",40040,"Quincy/Wells","02/14/2006","W",6787,2006-02-14,2,"Feb",2006,14,"Tuesday","(41.878723, -87.63374)","orange"
"587623",40040,"Quincy/Wells","10/13/2009","W",7652,2009-10-13,10,"Oct",2009,13,"Tuesday","(41.878723, -87.63374)","orange"
"587701",40040,"Quincy/Wells","04/12/2002","W",6984,2002-04-12,4,"Apr",2002,12,"Friday","(41.878723, -87.63374)","orange"
"587868",40040,"Quincy/Wells","03/07/2001","W",8224,2001-03-07,3,"Mar",2001,7,"Wednesday","(41.878723, -87.63374)","orange"
"587947",40040,"Quincy/Wells","09/27/2015","U",1124,2015-09-27,9,"Sep",2015,27,"Sunday","(41.878723, -87.63374)","orange"
"588303",40040,"Quincy/Wells","11/12/2002","W",7535,2002-11-12,11,"Nov",2002,12,"Tuesday","(41.878723, -87.63374)","orange"
"588336",40040,"Quincy/Wells","03/25/2009","W",7275,2009-03-25,3,"Mar",2009,25,"Wednesday","(41.878723, -87.63374)","orange"
"588552",40040,"Quincy/Wells","05/13/2007","U",1246,2007-05-13,5,"May",2007,13,"Sunday","(41.878723, -87.63374)","orange"
"588619",40040,"Quincy/Wells","06/08/2011","W",8002,2011-06-08,6,"Jun",2011,8,"Wednesday","(41.878723, -87.63374)","orange"
"588728",40040,"Quincy/Wells","05/20/2005","W",6283,2005-05-20,5,"May",2005,20,"Friday","(41.878723, -87.63374)","orange"
"588746",40040,"Quincy/Wells","03/19/2013","W",8249,2013-03-19,3,"Mar",2013,19,"Tuesday","(41.878723, -87.63374)","orange"
"588843",40040,"Quincy/Wells","07/22/2017","A",1793,2017-07-22,7,"Jul",2017,22,"Saturday","(41.878723, -87.63374)","orange"
"588967",40040,"Quincy/Wells","04/06/2016","W",8454,2016-04-06,4,"Apr",2016,6,"Wednesday","(41.878723, -87.63374)","orange"
"589050",40040,"Quincy/Wells","07/01/2015","W",8334,2015-07-01,7,"Jul",2015,1,"Wednesday","(41.878723, -87.63374)","orange"
"589104",40040,"Quincy/Wells","06/11/2012","W",8201,2012-06-11,6,"Jun",2012,11,"Monday","(41.878723, -87.63374)","orange"
"589430",40040,"Quincy/Wells","11/29/2011","W",8376,2011-11-29,11,"Nov",2011,29,"Tuesday","(41.878723, -87.63374)","orange"
"589506",40040,"Quincy/Wells","05/17/2002","W",6908,2002-05-17,5,"May",2002,17,"Friday","(41.878723, -87.63374)","orange"
"589592",40040,"Quincy/Wells","02/09/2015","W",8331,2015-02-09,2,"Feb",2015,9,"Monday","(41.878723, -87.63374)","orange"
"589866",40040,"Quincy/Wells","09/20/2015","U",1257,2015-09-20,9,"Sep",2015,20,"Sunday","(41.878723, -87.63374)","orange"
"590040",40040,"Quincy/Wells","11/30/2010","W",7412,2010-11-30,11,"Nov",2010,30,"Tuesday","(41.878723, -87.63374)","orange"
"590086",40040,"Quincy/Wells","06/12/2002","W",7762,2002-06-12,6,"Jun",2002,12,"Wednesday","(41.878723, -87.63374)","orange"
"590146",40040,"Quincy/Wells","04/02/2011","A",1904,2011-04-02,4,"Apr",2011,2,"Saturday","(41.878723, -87.63374)","orange"
"590201",40040,"Quincy/Wells","12/11/2008","W",7012,2008-12-11,12,"Dec",2008,11,"Thursday","(41.878723, -87.63374)","orange"
"590306",40040,"Quincy/Wells","01/11/2007","W",7298,2007-01-11,1,"Jan",2007,11,"Thursday","(41.878723, -87.63374)","orange"
"590546",40040,"Quincy/Wells","04/07/2017","W",7802,2017-04-07,4,"Apr",2017,7,"Friday","(41.878723, -87.63374)","orange"
"590722",40040,"Quincy/Wells","01/23/2001","W",8151,2001-01-23,1,"Jan",2001,23,"Tuesday","(41.878723, -87.63374)","orange"
"590762",40040,"Quincy/Wells","10/19/2014","U",1942,2014-10-19,10,"Oct",2014,19,"Sunday","(41.878723, -87.63374)","orange"
"590777",40040,"Quincy/Wells","07/07/2008","W",7438,2008-07-07,7,"Jul",2008,7,"Monday","(41.878723, -87.63374)","orange"
"590943",40040,"Quincy/Wells","12/04/2011","U",1189,2011-12-04,12,"Dec",2011,4,"Sunday","(41.878723, -87.63374)","orange"
"591026",40040,"Quincy/Wells","12/15/2002","U",645,2002-12-15,12,"Dec",2002,15,"Sunday","(41.878723, -87.63374)","orange"
"591481",40040,"Quincy/Wells","04/01/2012","U",1477,2012-04-01,4,"Apr",2012,1,"Sunday","(41.878723, -87.63374)","orange"
"591618",40040,"Quincy/Wells","03/28/2012","W",7929,2012-03-28,3,"Mar",2012,28,"Wednesday","(41.878723, -87.63374)","orange"
"591999",40040,"Quincy/Wells","12/17/2005","A",950,2005-12-17,12,"Dec",2005,17,"Saturday","(41.878723, -87.63374)","orange"
"592319",40040,"Quincy/Wells","01/02/2007","W",4875,2007-01-02,1,"Jan",2007,2,"Tuesday","(41.878723, -87.63374)","orange"
"592535",40040,"Quincy/Wells","07/17/2009","W",7466,2009-07-17,7,"Jul",2009,17,"Friday","(41.878723, -87.63374)","orange"
"592559",40040,"Quincy/Wells","12/08/2007","A",1347,2007-12-08,12,"Dec",2007,8,"Saturday","(41.878723, -87.63374)","orange"
"592717",40040,"Quincy/Wells","10/05/2016","W",8366,2016-10-05,10,"Oct",2016,5,"Wednesday","(41.878723, -87.63374)","orange"
"592761",40040,"Quincy/Wells","11/19/2001","W",7778,2001-11-19,11,"Nov",2001,19,"Monday","(41.878723, -87.63374)","orange"
"592821",40040,"Quincy/Wells","06/06/2008","W",7068,2008-06-06,6,"Jun",2008,6,"Friday","(41.878723, -87.63374)","orange"
"592886",40040,"Quincy/Wells","01/18/2011","W",7605,2011-01-18,1,"Jan",2011,18,"Tuesday","(41.878723, -87.63374)","orange"
"593023",40040,"Quincy/Wells","07/02/2013","W",8653,2013-07-02,7,"Jul",2013,2,"Tuesday","(41.878723, -87.63374)","orange"
"593054",40040,"Quincy/Wells","02/28/2001","W",8236,2001-02-28,2,"Feb",2001,28,"Wednesday","(41.878723, -87.63374)","orange"
"593462",40040,"Quincy/Wells","02/04/2003","W",7377,2003-02-04,2,"Feb",2003,4,"Tuesday","(41.878723, -87.63374)","orange"
"593956",40040,"Quincy/Wells","02/28/2016","U",1173,2016-02-28,2,"Feb",2016,28,"Sunday","(41.878723, -87.63374)","orange"
"594089",40040,"Quincy/Wells","05/29/2005","U",1142,2005-05-29,5,"May",2005,29,"Sunday","(41.878723, -87.63374)","orange"
"594110",40040,"Quincy/Wells","10/04/2011","W",8562,2011-10-04,10,"Oct",2011,4,"Tuesday","(41.878723, -87.63374)","orange"
"594137",40040,"Quincy/Wells","05/01/2016","U",1245,2016-05-01,5,"May",2016,1,"Sunday","(41.878723, -87.63374)","orange"
"594837",40040,"Quincy/Wells","03/02/2004","W",6758,2004-03-02,3,"Mar",2004,2,"Tuesday","(41.878723, -87.63374)","orange"
"594854",40040,"Quincy/Wells","04/27/2001","W",7274,2001-04-27,4,"Apr",2001,27,"Friday","(41.878723, -87.63374)","orange"
"595060",40040,"Quincy/Wells","10/10/2010","U",2908,2010-10-10,10,"Oct",2010,10,"Sunday","(41.878723, -87.63374)","orange"
"595181",40040,"Quincy/Wells","03/19/2005","A",1180,2005-03-19,3,"Mar",2005,19,"Saturday","(41.878723, -87.63374)","orange"
"595212",40040,"Quincy/Wells","03/10/2014","W",8773,2014-03-10,3,"Mar",2014,10,"Monday","(41.878723, -87.63374)","orange"
"595436",40040,"Quincy/Wells","01/15/2003","W",7304,2003-01-15,1,"Jan",2003,15,"Wednesday","(41.878723, -87.63374)","orange"
"595817",40040,"Quincy/Wells","04/12/2007","W",6663,2007-04-12,4,"Apr",2007,12,"Thursday","(41.878723, -87.63374)","orange"
"596126",40040,"Quincy/Wells","06/15/2002","A",1177,2002-06-15,6,"Jun",2002,15,"Saturday","(41.878723, -87.63374)","orange"
"596285",40040,"Quincy/Wells","04/27/2012","W",7807,2012-04-27,4,"Apr",2012,27,"Friday","(41.878723, -87.63374)","orange"
"596385",40040,"Quincy/Wells","07/09/2006","U",1164,2006-07-09,7,"Jul",2006,9,"Sunday","(41.878723, -87.63374)","orange"
"596398",40040,"Quincy/Wells","06/19/2010","A",1916,2010-06-19,6,"Jun",2010,19,"Saturday","(41.878723, -87.63374)","orange"
"596538",40040,"Quincy/Wells","12/22/2002","U",534,2002-12-22,12,"Dec",2002,22,"Sunday","(41.878723, -87.63374)","orange"
"596683",40040,"Quincy/Wells","05/24/2005","W",6688,2005-05-24,5,"May",2005,24,"Tuesday","(41.878723, -87.63374)","orange"
"596840",40040,"Quincy/Wells","10/21/2002","W",7431,2002-10-21,10,"Oct",2002,21,"Monday","(41.878723, -87.63374)","orange"
"596889",40040,"Quincy/Wells","04/29/2005","W",6080,2005-04-29,4,"Apr",2005,29,"Friday","(41.878723, -87.63374)","orange"
"596904",40040,"Quincy/Wells","07/22/2007","U",1431,2007-07-22,7,"Jul",2007,22,"Sunday","(41.878723, -87.63374)","orange"
"597281",40040,"Quincy/Wells","01/05/2013","A",1426,2013-01-05,1,"Jan",2013,5,"Saturday","(41.878723, -87.63374)","orange"
"597574",40040,"Quincy/Wells","07/04/2014","U",1724,2014-07-04,7,"Jul",2014,4,"Friday","(41.878723, -87.63374)","orange"
"597695",40040,"Quincy/Wells","03/02/2005","W",6632,2005-03-02,3,"Mar",2005,2,"Wednesday","(41.878723, -87.63374)","orange"
"597760",40040,"Quincy/Wells","03/01/2005","W",6513,2005-03-01,3,"Mar",2005,1,"Tuesday","(41.878723, -87.63374)","orange"
"597822",40040,"Quincy/Wells","09/18/2016","U",1621,2016-09-18,9,"Sep",2016,18,"Sunday","(41.878723, -87.63374)","orange"
"597879",40040,"Quincy/Wells","05/09/2016","W",8680,2016-05-09,5,"May",2016,9,"Monday","(41.878723, -87.63374)","orange"
"597899",40040,"Quincy/Wells","07/13/2016","W",8864,2016-07-13,7,"Jul",2016,13,"Wednesday","(41.878723, -87.63374)","orange"
"598057",40040,"Quincy/Wells","11/11/2001","U",718,2001-11-11,11,"Nov",2001,11,"Sunday","(41.878723, -87.63374)","orange"
"598253",40040,"Quincy/Wells","03/17/2014","W",8953,2014-03-17,3,"Mar",2014,17,"Monday","(41.878723, -87.63374)","orange"
"598378",40040,"Quincy/Wells","07/27/2016","W",9420,2016-07-27,7,"Jul",2016,27,"Wednesday","(41.878723, -87.63374)","orange"
"598384",40040,"Quincy/Wells","07/12/2002","W",7242,2002-07-12,7,"Jul",2002,12,"Friday","(41.878723, -87.63374)","orange"
"598464",40040,"Quincy/Wells","01/09/2011","U",973,2011-01-09,1,"Jan",2011,9,"Sunday","(41.878723, -87.63374)","orange"
"598762",40040,"Quincy/Wells","05/13/2013","W",8376,2013-05-13,5,"May",2013,13,"Monday","(41.878723, -87.63374)","orange"
"598818",40040,"Quincy/Wells","12/07/2004","W",6450,2004-12-07,12,"Dec",2004,7,"Tuesday","(41.878723, -87.63374)","orange"
"598947",40040,"Quincy/Wells","11/02/2012","W",8129,2012-11-02,11,"Nov",2012,2,"Friday","(41.878723, -87.63374)","orange"
"599006",40040,"Quincy/Wells","09/30/2015","W",8331,2015-09-30,9,"Sep",2015,30,"Wednesday","(41.878723, -87.63374)","orange"
"599079",40040,"Quincy/Wells","06/10/2004","W",6681,2004-06-10,6,"Jun",2004,10,"Thursday","(41.878723, -87.63374)","orange"
"599138",40040,"Quincy/Wells","02/23/2009","W",7445,2009-02-23,2,"Feb",2009,23,"Monday","(41.878723, -87.63374)","orange"
"599224",40040,"Quincy/Wells","11/02/2008","U",1872,2008-11-02,11,"Nov",2008,2,"Sunday","(41.878723, -87.63374)","orange"
"599243",40040,"Quincy/Wells","09/12/2001","W",6986,2001-09-12,9,"Sep",2001,12,"Wednesday","(41.878723, -87.63374)","orange"
"599273",40040,"Quincy/Wells","09/21/2010","W",7656,2010-09-21,9,"Sep",2010,21,"Tuesday","(41.878723, -87.63374)","orange"
"599384",40040,"Quincy/Wells","10/22/2015","W",8411,2015-10-22,10,"Oct",2015,22,"Thursday","(41.878723, -87.63374)","orange"
"599628",40040,"Quincy/Wells","06/15/2010","W",7892,2010-06-15,6,"Jun",2010,15,"Tuesday","(41.878723, -87.63374)","orange"
"599769",40040,"Quincy/Wells","06/04/2003","W",7478,2003-06-04,6,"Jun",2003,4,"Wednesday","(41.878723, -87.63374)","orange"
"599984",40040,"Quincy/Wells","01/16/2007","W",7252,2007-01-16,1,"Jan",2007,16,"Tuesday","(41.878723, -87.63374)","orange"
"600033",40040,"Quincy/Wells","03/22/2007","W",7306,2007-03-22,3,"Mar",2007,22,"Thursday","(41.878723, -87.63374)","orange"
"600037",40040,"Quincy/Wells","12/14/2001","W",6563,2001-12-14,12,"Dec",2001,14,"Friday","(41.878723, -87.63374)","orange"
"600086",40040,"Quincy/Wells","11/02/2003","U",795,2003-11-02,11,"Nov",2003,2,"Sunday","(41.878723, -87.63374)","orange"
"600311",40040,"Quincy/Wells","04/19/2017","W",8318,2017-04-19,4,"Apr",2017,19,"Wednesday","(41.878723, -87.63374)","orange"
"600365",40040,"Quincy/Wells","07/05/2009","U",2232,2009-07-05,7,"Jul",2009,5,"Sunday","(41.878723, -87.63374)","orange"
"600488",40040,"Quincy/Wells","07/22/2010","W",7607,2010-07-22,7,"Jul",2010,22,"Thursday","(41.878723, -87.63374)","orange"
"600802",40040,"Quincy/Wells","05/14/2001","W",8269,2001-05-14,5,"May",2001,14,"Monday","(41.878723, -87.63374)","orange"
"600899",40040,"Quincy/Wells","10/03/2002","W",7654,2002-10-03,10,"Oct",2002,3,"Thursday","(41.878723, -87.63374)","orange"
"601035",40040,"Quincy/Wells","04/07/2012","A",1811,2012-04-07,4,"Apr",2012,7,"Saturday","(41.878723, -87.63374)","orange"
"601469",40040,"Quincy/Wells","07/25/2011","W",8479,2011-07-25,7,"Jul",2011,25,"Monday","(41.878723, -87.63374)","orange"
"601476",40040,"Quincy/Wells","02/08/2007","W",6996,2007-02-08,2,"Feb",2007,8,"Thursday","(41.878723, -87.63374)","orange"
"601599",40040,"Quincy/Wells","08/13/2005","A",1302,2005-08-13,8,"Aug",2005,13,"Saturday","(41.878723, -87.63374)","orange"
"601850",40040,"Quincy/Wells","04/27/2008","U",1309,2008-04-27,4,"Apr",2008,27,"Sunday","(41.878723, -87.63374)","orange"
"602001",40040,"Quincy/Wells","10/29/2008","W",7487,2008-10-29,10,"Oct",2008,29,"Wednesday","(41.878723, -87.63374)","orange"
"602318",40040,"Quincy/Wells","08/09/2007","W",6895,2007-08-09,8,"Aug",2007,9,"Thursday","(41.878723, -87.63374)","orange"
"602471",40040,"Quincy/Wells","01/20/2001","A",914,2001-01-20,1,"Jan",2001,20,"Saturday","(41.878723, -87.63374)","orange"
"602490",40040,"Quincy/Wells","06/12/2014","W",8454,2014-06-12,6,"Jun",2014,12,"Thursday","(41.878723, -87.63374)","orange"
"602807",40040,"Quincy/Wells","03/11/2008","W",7030,2008-03-11,3,"Mar",2008,11,"Tuesday","(41.878723, -87.63374)","orange"
"603260",40040,"Quincy/Wells","07/14/2016","W",8486,2016-07-14,7,"Jul",2016,14,"Thursday","(41.878723, -87.63374)","orange"
"603424",40040,"Quincy/Wells","12/08/2011","W",8001,2011-12-08,12,"Dec",2011,8,"Thursday","(41.878723, -87.63374)","orange"
"603584",40040,"Quincy/Wells","10/03/2005","W",6619,2005-10-03,10,"Oct",2005,3,"Monday","(41.878723, -87.63374)","orange"
"603858",40040,"Quincy/Wells","04/22/2007","U",1338,2007-04-22,4,"Apr",2007,22,"Sunday","(41.878723, -87.63374)","orange"
"604542",40040,"Quincy/Wells","07/30/2006","U",1449,2006-07-30,7,"Jul",2006,30,"Sunday","(41.878723, -87.63374)","orange"
"604698",40040,"Quincy/Wells","03/14/2001","W",4999,2001-03-14,3,"Mar",2001,14,"Wednesday","(41.878723, -87.63374)","orange"
"604754",40040,"Quincy/Wells","10/14/2011","W",8378,2011-10-14,10,"Oct",2011,14,"Friday","(41.878723, -87.63374)","orange"
"605040",40040,"Quincy/Wells","03/14/2013","W",7871,2013-03-14,3,"Mar",2013,14,"Thursday","(41.878723, -87.63374)","orange"
"605147",40040,"Quincy/Wells","05/31/2004","U",858,2004-05-31,5,"May",2004,31,"Monday","(41.878723, -87.63374)","orange"
"605301",40040,"Quincy/Wells","01/07/2002","W",7881,2002-01-07,1,"Jan",2002,7,"Monday","(41.878723, -87.63374)","orange"
"605638",40040,"Quincy/Wells","01/12/2011","W",7582,2011-01-12,1,"Jan",2011,12,"Wednesday","(41.878723, -87.63374)","orange"
"605927",40040,"Quincy/Wells","05/01/2001","W",7998,2001-05-01,5,"May",2001,1,"Tuesday","(41.878723, -87.63374)","orange"
"605937",40040,"Quincy/Wells","04/17/2004","A",1199,2004-04-17,4,"Apr",2004,17,"Saturday","(41.878723, -87.63374)","orange"
"606009",40040,"Quincy/Wells","05/22/2017","W",8496,2017-05-22,5,"May",2017,22,"Monday","(41.878723, -87.63374)","orange"
"606347",40040,"Quincy/Wells","06/21/2013","W",8033,2013-06-21,6,"Jun",2013,21,"Friday","(41.878723, -87.63374)","orange"
"606406",40040,"Quincy/Wells","10/06/2015","W",8792,2015-10-06,10,"Oct",2015,6,"Tuesday","(41.878723, -87.63374)","orange"
"606639",40040,"Quincy/Wells","07/13/2005","W",7059,2005-07-13,7,"Jul",2005,13,"Wednesday","(41.878723, -87.63374)","orange"
"606800",40040,"Quincy/Wells","10/04/2010","W",7532,2010-10-04,10,"Oct",2010,4,"Monday","(41.878723, -87.63374)","orange"
"606848",40040,"Quincy/Wells","08/21/2017","W",8057,2017-08-21,8,"Aug",2017,21,"Monday","(41.878723, -87.63374)","orange"
"607046",40040,"Quincy/Wells","06/29/2007","W",6716,2007-06-29,6,"Jun",2007,29,"Friday","(41.878723, -87.63374)","orange"
"607111",40040,"Quincy/Wells","10/15/2011","A",2431,2011-10-15,10,"Oct",2011,15,"Saturday","(41.878723, -87.63374)","orange"
"607123",40040,"Quincy/Wells","07/30/2013","W",8901,2013-07-30,7,"Jul",2013,30,"Tuesday","(41.878723, -87.63374)","orange"
"607301",40040,"Quincy/Wells","11/14/2015","A",1799,2015-11-14,11,"Nov",2015,14,"Saturday","(41.878723, -87.63374)","orange"
"607430",40040,"Quincy/Wells","12/01/2014","W",8564,2014-12-01,12,"Dec",2014,1,"Monday","(41.878723, -87.63374)","orange"
"607502",40040,"Quincy/Wells","06/07/2001","W",8262,2001-06-07,6,"Jun",2001,7,"Thursday","(41.878723, -87.63374)","orange"
"607536",40040,"Quincy/Wells","01/31/2005","W",6619,2005-01-31,1,"Jan",2005,31,"Monday","(41.878723, -87.63374)","orange"
"607578",40040,"Quincy/Wells","04/08/2002","W",7827,2002-04-08,4,"Apr",2002,8,"Monday","(41.878723, -87.63374)","orange"
"607636",40040,"Quincy/Wells","02/22/2003","A",927,2003-02-22,2,"Feb",2003,22,"Saturday","(41.878723, -87.63374)","orange"
"607697",40040,"Quincy/Wells","09/20/2004","W",6634,2004-09-20,9,"Sep",2004,20,"Monday","(41.878723, -87.63374)","orange"
"607763",40040,"Quincy/Wells","07/14/2017","W",7635,2017-07-14,7,"Jul",2017,14,"Friday","(41.878723, -87.63374)","orange"
"607901",40040,"Quincy/Wells","03/26/2016","A",1897,2016-03-26,3,"Mar",2016,26,"Saturday","(41.878723, -87.63374)","orange"
"608110",40040,"Quincy/Wells","06/16/2009","W",8603,2009-06-16,6,"Jun",2009,16,"Tuesday","(41.878723, -87.63374)","orange"
"608135",40040,"Quincy/Wells","04/10/2008","W",7393,2008-04-10,4,"Apr",2008,10,"Thursday","(41.878723, -87.63374)","orange"
"608237",40040,"Quincy/Wells","08/15/2010","U",1599,2010-08-15,8,"Aug",2010,15,"Sunday","(41.878723, -87.63374)","orange"
"608428",40040,"Quincy/Wells","05/05/2001","A",1125,2001-05-05,5,"May",2001,5,"Saturday","(41.878723, -87.63374)","orange"
"608613",40040,"Quincy/Wells","08/02/2007","W",7286,2007-08-02,8,"Aug",2007,2,"Thursday","(41.878723, -87.63374)","orange"
"608689",40040,"Quincy/Wells","09/20/2002","W",7006,2002-09-20,9,"Sep",2002,20,"Friday","(41.878723, -87.63374)","orange"
"608834",40040,"Quincy/Wells","05/31/2008","A",2031,2008-05-31,5,"May",2008,31,"Saturday","(41.878723, -87.63374)","orange"
"608887",40040,"Quincy/Wells","01/26/2012","W",8054,2012-01-26,1,"Jan",2012,26,"Thursday","(41.878723, -87.63374)","orange"
"608959",40040,"Quincy/Wells","02/02/2010","W",7261,2010-02-02,2,"Feb",2010,2,"Tuesday","(41.878723, -87.63374)","orange"
"609018",40040,"Quincy/Wells","09/22/2010","W",7709,2010-09-22,9,"Sep",2010,22,"Wednesday","(41.878723, -87.63374)","orange"
"609107",40040,"Quincy/Wells","01/28/2013","W",8305,2013-01-28,1,"Jan",2013,28,"Monday","(41.878723, -87.63374)","orange"
"609148",40040,"Quincy/Wells","04/26/2004","W",6813,2004-04-26,4,"Apr",2004,26,"Monday","(41.878723, -87.63374)","orange"
"609149",40040,"Quincy/Wells","12/21/2015","W",6831,2015-12-21,12,"Dec",2015,21,"Monday","(41.878723, -87.63374)","orange"
"609172",40040,"Quincy/Wells","01/14/2009","W",8220,2009-01-14,1,"Jan",2009,14,"Wednesday","(41.878723, -87.63374)","orange"
"609466",40040,"Quincy/Wells","08/21/2004","A",1268,2004-08-21,8,"Aug",2004,21,"Saturday","(41.878723, -87.63374)","orange"
"609809",40040,"Quincy/Wells","05/08/2015","W",7645,2015-05-08,5,"May",2015,8,"Friday","(41.878723, -87.63374)","orange"
"609941",40040,"Quincy/Wells","11/22/2015","U",1331,2015-11-22,11,"Nov",2015,22,"Sunday","(41.878723, -87.63374)","orange"
"610102",40040,"Quincy/Wells","12/15/2012","A",1478,2012-12-15,12,"Dec",2012,15,"Saturday","(41.878723, -87.63374)","orange"
"610160",40040,"Quincy/Wells","07/17/2006","W",7707,2006-07-17,7,"Jul",2006,17,"Monday","(41.878723, -87.63374)","orange"
"610355",40040,"Quincy/Wells","09/05/2009","A",2240,2009-09-05,9,"Sep",2009,5,"Saturday","(41.878723, -87.63374)","orange"
"610375",40040,"Quincy/Wells","11/26/2012","W",8527,2012-11-26,11,"Nov",2012,26,"Monday","(41.878723, -87.63374)","orange"
"610515",40040,"Quincy/Wells","01/27/2010","W",7383,2010-01-27,1,"Jan",2010,27,"Wednesday","(41.878723, -87.63374)","orange"
"610712",40040,"Quincy/Wells","10/16/2013","W",8881,2013-10-16,10,"Oct",2013,16,"Wednesday","(41.878723, -87.63374)","orange"
"610850",40040,"Quincy/Wells","02/09/2016","W",8280,2016-02-09,2,"Feb",2016,9,"Tuesday","(41.878723, -87.63374)","orange"
"610906",40040,"Quincy/Wells","11/11/2002","W",6294,2002-11-11,11,"Nov",2002,11,"Monday","(41.878723, -87.63374)","orange"
"610938",40040,"Quincy/Wells","08/12/2011","W",7808,2011-08-12,8,"Aug",2011,12,"Friday","(41.878723, -87.63374)","orange"
"611271",40040,"Quincy/Wells","05/03/2016","W",8166,2016-05-03,5,"May",2016,3,"Tuesday","(41.878723, -87.63374)","orange"
"611348",40040,"Quincy/Wells","10/14/2002","W",6424,2002-10-14,10,"Oct",2002,14,"Monday","(41.878723, -87.63374)","orange"
"611813",40040,"Quincy/Wells","08/31/2009","W",7609,2009-08-31,8,"Aug",2009,31,"Monday","(41.878723, -87.63374)","orange"
"612157",40040,"Quincy/Wells","04/14/2006","W",5052,2006-04-14,4,"Apr",2006,14,"Friday","(41.878723, -87.63374)","orange"
"612345",40040,"Quincy/Wells","07/19/2007","W",7055,2007-07-19,7,"Jul",2007,19,"Thursday","(41.878723, -87.63374)","orange"
"612579",40040,"Quincy/Wells","01/07/2005","W",6342,2005-01-07,1,"Jan",2005,7,"Friday","(41.878723, -87.63374)","orange"
"612876",40040,"Quincy/Wells","08/06/2008","W",7749,2008-08-06,8,"Aug",2008,6,"Wednesday","(41.878723, -87.63374)","orange"
"612891",40040,"Quincy/Wells","01/23/2016","A",1406,2016-01-23,1,"Jan",2016,23,"Saturday","(41.878723, -87.63374)","orange"
"612919",40040,"Quincy/Wells","01/11/2001","W",7852,2001-01-11,1,"Jan",2001,11,"Thursday","(41.878723, -87.63374)","orange"
"613242",40040,"Quincy/Wells","08/01/2006","W",7674,2006-08-01,8,"Aug",2006,1,"Tuesday","(41.878723, -87.63374)","orange"
"613419",40040,"Quincy/Wells","11/11/2010","W",6722,2010-11-11,11,"Nov",2010,11,"Thursday","(41.878723, -87.63374)","orange"
"613736",40040,"Quincy/Wells","08/28/2014","W",8125,2014-08-28,8,"Aug",2014,28,"Thursday","(41.878723, -87.63374)","orange"
"613759",40040,"Quincy/Wells","10/08/2012","W",7992,2012-10-08,10,"Oct",2012,8,"Monday","(41.878723, -87.63374)","orange"
"613827",40040,"Quincy/Wells","04/28/2001","A",963,2001-04-28,4,"Apr",2001,28,"Saturday","(41.878723, -87.63374)","orange"
"613900",40040,"Quincy/Wells","05/23/2002","W",7649,2002-05-23,5,"May",2002,23,"Thursday","(41.878723, -87.63374)","orange"
"614111",40040,"Quincy/Wells","09/06/2009","U",1682,2009-09-06,9,"Sep",2009,6,"Sunday","(41.878723, -87.63374)","orange"
"614189",40040,"Quincy/Wells","04/25/2004","U",738,2004-04-25,4,"Apr",2004,25,"Sunday","(41.878723, -87.63374)","orange"
"614262",40040,"Quincy/Wells","07/30/2005","A",1384,2005-07-30,7,"Jul",2005,30,"Saturday","(41.878723, -87.63374)","orange"
"614331",40040,"Quincy/Wells","05/26/2003","U",849,2003-05-26,5,"May",2003,26,"Monday","(41.878723, -87.63374)","orange"
"614633",40040,"Quincy/Wells","01/16/2013","W",8093,2013-01-16,1,"Jan",2013,16,"Wednesday","(41.878723, -87.63374)","orange"
"614672",40040,"Quincy/Wells","01/21/2001","U",454,2001-01-21,1,"Jan",2001,21,"Sunday","(41.878723, -87.63374)","orange"
"614694",40040,"Quincy/Wells","03/31/2011","W",7712,2011-03-31,3,"Mar",2011,31,"Thursday","(41.878723, -87.63374)","orange"
"614734",40040,"Quincy/Wells","04/23/2006","U",974,2006-04-23,4,"Apr",2006,23,"Sunday","(41.878723, -87.63374)","orange"
"615298",40040,"Quincy/Wells","02/02/2007","W",6573,2007-02-02,2,"Feb",2007,2,"Friday","(41.878723, -87.63374)","orange"
"615299",40040,"Quincy/Wells","03/25/2014","W",8638,2014-03-25,3,"Mar",2014,25,"Tuesday","(41.878723, -87.63374)","orange"
"615320",40040,"Quincy/Wells","08/03/2005","W",6211,2005-08-03,8,"Aug",2005,3,"Wednesday","(41.878723, -87.63374)","orange"
"615513",40040,"Quincy/Wells","07/15/2017","A",1910,2017-07-15,7,"Jul",2017,15,"Saturday","(41.878723, -87.63374)","orange"
"615524",40040,"Quincy/Wells","04/11/2002","W",7514,2002-04-11,4,"Apr",2002,11,"Thursday","(41.878723, -87.63374)","orange"
"615526",40040,"Quincy/Wells","06/24/2005","W",6495,2005-06-24,6,"Jun",2005,24,"Friday","(41.878723, -87.63374)","orange"
"615608",40040,"Quincy/Wells","03/07/2012","W",8130,2012-03-07,3,"Mar",2012,7,"Wednesday","(41.878723, -87.63374)","orange"
"615676",40040,"Quincy/Wells","02/23/2005","W",6526,2005-02-23,2,"Feb",2005,23,"Wednesday","(41.878723, -87.63374)","orange"
"615827",40040,"Quincy/Wells","06/14/2003","A",1133,2003-06-14,6,"Jun",2003,14,"Saturday","(41.878723, -87.63374)","orange"
"615940",40040,"Quincy/Wells","02/26/2007","W",7320,2007-02-26,2,"Feb",2007,26,"Monday","(41.878723, -87.63374)","orange"
"616202",40040,"Quincy/Wells","12/29/2003","W",5723,2003-12-29,12,"Dec",2003,29,"Monday","(41.878723, -87.63374)","orange"
"616323",40040,"Quincy/Wells","05/28/2011","A",1867,2011-05-28,5,"May",2011,28,"Saturday","(41.878723, -87.63374)","orange"
"616581",40040,"Quincy/Wells","06/19/2017","W",9216,2017-06-19,6,"Jun",2017,19,"Monday","(41.878723, -87.63374)","orange"
"616867",40040,"Quincy/Wells","08/24/2009","W",7641,2009-08-24,8,"Aug",2009,24,"Monday","(41.878723, -87.63374)","orange"
"617166",40040,"Quincy/Wells","09/09/2007","U",1351,2007-09-09,9,"Sep",2007,9,"Sunday","(41.878723, -87.63374)","orange"
"617229",40040,"Quincy/Wells","08/15/2002","W",7603,2002-08-15,8,"Aug",2002,15,"Thursday","(41.878723, -87.63374)","orange"
"617256",40040,"Quincy/Wells","09/12/2013","W",8453,2013-09-12,9,"Sep",2013,12,"Thursday","(41.878723, -87.63374)","orange"
"617369",40040,"Quincy/Wells","06/04/2011","A",1781,2011-06-04,6,"Jun",2011,4,"Saturday","(41.878723, -87.63374)","orange"
"617580",40040,"Quincy/Wells","09/06/2003","A",1070,2003-09-06,9,"Sep",2003,6,"Saturday","(41.878723, -87.63374)","orange"
"617613",40040,"Quincy/Wells","06/04/2008","W",7374,2008-06-04,6,"Jun",2008,4,"Wednesday","(41.878723, -87.63374)","orange"
"617737",40040,"Quincy/Wells","10/29/2012","W",8696,2012-10-29,10,"Oct",2012,29,"Monday","(41.878723, -87.63374)","orange"
"617761",40040,"Quincy/Wells","11/09/2006","W",7489,2006-11-09,11,"Nov",2006,9,"Thursday","(41.878723, -87.63374)","orange"
"617797",40040,"Quincy/Wells","02/17/2004","W",6774,2004-02-17,2,"Feb",2004,17,"Tuesday","(41.878723, -87.63374)","orange"
"617849",40040,"Quincy/Wells","08/21/2014","W",8552,2014-08-21,8,"Aug",2014,21,"Thursday","(41.878723, -87.63374)","orange"
"618051",40040,"Quincy/Wells","11/22/2001","U",393,2001-11-22,11,"Nov",2001,22,"Thursday","(41.878723, -87.63374)","orange"
"618166",40040,"Quincy/Wells","01/16/2002","W",8121,2002-01-16,1,"Jan",2002,16,"Wednesday","(41.878723, -87.63374)","orange"
"618195",40040,"Quincy/Wells","08/13/2004","W",6204,2004-08-13,8,"Aug",2004,13,"Friday","(41.878723, -87.63374)","orange"
"618217",40040,"Quincy/Wells","08/19/2014","W",8389,2014-08-19,8,"Aug",2014,19,"Tuesday","(41.878723, -87.63374)","orange"
"618510",40040,"Quincy/Wells","09/21/2008","U",1948,2008-09-21,9,"Sep",2008,21,"Sunday","(41.878723, -87.63374)","orange"
"619001",40040,"Quincy/Wells","09/25/2010","A",1913,2010-09-25,9,"Sep",2010,25,"Saturday","(41.878723, -87.63374)","orange"
"619040",40040,"Quincy/Wells","05/25/2013","A",2021,2013-05-25,5,"May",2013,25,"Saturday","(41.878723, -87.63374)","orange"
"619060",40040,"Quincy/Wells","07/25/2014","W",8092,2014-07-25,7,"Jul",2014,25,"Friday","(41.878723, -87.63374)","orange"
"619230",40040,"Quincy/Wells","01/08/2013","W",8431,2013-01-08,1,"Jan",2013,8,"Tuesday","(41.878723, -87.63374)","orange"
"619746",40040,"Quincy/Wells","08/05/2005","W",6291,2005-08-05,8,"Aug",2005,5,"Friday","(41.878723, -87.63374)","orange"
"619826",40040,"Quincy/Wells","10/31/2007","W",6993,2007-10-31,10,"Oct",2007,31,"Wednesday","(41.878723, -87.63374)","orange"
"619954",40040,"Quincy/Wells","06/07/2013","W",8037,2013-06-07,6,"Jun",2013,7,"Friday","(41.878723, -87.63374)","orange"
"619984",40040,"Quincy/Wells","11/14/2014","W",8075,2014-11-14,11,"Nov",2014,14,"Friday","(41.878723, -87.63374)","orange"
"620008",40040,"Quincy/Wells","08/09/2006","W",7598,2006-08-09,8,"Aug",2006,9,"Wednesday","(41.878723, -87.63374)","orange"
"620217",40040,"Quincy/Wells","07/18/2005","W",6922,2005-07-18,7,"Jul",2005,18,"Monday","(41.878723, -87.63374)","orange"
"620452",40040,"Quincy/Wells","04/05/2002","W",7464,2002-04-05,4,"Apr",2002,5,"Friday","(41.878723, -87.63374)","orange"
"620487",40040,"Quincy/Wells","06/14/2017","W",9297,2017-06-14,6,"Jun",2017,14,"Wednesday","(41.878723, -87.63374)","orange"
"620543",40040,"Quincy/Wells","04/25/2011","W",8234,2011-04-25,4,"Apr",2011,25,"Monday","(41.878723, -87.63374)","orange"
"620882",40040,"Quincy/Wells","06/21/2006","W",7334,2006-06-21,6,"Jun",2006,21,"Wednesday","(41.878723, -87.63374)","orange"
"620978",40040,"Quincy/Wells","12/14/2009","W",6929,2009-12-14,12,"Dec",2009,14,"Monday","(41.878723, -87.63374)","orange"
"620997",40040,"Quincy/Wells","12/28/2008","U",1342,2008-12-28,12,"Dec",2008,28,"Sunday","(41.878723, -87.63374)","orange"
"621026",40040,"Quincy/Wells","05/04/2004","W",6792,2004-05-04,5,"May",2004,4,"Tuesday","(41.878723, -87.63374)","orange"
"621036",40040,"Quincy/Wells","03/12/2009","W",7593,2009-03-12,3,"Mar",2009,12,"Thursday","(41.878723, -87.63374)","orange"
"621201",40040,"Quincy/Wells","01/20/2009","W",7371,2009-01-20,1,"Jan",2009,20,"Tuesday","(41.878723, -87.63374)","orange"
"621239",40040,"Quincy/Wells","01/05/2009","W",7742,2009-01-05,1,"Jan",2009,5,"Monday","(41.878723, -87.63374)","orange"
"621361",40040,"Quincy/Wells","05/19/2006","W",6609,2006-05-19,5,"May",2006,19,"Friday","(41.878723, -87.63374)","orange"
"621505",40040,"Quincy/Wells","04/16/2015","W",7892,2015-04-16,4,"Apr",2015,16,"Thursday","(41.878723, -87.63374)","orange"
"621530",40040,"Quincy/Wells","05/02/2014","W",8124,2014-05-02,5,"May",2014,2,"Friday","(41.878723, -87.63374)","orange"
"621767",40040,"Quincy/Wells","10/01/2009","W",8045,2009-10-01,10,"Oct",2009,1,"Thursday","(41.878723, -87.63374)","orange"
"622097",40040,"Quincy/Wells","08/02/2009","U",1800,2009-08-02,8,"Aug",2009,2,"Sunday","(41.878723, -87.63374)","orange"
"622232",40040,"Quincy/Wells","09/02/2006","A",1648,2006-09-02,9,"Sep",2006,2,"Saturday","(41.878723, -87.63374)","orange"
"622306",40040,"Quincy/Wells","01/08/2010","W",7088,2010-01-08,1,"Jan",2010,8,"Friday","(41.878723, -87.63374)","orange"
"622340",40040,"Quincy/Wells","07/22/2002","W",7820,2002-07-22,7,"Jul",2002,22,"Monday","(41.878723, -87.63374)","orange"
"622354",40040,"Quincy/Wells","01/24/2006","W",7029,2006-01-24,1,"Jan",2006,24,"Tuesday","(41.878723, -87.63374)","orange"
"622395",40040,"Quincy/Wells","10/20/2009","W",7511,2009-10-20,10,"Oct",2009,20,"Tuesday","(41.878723, -87.63374)","orange"
"622512",40040,"Quincy/Wells","05/18/2013","A",2051,2013-05-18,5,"May",2013,18,"Saturday","(41.878723, -87.63374)","orange"
"622538",40040,"Quincy/Wells","01/04/2003","A",853,2003-01-04,1,"Jan",2003,4,"Saturday","(41.878723, -87.63374)","orange"
"622680",40040,"Quincy/Wells","09/14/2003","U",855,2003-09-14,9,"Sep",2003,14,"Sunday","(41.878723, -87.63374)","orange"
"622841",40040,"Quincy/Wells","01/03/2002","W",7695,2002-01-03,1,"Jan",2002,3,"Thursday","(41.878723, -87.63374)","orange"
"622876",40040,"Quincy/Wells","08/27/2006","U",1202,2006-08-27,8,"Aug",2006,27,"Sunday","(41.878723, -87.63374)","orange"
"623008",40040,"Quincy/Wells","04/10/2011","U",1498,2011-04-10,4,"Apr",2011,10,"Sunday","(41.878723, -87.63374)","orange"
"623036",40040,"Quincy/Wells","12/15/2005","W",6423,2005-12-15,12,"Dec",2005,15,"Thursday","(41.878723, -87.63374)","orange"
"623263",40040,"Quincy/Wells","01/10/2011","W",7480,2011-01-10,1,"Jan",2011,10,"Monday","(41.878723, -87.63374)","orange"
"623388",40040,"Quincy/Wells","11/03/2006","W",7291,2006-11-03,11,"Nov",2006,3,"Friday","(41.878723, -87.63374)","orange"
"623499",40040,"Quincy/Wells","12/08/2013","U",1259,2013-12-08,12,"Dec",2013,8,"Sunday","(41.878723, -87.63374)","orange"
"623505",40040,"Quincy/Wells","04/06/2005","W",6492,2005-04-06,4,"Apr",2005,6,"Wednesday","(41.878723, -87.63374)","orange"
"623554",40040,"Quincy/Wells","07/24/2001","W",8383,2001-07-24,7,"Jul",2001,24,"Tuesday","(41.878723, -87.63374)","orange"
"623715",40040,"Quincy/Wells","07/04/2012","U",1406,2012-07-04,7,"Jul",2012,4,"Wednesday","(41.878723, -87.63374)","orange"
"624310",40040,"Quincy/Wells","06/29/2014","U",2729,2014-06-29,6,"Jun",2014,29,"Sunday","(41.878723, -87.63374)","orange"
"624332",40040,"Quincy/Wells","11/14/2006","W",7488,2006-11-14,11,"Nov",2006,14,"Tuesday","(41.878723, -87.63374)","orange"
"624400",40040,"Quincy/Wells","08/20/2004","W",6048,2004-08-20,8,"Aug",2004,20,"Friday","(41.878723, -87.63374)","orange"
"624449",40040,"Quincy/Wells","03/27/2011","U",1580,2011-03-27,3,"Mar",2011,27,"Sunday","(41.878723, -87.63374)","orange"
"624680",40040,"Quincy/Wells","08/18/2017","W",7329,2017-08-18,8,"Aug",2017,18,"Friday","(41.878723, -87.63374)","orange"
"624785",40040,"Quincy/Wells","04/22/2010","W",7035,2010-04-22,4,"Apr",2010,22,"Thursday","(41.878723, -87.63374)","orange"
"624822",40040,"Quincy/Wells","02/16/2014","U",1496,2014-02-16,2,"Feb",2014,16,"Sunday","(41.878723, -87.63374)","orange"
"624932",40040,"Quincy/Wells","07/16/2015","W",8319,2015-07-16,7,"Jul",2015,16,"Thursday","(41.878723, -87.63374)","orange"
"625275",40040,"Quincy/Wells","12/25/2008","U",488,2008-12-25,12,"Dec",2008,25,"Thursday","(41.878723, -87.63374)","orange"
"625553",40040,"Quincy/Wells","04/13/2015","W",7911,2015-04-13,4,"Apr",2015,13,"Monday","(41.878723, -87.63374)","orange"
"625977",40040,"Quincy/Wells","05/01/2017","W",8599,2017-05-01,5,"May",2017,1,"Monday","(41.878723, -87.63374)","orange"
"626546",40040,"Quincy/Wells","01/24/2005","W",6600,2005-01-24,1,"Jan",2005,24,"Monday","(41.878723, -87.63374)","orange"
"626607",40040,"Quincy/Wells","06/23/2009","W",7726,2009-06-23,6,"Jun",2009,23,"Tuesday","(41.878723, -87.63374)","orange"
"626611",40040,"Quincy/Wells","07/24/2010","A",1928,2010-07-24,7,"Jul",2010,24,"Saturday","(41.878723, -87.63374)","orange"
"626635",40040,"Quincy/Wells","06/30/2009","W",7652,2009-06-30,6,"Jun",2009,30,"Tuesday","(41.878723, -87.63374)","orange"
"626953",40040,"Quincy/Wells","10/05/2008","U",1825,2008-10-05,10,"Oct",2008,5,"Sunday","(41.878723, -87.63374)","orange"
"626967",40040,"Quincy/Wells","12/05/2011","W",8114,2011-12-05,12,"Dec",2011,5,"Monday","(41.878723, -87.63374)","orange"
"626982",40040,"Quincy/Wells","09/02/2005","W",5940,2005-09-02,9,"Sep",2005,2,"Friday","(41.878723, -87.63374)","orange"
"627113",40040,"Quincy/Wells","10/17/2007","W",7284,2007-10-17,10,"Oct",2007,17,"Wednesday","(41.878723, -87.63374)","orange"
"627589",40040,"Quincy/Wells","12/16/2010","W",6611,2010-12-16,12,"Dec",2010,16,"Thursday","(41.878723, -87.63374)","orange"
"627782",40040,"Quincy/Wells","09/21/2017","W",8138,2017-09-21,9,"Sep",2017,21,"Thursday","(41.878723, -87.63374)","orange"
"627907",40040,"Quincy/Wells","05/04/2016","W",8262,2016-05-04,5,"May",2016,4,"Wednesday","(41.878723, -87.63374)","orange"
"627973",40040,"Quincy/Wells","12/22/2003","W",5557,2003-12-22,12,"Dec",2003,22,"Monday","(41.878723, -87.63374)","orange"
"628017",40040,"Quincy/Wells","09/05/2002","W",7518,2002-09-05,9,"Sep",2002,5,"Thursday","(41.878723, -87.63374)","orange"
"628206",40040,"Quincy/Wells","04/29/2003","W",7076,2003-04-29,4,"Apr",2003,29,"Tuesday","(41.878723, -87.63374)","orange"
"628771",40040,"Quincy/Wells","06/03/2003","W",7115,2003-06-03,6,"Jun",2003,3,"Tuesday","(41.878723, -87.63374)","orange"
"628797",40040,"Quincy/Wells","04/10/2013","W",8133,2013-04-10,4,"Apr",2013,10,"Wednesday","(41.878723, -87.63374)","orange"
"628917",40040,"Quincy/Wells","04/15/2014","W",8864,2014-04-15,4,"Apr",2014,15,"Tuesday","(41.878723, -87.63374)","orange"
"628922",40040,"Quincy/Wells","10/30/2013","W",8933,2013-10-30,10,"Oct",2013,30,"Wednesday","(41.878723, -87.63374)","orange"
"629319",40040,"Quincy/Wells","03/27/2003","W",7012,2003-03-27,3,"Mar",2003,27,"Thursday","(41.878723, -87.63374)","orange"
"629428",40040,"Quincy/Wells","03/01/2008","A",1557,2008-03-01,3,"Mar",2008,1,"Saturday","(41.878723, -87.63374)","orange"
"629672",40040,"Quincy/Wells","10/02/2010","A",1574,2010-10-02,10,"Oct",2010,2,"Saturday","(41.878723, -87.63374)","orange"
"629683",40040,"Quincy/Wells","03/17/2005","W",6401,2005-03-17,3,"Mar",2005,17,"Thursday","(41.878723, -87.63374)","orange"
"629731",40040,"Quincy/Wells","01/26/2007","W",6892,2007-01-26,1,"Jan",2007,26,"Friday","(41.878723, -87.63374)","orange"
"629972",40040,"Quincy/Wells","10/18/2013","W",8905,2013-10-18,10,"Oct",2013,18,"Friday","(41.878723, -87.63374)","orange"
"630274",40040,"Quincy/Wells","06/17/2010","W",7339,2010-06-17,6,"Jun",2010,17,"Thursday","(41.878723, -87.63374)","orange"
"630618",40040,"Quincy/Wells","04/07/2001","A",1194,2001-04-07,4,"Apr",2001,7,"Saturday","(41.878723, -87.63374)","orange"
"630693",40040,"Quincy/Wells","09/21/2006","W",7511,2006-09-21,9,"Sep",2006,21,"Thursday","(41.878723, -87.63374)","orange"
"630893",40040,"Quincy/Wells","03/29/2005","W",6516,2005-03-29,3,"Mar",2005,29,"Tuesday","(41.878723, -87.63374)","orange"
"630961",40040,"Quincy/Wells","06/14/2009","U",1577,2009-06-14,6,"Jun",2009,14,"Sunday","(41.878723, -87.63374)","orange"
"631638",40040,"Quincy/Wells","08/01/2013","W",8977,2013-08-01,8,"Aug",2013,1,"Thursday","(41.878723, -87.63374)","orange"
"631806",40040,"Quincy/Wells","12/31/2005","A",1085,2005-12-31,12,"Dec",2005,31,"Saturday","(41.878723, -87.63374)","orange"
"631906",40040,"Quincy/Wells","08/20/2014","W",8550,2014-08-20,8,"Aug",2014,20,"Wednesday","(41.878723, -87.63374)","orange"
"631927",40040,"Quincy/Wells","12/09/2012","U",955,2012-12-09,12,"Dec",2012,9,"Sunday","(41.878723, -87.63374)","orange"
"631955",40040,"Quincy/Wells","10/12/2015","W",7851,2015-10-12,10,"Oct",2015,12,"Monday","(41.878723, -87.63374)","orange"
"631976",40040,"Quincy/Wells","05/11/2017","W",8165,2017-05-11,5,"May",2017,11,"Thursday","(41.878723, -87.63374)","orange"
"632022",40040,"Quincy/Wells","03/28/2016","W",8705,2016-03-28,3,"Mar",2016,28,"Monday","(41.878723, -87.63374)","orange"
"632399",40040,"Quincy/Wells","12/12/2001","W",7358,2001-12-12,12,"Dec",2001,12,"Wednesday","(41.878723, -87.63374)","orange"
"632528",40040,"Quincy/Wells","01/20/2004","W",6767,2004-01-20,1,"Jan",2004,20,"Tuesday","(41.878723, -87.63374)","orange"
"632538",40040,"Quincy/Wells","05/26/2005","W",6621,2005-05-26,5,"May",2005,26,"Thursday","(41.878723, -87.63374)","orange"
"632570",40040,"Quincy/Wells","02/05/2003","W",7290,2003-02-05,2,"Feb",2003,5,"Wednesday","(41.878723, -87.63374)","orange"
"632724",40040,"Quincy/Wells","10/19/2006","W",7659,2006-10-19,10,"Oct",2006,19,"Thursday","(41.878723, -87.63374)","orange"
"632763",40040,"Quincy/Wells","12/16/2005","W",5821,2005-12-16,12,"Dec",2005,16,"Friday","(41.878723, -87.63374)","orange"
"633271",40040,"Quincy/Wells","04/06/2012","W",5992,2012-04-06,4,"Apr",2012,6,"Friday","(41.878723, -87.63374)","orange"
"633380",40040,"Quincy/Wells","12/06/2010","W",7056,2010-12-06,12,"Dec",2010,6,"Monday","(41.878723, -87.63374)","orange"
"633413",40040,"Quincy/Wells","08/19/2016","W",7385,2016-08-19,8,"Aug",2016,19,"Friday","(41.878723, -87.63374)","orange"
"633540",40040,"Quincy/Wells","08/23/2002","W",6583,2002-08-23,8,"Aug",2002,23,"Friday","(41.878723, -87.63374)","orange"
"633674",40040,"Quincy/Wells","01/06/2017","W",7627,2017-01-06,1,"Jan",2017,6,"Friday","(41.878723, -87.63374)","orange"
"633933",40040,"Quincy/Wells","03/10/2010","W",7054,2010-03-10,3,"Mar",2010,10,"Wednesday","(41.878723, -87.63374)","orange"
"633976",40040,"Quincy/Wells","10/25/2007","W",7310,2007-10-25,10,"Oct",2007,25,"Thursday","(41.878723, -87.63374)","orange"
"634114",40040,"Quincy/Wells","09/06/2015","U",2083,2015-09-06,9,"Sep",2015,6,"Sunday","(41.878723, -87.63374)","orange"
"634154",40040,"Quincy/Wells","06/27/2012","W",8417,2012-06-27,6,"Jun",2012,27,"Wednesday","(41.878723, -87.63374)","orange"
"634230",40040,"Quincy/Wells","10/22/2013","W",9119,2013-10-22,10,"Oct",2013,22,"Tuesday","(41.878723, -87.63374)","orange"
"634648",40040,"Quincy/Wells","08/30/2012","W",8188,2012-08-30,8,"Aug",2012,30,"Thursday","(41.878723, -87.63374)","orange"
"634684",40040,"Quincy/Wells","07/17/2017","W",9019,2017-07-17,7,"Jul",2017,17,"Monday","(41.878723, -87.63374)","orange"
"634727",40040,"Quincy/Wells","05/12/2009","W",7417,2009-05-12,5,"May",2009,12,"Tuesday","(41.878723, -87.63374)","orange"
"634747",40040,"Quincy/Wells","02/23/2014","U",1400,2014-02-23,2,"Feb",2014,23,"Sunday","(41.878723, -87.63374)","orange"
"635063",40040,"Quincy/Wells","03/16/2003","U",906,2003-03-16,3,"Mar",2003,16,"Sunday","(41.878723, -87.63374)","orange"
"635261",40040,"Quincy/Wells","10/16/2007","W",7437,2007-10-16,10,"Oct",2007,16,"Tuesday","(41.878723, -87.63374)","orange"
"635301",40040,"Quincy/Wells","08/12/2010","W",7549,2010-08-12,8,"Aug",2010,12,"Thursday","(41.878723, -87.63374)","orange"
"636310",40040,"Quincy/Wells","06/06/2013","W",8480,2013-06-06,6,"Jun",2013,6,"Thursday","(41.878723, -87.63374)","orange"
"636333",40040,"Quincy/Wells","03/02/2002","A",901,2002-03-02,3,"Mar",2002,2,"Saturday","(41.878723, -87.63374)","orange"
"636488",40040,"Quincy/Wells","09/22/2014","W",8650,2014-09-22,9,"Sep",2014,22,"Monday","(41.878723, -87.63374)","orange"
"636676",40040,"Quincy/Wells","07/05/2014","A",2131,2014-07-05,7,"Jul",2014,5,"Saturday","(41.878723, -87.63374)","orange"
"636756",40040,"Quincy/Wells","04/18/2005","W",6417,2005-04-18,4,"Apr",2005,18,"Monday","(41.878723, -87.63374)","orange"
"636893",40040,"Quincy/Wells","12/17/2006","U",810,2006-12-17,12,"Dec",2006,17,"Sunday","(41.878723, -87.63374)","orange"
"637297",40040,"Quincy/Wells","03/14/2017","W",8604,2017-03-14,3,"Mar",2017,14,"Tuesday","(41.878723, -87.63374)","orange"
"637302",40040,"Quincy/Wells","01/21/2012","A",1475,2012-01-21,1,"Jan",2012,21,"Saturday","(41.878723, -87.63374)","orange"
"637306",40040,"Quincy/Wells","04/11/2008","W",7094,2008-04-11,4,"Apr",2008,11,"Friday","(41.878723, -87.63374)","orange"
"637395",40040,"Quincy/Wells","01/31/2007","W",6999,2007-01-31,1,"Jan",2007,31,"Wednesday","(41.878723, -87.63374)","orange"
"637584",40040,"Quincy/Wells","10/30/2004","A",1134,2004-10-30,10,"Oct",2004,30,"Saturday","(41.878723, -87.63374)","orange"
"637694",40040,"Quincy/Wells","12/17/2010","W",6167,2010-12-17,12,"Dec",2010,17,"Friday","(41.878723, -87.63374)","orange"
"637710",40040,"Quincy/Wells","12/10/2003","W",6704,2003-12-10,12,"Dec",2003,10,"Wednesday","(41.878723, -87.63374)","orange"
"637803",40040,"Quincy/Wells","02/05/2010","W",6848,2010-02-05,2,"Feb",2010,5,"Friday","(41.878723, -87.63374)","orange"
"637920",40040,"Quincy/Wells","12/30/2009","W",5656,2009-12-30,12,"Dec",2009,30,"Wednesday","(41.878723, -87.63374)","orange"
"638020",40040,"Quincy/Wells","03/13/2014","W",8942,2014-03-13,3,"Mar",2014,13,"Thursday","(41.878723, -87.63374)","orange"
"638040",40040,"Quincy/Wells","03/13/2007","W",7359,2007-03-13,3,"Mar",2007,13,"Tuesday","(41.878723, -87.63374)","orange"
"638053",40040,"Quincy/Wells","06/13/2003","W",6353,2003-06-13,6,"Jun",2003,13,"Friday","(41.878723, -87.63374)","orange"
"638087",40040,"Quincy/Wells","07/24/2005","U",897,2005-07-24,7,"Jul",2005,24,"Sunday","(41.878723, -87.63374)","orange"
"638193",40040,"Quincy/Wells","09/26/2016","W",8459,2016-09-26,9,"Sep",2016,26,"Monday","(41.878723, -87.63374)","orange"
"638278",40040,"Quincy/Wells","08/05/2001","U",785,2001-08-05,8,"Aug",2001,5,"Sunday","(41.878723, -87.63374)","orange"
"638374",40040,"Quincy/Wells","04/13/2004","W",6550,2004-04-13,4,"Apr",2004,13,"Tuesday","(41.878723, -87.63374)","orange"
"638474",40040,"Quincy/Wells","12/16/2009","W",6841,2009-12-16,12,"Dec",2009,16,"Wednesday","(41.878723, -87.63374)","orange"
"638476",40040,"Quincy/Wells","09/28/2016","W",8584,2016-09-28,9,"Sep",2016,28,"Wednesday","(41.878723, -87.63374)","orange"
"638650",40040,"Quincy/Wells","04/12/2008","A",1521,2008-04-12,4,"Apr",2008,12,"Saturday","(41.878723, -87.63374)","orange"
"638914",40040,"Quincy/Wells","06/17/2017","A",1672,2017-06-17,6,"Jun",2017,17,"Saturday","(41.878723, -87.63374)","orange"
"639157",40040,"Quincy/Wells","04/30/2012","W",7969,2012-04-30,4,"Apr",2012,30,"Monday","(41.878723, -87.63374)","orange"
"639165",40040,"Quincy/Wells","08/17/2004","W",6531,2004-08-17,8,"Aug",2004,17,"Tuesday","(41.878723, -87.63374)","orange"
"639178",40040,"Quincy/Wells","09/18/2014","W",8489,2014-09-18,9,"Sep",2014,18,"Thursday","(41.878723, -87.63374)","orange"
"639324",40040,"Quincy/Wells","05/18/2005","W",6426,2005-05-18,5,"May",2005,18,"Wednesday","(41.878723, -87.63374)","orange"
"639798",40040,"Quincy/Wells","03/12/2005","A",1190,2005-03-12,3,"Mar",2005,12,"Saturday","(41.878723, -87.63374)","orange"
"639890",40040,"Quincy/Wells","08/04/2013","U",2034,2013-08-04,8,"Aug",2013,4,"Sunday","(41.878723, -87.63374)","orange"
"639936",40040,"Quincy/Wells","07/04/2011","U",1913,2011-07-04,7,"Jul",2011,4,"Monday","(41.878723, -87.63374)","orange"
"639950",40040,"Quincy/Wells","08/20/2006","U",1559,2006-08-20,8,"Aug",2006,20,"Sunday","(41.878723, -87.63374)","orange"
"640081",40040,"Quincy/Wells","04/23/2005","A",1206,2005-04-23,4,"Apr",2005,23,"Saturday","(41.878723, -87.63374)","orange"
"640105",40040,"Quincy/Wells","11/12/2006","U",1339,2006-11-12,11,"Nov",2006,12,"Sunday","(41.878723, -87.63374)","orange"
"640188",40040,"Quincy/Wells","05/01/2012","W",8238,2012-05-01,5,"May",2012,1,"Tuesday","(41.878723, -87.63374)","orange"
"640374",40040,"Quincy/Wells","06/24/2013","W",8859,2013-06-24,6,"Jun",2013,24,"Monday","(41.878723, -87.63374)","orange"
"640897",40040,"Quincy/Wells","12/07/2005","W",6433,2005-12-07,12,"Dec",2005,7,"Wednesday","(41.878723, -87.63374)","orange"
"640912",40040,"Quincy/Wells","05/11/2007","W",6144,2007-05-11,5,"May",2007,11,"Friday","(41.878723, -87.63374)","orange"
"640972",40040,"Quincy/Wells","03/22/2006","W",6725,2006-03-22,3,"Mar",2006,22,"Wednesday","(41.878723, -87.63374)","orange"
"641046",40040,"Quincy/Wells","03/22/2014","A",2212,2014-03-22,3,"Mar",2014,22,"Saturday","(41.878723, -87.63374)","orange"
"641222",40040,"Quincy/Wells","07/31/2012","W",8838,2012-07-31,7,"Jul",2012,31,"Tuesday","(41.878723, -87.63374)","orange"
"641375",40040,"Quincy/Wells","01/25/2014","A",1601,2014-01-25,1,"Jan",2014,25,"Saturday","(41.878723, -87.63374)","orange"
"641542",40040,"Quincy/Wells","10/06/2012","A",2194,2012-10-06,10,"Oct",2012,6,"Saturday","(41.878723, -87.63374)","orange"
"641835",40040,"Quincy/Wells","07/24/2014","W",8903,2014-07-24,7,"Jul",2014,24,"Thursday","(41.878723, -87.63374)","orange"
"642066",40040,"Quincy/Wells","09/13/2004","W",7022,2004-09-13,9,"Sep",2004,13,"Monday","(41.878723, -87.63374)","orange"
"642158",40040,"Quincy/Wells","02/27/2013","W",8342,2013-02-27,2,"Feb",2013,27,"Wednesday","(41.878723, -87.63374)","orange"
"642416",40040,"Quincy/Wells","10/14/2010","W",7470,2010-10-14,10,"Oct",2010,14,"Thursday","(41.878723, -87.63374)","orange"
"642775",40040,"Quincy/Wells","05/05/2005","W",6272,2005-05-05,5,"May",2005,5,"Thursday","(41.878723, -87.63374)","orange"
"642927",40040,"Quincy/Wells","02/07/2017","W",8002,2017-02-07,2,"Feb",2017,7,"Tuesday","(41.878723, -87.63374)","orange"
"643180",40040,"Quincy/Wells","07/10/2013","W",8879,2013-07-10,7,"Jul",2013,10,"Wednesday","(41.878723, -87.63374)","orange"
"643249",40040,"Quincy/Wells","08/31/2010","W",7621,2010-08-31,8,"Aug",2010,31,"Tuesday","(41.878723, -87.63374)","orange"
"643256",40040,"Quincy/Wells","01/17/2004","A",893,2004-01-17,1,"Jan",2004,17,"Saturday","(41.878723, -87.63374)","orange"
"643443",40040,"Quincy/Wells","11/09/2017","W",8565,2017-11-09,11,"Nov",2017,9,"Thursday","(41.878723, -87.63374)","orange"
"643484",40040,"Quincy/Wells","10/29/2007","W",7206,2007-10-29,10,"Oct",2007,29,"Monday","(41.878723, -87.63374)","orange"
"643518",40040,"Quincy/Wells","07/21/2011","W",8522,2011-07-21,7,"Jul",2011,21,"Thursday","(41.878723, -87.63374)","orange"
"643923",40040,"Quincy/Wells","01/11/2005","W",6644,2005-01-11,1,"Jan",2005,11,"Tuesday","(41.878723, -87.63374)","orange"
"643936",40040,"Quincy/Wells","08/23/2014","A",1919,2014-08-23,8,"Aug",2014,23,"Saturday","(41.878723, -87.63374)","orange"
"644099",40040,"Quincy/Wells","06/19/2001","W",8607,2001-06-19,6,"Jun",2001,19,"Tuesday","(41.878723, -87.63374)","orange"
"644302",40040,"Quincy/Wells","01/19/2002","A",924,2002-01-19,1,"Jan",2002,19,"Saturday","(41.878723, -87.63374)","orange"
"644352",40040,"Quincy/Wells","06/15/2003","U",807,2003-06-15,6,"Jun",2003,15,"Sunday","(41.878723, -87.63374)","orange"
"644361",40040,"Quincy/Wells","07/07/2003","W",7219,2003-07-07,7,"Jul",2003,7,"Monday","(41.878723, -87.63374)","orange"
"644531",40040,"Quincy/Wells","09/12/2012","W",8660,2012-09-12,9,"Sep",2012,12,"Wednesday","(41.878723, -87.63374)","orange"
"644602",40040,"Quincy/Wells","10/11/2007","W",7327,2007-10-11,10,"Oct",2007,11,"Thursday","(41.878723, -87.63374)","orange"
"644772",40040,"Quincy/Wells","04/30/2013","W",3051,2013-04-30,4,"Apr",2013,30,"Tuesday","(41.878723, -87.63374)","orange"
"644904",40040,"Quincy/Wells","06/21/2010","W",7491,2010-06-21,6,"Jun",2010,21,"Monday","(41.878723, -87.63374)","orange"
"644924",40040,"Quincy/Wells","01/16/2010","A",1603,2010-01-16,1,"Jan",2010,16,"Saturday","(41.878723, -87.63374)","orange"
"644977",40040,"Quincy/Wells","09/18/2010","A",1758,2010-09-18,9,"Sep",2010,18,"Saturday","(41.878723, -87.63374)","orange"
"645249",40040,"Quincy/Wells","06/24/2010","W",7502,2010-06-24,6,"Jun",2010,24,"Thursday","(41.878723, -87.63374)","orange"
"645434",40040,"Quincy/Wells","01/16/2001","W",8227,2001-01-16,1,"Jan",2001,16,"Tuesday","(41.878723, -87.63374)","orange"
"645833",40040,"Quincy/Wells","10/14/2007","U",1565,2007-10-14,10,"Oct",2007,14,"Sunday","(41.878723, -87.63374)","orange"
"645938",40040,"Quincy/Wells","02/24/2001","A",855,2001-02-24,2,"Feb",2001,24,"Saturday","(41.878723, -87.63374)","orange"
"646154",40040,"Quincy/Wells","05/18/2017","W",8337,2017-05-18,5,"May",2017,18,"Thursday","(41.878723, -87.63374)","orange"
"646609",40040,"Quincy/Wells","04/25/2005","W",6586,2005-04-25,4,"Apr",2005,25,"Monday","(41.878723, -87.63374)","orange"
"646712",40040,"Quincy/Wells","05/28/2002","W",7838,2002-05-28,5,"May",2002,28,"Tuesday","(41.878723, -87.63374)","orange"
"646744",40040,"Quincy/Wells","07/14/2008","W",7609,2008-07-14,7,"Jul",2008,14,"Monday","(41.878723, -87.63374)","orange"
"646959",40040,"Quincy/Wells","08/30/2004","W",6852,2004-08-30,8,"Aug",2004,30,"Monday","(41.878723, -87.63374)","orange"
"647216",40040,"Quincy/Wells","07/08/2015","W",8419,2015-07-08,7,"Jul",2015,8,"Wednesday","(41.878723, -87.63374)","orange"
"647263",40040,"Quincy/Wells","08/30/2011","W",8208,2011-08-30,8,"Aug",2011,30,"Tuesday","(41.878723, -87.63374)","orange"
"647426",40040,"Quincy/Wells","05/19/2001","A",1161,2001-05-19,5,"May",2001,19,"Saturday","(41.878723, -87.63374)","orange"
"647500",40040,"Quincy/Wells","06/02/2007","A",1399,2007-06-02,6,"Jun",2007,2,"Saturday","(41.878723, -87.63374)","orange"
"647735",40040,"Quincy/Wells","09/24/2006","U",1265,2006-09-24,9,"Sep",2006,24,"Sunday","(41.878723, -87.63374)","orange"
"647959",40040,"Quincy/Wells","11/06/2001","W",7904,2001-11-06,11,"Nov",2001,6,"Tuesday","(41.878723, -87.63374)","orange"
"647964",40040,"Quincy/Wells","01/26/2010","W",7492,2010-01-26,1,"Jan",2010,26,"Tuesday","(41.878723, -87.63374)","orange"
"648007",40040,"Quincy/Wells","11/02/2014","U",1857,2014-11-02,11,"Nov",2014,2,"Sunday","(41.878723, -87.63374)","orange"
"648101",40040,"Quincy/Wells","01/25/2001","W",8022,2001-01-25,1,"Jan",2001,25,"Thursday","(41.878723, -87.63374)","orange"
"648133",40040,"Quincy/Wells","03/27/2001","W",8320,2001-03-27,3,"Mar",2001,27,"Tuesday","(41.878723, -87.63374)","orange"
"648275",40040,"Quincy/Wells","01/19/2013","A",1719,2013-01-19,1,"Jan",2013,19,"Saturday","(41.878723, -87.63374)","orange"
"648449",40040,"Quincy/Wells","06/11/2001","W",8522,2001-06-11,6,"Jun",2001,11,"Monday","(41.878723, -87.63374)","orange"
"648473",40040,"Quincy/Wells","09/25/2009","W",7091,2009-09-25,9,"Sep",2009,25,"Friday","(41.878723, -87.63374)","orange"
"648540",40040,"Quincy/Wells","12/26/2008","W",2536,2008-12-26,12,"Dec",2008,26,"Friday","(41.878723, -87.63374)","orange"
"648546",40040,"Quincy/Wells","07/03/2001","W",8858,2001-07-03,7,"Jul",2001,3,"Tuesday","(41.878723, -87.63374)","orange"
"648689",40040,"Quincy/Wells","01/13/2011","W",7549,2011-01-13,1,"Jan",2011,13,"Thursday","(41.878723, -87.63374)","orange"
"648921",40040,"Quincy/Wells","08/03/2002","A",1192,2002-08-03,8,"Aug",2002,3,"Saturday","(41.878723, -87.63374)","orange"
"649122",40040,"Quincy/Wells","05/24/2010","W",7432,2010-05-24,5,"May",2010,24,"Monday","(41.878723, -87.63374)","orange"
"649148",40040,"Quincy/Wells","02/05/2007","W",6173,2007-02-05,2,"Feb",2007,5,"Monday","(41.878723, -87.63374)","orange"
"649521",40040,"Quincy/Wells","10/14/2017","A",1397,2017-10-14,10,"Oct",2017,14,"Saturday","(41.878723, -87.63374)","orange"
"649613",40040,"Quincy/Wells","03/23/2009","W",7260,2009-03-23,3,"Mar",2009,23,"Monday","(41.878723, -87.63374)","orange"
"649637",40040,"Quincy/Wells","02/11/2002","W",7708,2002-02-11,2,"Feb",2002,11,"Monday","(41.878723, -87.63374)","orange"
"649664",40040,"Quincy/Wells","10/13/2012","A",1784,2012-10-13,10,"Oct",2012,13,"Saturday","(41.878723, -87.63374)","orange"
"649685",40040,"Quincy/Wells","05/02/2002","W",7543,2002-05-02,5,"May",2002,2,"Thursday","(41.878723, -87.63374)","orange"
"649731",40040,"Quincy/Wells","07/18/2010","U",1824,2010-07-18,7,"Jul",2010,18,"Sunday","(41.878723, -87.63374)","orange"
"650081",40040,"Quincy/Wells","03/20/2003","W",7046,2003-03-20,3,"Mar",2003,20,"Thursday","(41.878723, -87.63374)","orange"
"650090",40040,"Quincy/Wells","09/15/2015","W",8415,2015-09-15,9,"Sep",2015,15,"Tuesday","(41.878723, -87.63374)","orange"
"650515",40040,"Quincy/Wells","08/22/2007","W",6727,2007-08-22,8,"Aug",2007,22,"Wednesday","(41.878723, -87.63374)","orange"
"650657",40040,"Quincy/Wells","04/14/2008","W",7384,2008-04-14,4,"Apr",2008,14,"Monday","(41.878723, -87.63374)","orange"
"650813",40040,"Quincy/Wells","12/21/2008","U",741,2008-12-21,12,"Dec",2008,21,"Sunday","(41.878723, -87.63374)","orange"
"650984",40040,"Quincy/Wells","07/25/2004","U",997,2004-07-25,7,"Jul",2004,25,"Sunday","(41.878723, -87.63374)","orange"
"650986",40040,"Quincy/Wells","10/10/2008","W",7319,2008-10-10,10,"Oct",2008,10,"Friday","(41.878723, -87.63374)","orange"
"651047",40040,"Quincy/Wells","01/16/2005","U",555,2005-01-16,1,"Jan",2005,16,"Sunday","(41.878723, -87.63374)","orange"
"651067",40040,"Quincy/Wells","10/17/2002","W",7464,2002-10-17,10,"Oct",2002,17,"Thursday","(41.878723, -87.63374)","orange"
"651135",40040,"Quincy/Wells","05/04/2013","A",732,2013-05-04,5,"May",2013,4,"Saturday","(41.878723, -87.63374)","orange"
"651338",40040,"Quincy/Wells","08/11/2001","A",1269,2001-08-11,8,"Aug",2001,11,"Saturday","(41.878723, -87.63374)","orange"
"651346",40040,"Quincy/Wells","10/04/2014","A",1674,2014-10-04,10,"Oct",2014,4,"Saturday","(41.878723, -87.63374)","orange"
"651354",40040,"Quincy/Wells","01/29/2002","W",7919,2002-01-29,1,"Jan",2002,29,"Tuesday","(41.878723, -87.63374)","orange"
"651499",40040,"Quincy/Wells","10/23/2003","W",7095,2003-10-23,10,"Oct",2003,23,"Thursday","(41.878723, -87.63374)","orange"
"651797",40040,"Quincy/Wells","10/09/2002","W",7604,2002-10-09,10,"Oct",2002,9,"Wednesday","(41.878723, -87.63374)","orange"
"651904",40040,"Quincy/Wells","05/22/2012","W",8033,2012-05-22,5,"May",2012,22,"Tuesday","(41.878723, -87.63374)","orange"
"652603",40040,"Quincy/Wells","05/10/2002","W",7028,2002-05-10,5,"May",2002,10,"Friday","(41.878723, -87.63374)","orange"
"652679",40040,"Quincy/Wells","07/15/2002","W",8047,2002-07-15,7,"Jul",2002,15,"Monday","(41.878723, -87.63374)","orange"
"652746",40040,"Quincy/Wells","09/08/2009","W",7671,2009-09-08,9,"Sep",2009,8,"Tuesday","(41.878723, -87.63374)","orange"
"652753",40040,"Quincy/Wells","07/20/2013","A",2837,2013-07-20,7,"Jul",2013,20,"Saturday","(41.878723, -87.63374)","orange"
"653180",40040,"Quincy/Wells","08/07/2005","U",1061,2005-08-07,8,"Aug",2005,7,"Sunday","(41.878723, -87.63374)","orange"
"653644",40040,"Quincy/Wells","10/15/2004","W",6259,2004-10-15,10,"Oct",2004,15,"Friday","(41.878723, -87.63374)","orange"
"653704",40040,"Quincy/Wells","06/20/2011","W",8114,2011-06-20,6,"Jun",2011,20,"Monday","(41.878723, -87.63374)","orange"
"653761",40040,"Quincy/Wells","12/24/2002","W",2743,2002-12-24,12,"Dec",2002,24,"Tuesday","(41.878723, -87.63374)","orange"
"653788",40040,"Quincy/Wells","08/17/2011","W",8226,2011-08-17,8,"Aug",2011,17,"Wednesday","(41.878723, -87.63374)","orange"
"654004",40040,"Quincy/Wells","08/14/2004","A",1181,2004-08-14,8,"Aug",2004,14,"Saturday","(41.878723, -87.63374)","orange"
"654011",40040,"Quincy/Wells","05/01/2014","W",8653,2014-05-01,5,"May",2014,1,"Thursday","(41.878723, -87.63374)","orange"
"654028",40040,"Quincy/Wells","11/09/2001","W",7432,2001-11-09,11,"Nov",2001,9,"Friday","(41.878723, -87.63374)","orange"
"654054",40040,"Quincy/Wells","11/20/2009","W",6732,2009-11-20,11,"Nov",2009,20,"Friday","(41.878723, -87.63374)","orange"
"654097",40040,"Quincy/Wells","11/03/2015","W",8376,2015-11-03,11,"Nov",2015,3,"Tuesday","(41.878723, -87.63374)","orange"
"654158",40040,"Quincy/Wells","09/08/2010","W",7486,2010-09-08,9,"Sep",2010,8,"Wednesday","(41.878723, -87.63374)","orange"
"654219",40040,"Quincy/Wells","09/14/2015","W",8228,2015-09-14,9,"Sep",2015,14,"Monday","(41.878723, -87.63374)","orange"
"654314",40040,"Quincy/Wells","06/21/2012","W",8154,2012-06-21,6,"Jun",2012,21,"Thursday","(41.878723, -87.63374)","orange"
"654348",40040,"Quincy/Wells","02/28/2013","W",8180,2013-02-28,2,"Feb",2013,28,"Thursday","(41.878723, -87.63374)","orange"
"654397",40040,"Quincy/Wells","02/27/2016","A",1417,2016-02-27,2,"Feb",2016,27,"Saturday","(41.878723, -87.63374)","orange"
"654486",40040,"Quincy/Wells","12/11/2005","U",715,2005-12-11,12,"Dec",2005,11,"Sunday","(41.878723, -87.63374)","orange"
"654699",40040,"Quincy/Wells","06/01/2003","U",830,2003-06-01,6,"Jun",2003,1,"Sunday","(41.878723, -87.63374)","orange"
"654857",40040,"Quincy/Wells","09/25/2005","U",1068,2005-09-25,9,"Sep",2005,25,"Sunday","(41.878723, -87.63374)","orange"
"655067",40040,"Quincy/Wells","12/25/2013","U",812,2013-12-25,12,"Dec",2013,25,"Wednesday","(41.878723, -87.63374)","orange"
"655107",40040,"Quincy/Wells","05/03/2003","A",1211,2003-05-03,5,"May",2003,3,"Saturday","(41.878723, -87.63374)","orange"
"655171",40040,"Quincy/Wells","04/14/2002","U",745,2002-04-14,4,"Apr",2002,14,"Sunday","(41.878723, -87.63374)","orange"
"655392",40040,"Quincy/Wells","07/07/2010","W",7650,2010-07-07,7,"Jul",2010,7,"Wednesday","(41.878723, -87.63374)","orange"
"655700",40040,"Quincy/Wells","08/22/2017","W",8366,2017-08-22,8,"Aug",2017,22,"Tuesday","(41.878723, -87.63374)","orange"
"656068",40040,"Quincy/Wells","02/17/2012","W",7529,2012-02-17,2,"Feb",2012,17,"Friday","(41.878723, -87.63374)","orange"
"656195",40040,"Quincy/Wells","11/11/2013","W",8033,2013-11-11,11,"Nov",2013,11,"Monday","(41.878723, -87.63374)","orange"
"656252",40040,"Quincy/Wells","10/07/2010","W",7598,2010-10-07,10,"Oct",2010,7,"Thursday","(41.878723, -87.63374)","orange"
"656373",40040,"Quincy/Wells","03/15/2008","A",2041,2008-03-15,3,"Mar",2008,15,"Saturday","(41.878723, -87.63374)","orange"
"657096",40040,"Quincy/Wells","10/05/2007","W",6892,2007-10-05,10,"Oct",2007,5,"Friday","(41.878723, -87.63374)","orange"
"657163",40040,"Quincy/Wells","04/12/2011","W",7709,2011-04-12,4,"Apr",2011,12,"Tuesday","(41.878723, -87.63374)","orange"
"657217",40040,"Quincy/Wells","08/12/2004","W",6603,2004-08-12,8,"Aug",2004,12,"Thursday","(41.878723, -87.63374)","orange"
"657263",40040,"Quincy/Wells","11/08/2014","A",1770,2014-11-08,11,"Nov",2014,8,"Saturday","(41.878723, -87.63374)","orange"
"657309",40040,"Quincy/Wells","12/01/2002","U",793,2002-12-01,12,"Dec",2002,1,"Sunday","(41.878723, -87.63374)","orange"
"657590",40040,"Quincy/Wells","08/13/2015","W",8152,2015-08-13,8,"Aug",2015,13,"Thursday","(41.878723, -87.63374)","orange"
"657689",40040,"Quincy/Wells","07/07/2002","U",936,2002-07-07,7,"Jul",2002,7,"Sunday","(41.878723, -87.63374)","orange"
"658062",40040,"Quincy/Wells","12/19/2016","W",7449,2016-12-19,12,"Dec",2016,19,"Monday","(41.878723, -87.63374)","orange"
"658515",40040,"Quincy/Wells","09/07/2004","W",6746,2004-09-07,9,"Sep",2004,7,"Tuesday","(41.878723, -87.63374)","orange"
"658576",40040,"Quincy/Wells","05/10/2003","A",995,2003-05-10,5,"May",2003,10,"Saturday","(41.878723, -87.63374)","orange"
"658590",40040,"Quincy/Wells","12/03/2004","W",5925,2004-12-03,12,"Dec",2004,3,"Friday","(41.878723, -87.63374)","orange"
"658599",40040,"Quincy/Wells","02/07/2013","W",8730,2013-02-07,2,"Feb",2013,7,"Thursday","(41.878723, -87.63374)","orange"
"658738",40040,"Quincy/Wells","11/25/2003","W",6775,2003-11-25,11,"Nov",2003,25,"Tuesday","(41.878723, -87.63374)","orange"
"658898",40040,"Quincy/Wells","10/14/2009","W",7639,2009-10-14,10,"Oct",2009,14,"Wednesday","(41.878723, -87.63374)","orange"
"658934",40040,"Quincy/Wells","03/10/2015","W",8201,2015-03-10,3,"Mar",2015,10,"Tuesday","(41.878723, -87.63374)","orange"
"659128",40040,"Quincy/Wells","01/02/2015","W",4645,2015-01-02,1,"Jan",2015,2,"Friday","(41.878723, -87.63374)","orange"
"659165",40040,"Quincy/Wells","07/16/2007","W",7258,2007-07-16,7,"Jul",2007,16,"Monday","(41.878723, -87.63374)","orange"
"659215",40040,"Quincy/Wells","06/22/2015","W",8469,2015-06-22,6,"Jun",2015,22,"Monday","(41.878723, -87.63374)","orange"
"659289",40040,"Quincy/Wells","06/19/2013","W",8566,2013-06-19,6,"Jun",2013,19,"Wednesday","(41.878723, -87.63374)","orange"
"659452",40040,"Quincy/Wells","04/30/2015","W",7916,2015-04-30,4,"Apr",2015,30,"Thursday","(41.878723, -87.63374)","orange"
"659575",40040,"Quincy/Wells","11/16/2011","W",8535,2011-11-16,11,"Nov",2011,16,"Wednesday","(41.878723, -87.63374)","orange"
"659588",40040,"Quincy/Wells","10/04/2008","A",2231,2008-10-04,10,"Oct",2008,4,"Saturday","(41.878723, -87.63374)","orange"
"659711",40040,"Quincy/Wells","07/26/2010","W",7839,2010-07-26,7,"Jul",2010,26,"Monday","(41.878723, -87.63374)","orange"
"659898",40040,"Quincy/Wells","08/12/2008","W",7586,2008-08-12,8,"Aug",2008,12,"Tuesday","(41.878723, -87.63374)","orange"
"660037",40040,"Quincy/Wells","11/13/2008","W",7397,2008-11-13,11,"Nov",2008,13,"Thursday","(41.878723, -87.63374)","orange"
"660050",40040,"Quincy/Wells","03/27/2012","W",8011,2012-03-27,3,"Mar",2012,27,"Tuesday","(41.878723, -87.63374)","orange"
"660056",40040,"Quincy/Wells","11/20/2016","U",1137,2016-11-20,11,"Nov",2016,20,"Sunday","(41.878723, -87.63374)","orange"
"660121",40040,"Quincy/Wells","07/13/2013","A",2422,2013-07-13,7,"Jul",2013,13,"Saturday","(41.878723, -87.63374)","orange"
"660125",40040,"Quincy/Wells","04/15/2006","A",1081,2006-04-15,4,"Apr",2006,15,"Saturday","(41.878723, -87.63374)","orange"
"660747",40040,"Quincy/Wells","08/14/2007","W",6953,2007-08-14,8,"Aug",2007,14,"Tuesday","(41.878723, -87.63374)","orange"
"660810",40040,"Quincy/Wells","04/02/2017","U",1230,2017-04-02,4,"Apr",2017,2,"Sunday","(41.878723, -87.63374)","orange"
"661194",40040,"Quincy/Wells","08/15/2012","W",8648,2012-08-15,8,"Aug",2012,15,"Wednesday","(41.878723, -87.63374)","orange"
"661375",40040,"Quincy/Wells","09/19/2005","W",6935,2005-09-19,9,"Sep",2005,19,"Monday","(41.878723, -87.63374)","orange"
"661494",40040,"Quincy/Wells","08/29/2015","A",1109,2015-08-29,8,"Aug",2015,29,"Saturday","(41.878723, -87.63374)","orange"
"661500",40040,"Quincy/Wells","09/28/2011","W",8498,2011-09-28,9,"Sep",2011,28,"Wednesday","(41.878723, -87.63374)","orange"
"661915",40040,"Quincy/Wells","02/22/2015","U",1257,2015-02-22,2,"Feb",2015,22,"Sunday","(41.878723, -87.63374)","orange"
"661938",40040,"Quincy/Wells","05/29/2012","W",6678,2012-05-29,5,"May",2012,29,"Tuesday","(41.878723, -87.63374)","orange"
"662245",40040,"Quincy/Wells","01/13/2001","A",911,2001-01-13,1,"Jan",2001,13,"Saturday","(41.878723, -87.63374)","orange"
"662257",40040,"Quincy/Wells","09/16/2011","W",8031,2011-09-16,9,"Sep",2011,16,"Friday","(41.878723, -87.63374)","orange"
"662259",40040,"Quincy/Wells","12/16/2016","W",7026,2016-12-16,12,"Dec",2016,16,"Friday","(41.878723, -87.63374)","orange"
"662295",40040,"Quincy/Wells","06/27/2003","W",6428,2003-06-27,6,"Jun",2003,27,"Friday","(41.878723, -87.63374)","orange"
"662368",40040,"Quincy/Wells","06/02/2012","A",0,2012-06-02,6,"Jun",2012,2,"Saturday","(41.878723, -87.63374)","orange"
"662391",40040,"Quincy/Wells","12/15/2011","W",7778,2011-12-15,12,"Dec",2011,15,"Thursday","(41.878723, -87.63374)","orange"
"662399",40040,"Quincy/Wells","05/11/2001","W",7449,2001-05-11,5,"May",2001,11,"Friday","(41.878723, -87.63374)","orange"
"662409",40040,"Quincy/Wells","09/01/2006","W",6432,2006-09-01,9,"Sep",2006,1,"Friday","(41.878723, -87.63374)","orange"
"662492",40040,"Quincy/Wells","11/17/2008","W",7422,2008-11-17,11,"Nov",2008,17,"Monday","(41.878723, -87.63374)","orange"
"662523",40040,"Quincy/Wells","10/02/2009","W",7519,2009-10-02,10,"Oct",2009,2,"Friday","(41.878723, -87.63374)","orange"
"662841",40040,"Quincy/Wells","12/23/2008","W",5718,2008-12-23,12,"Dec",2008,23,"Tuesday","(41.878723, -87.63374)","orange"
"663517",40040,"Quincy/Wells","09/23/2014","W",8493,2014-09-23,9,"Sep",2014,23,"Tuesday","(41.878723, -87.63374)","orange"
"663643",40040,"Quincy/Wells","06/30/2014","W",8445,2014-06-30,6,"Jun",2014,30,"Monday","(41.878723, -87.63374)","orange"
"663760",40040,"Quincy/Wells","12/31/2002","W",5059,2002-12-31,12,"Dec",2002,31,"Tuesday","(41.878723, -87.63374)","orange"
"663868",40040,"Quincy/Wells","06/10/2012","U",1506,2012-06-10,6,"Jun",2012,10,"Sunday","(41.878723, -87.63374)","orange"
"663986",40040,"Quincy/Wells","03/06/2004","A",1147,2004-03-06,3,"Mar",2004,6,"Saturday","(41.878723, -87.63374)","orange"
"664021",40040,"Quincy/Wells","01/05/2012","W",8393,2012-01-05,1,"Jan",2012,5,"Thursday","(41.878723, -87.63374)","orange"
"664239",40040,"Quincy/Wells","01/28/2006","A",980,2006-01-28,1,"Jan",2006,28,"Saturday","(41.878723, -87.63374)","orange"
"664302",40040,"Quincy/Wells","11/16/2005","W",6793,2005-11-16,11,"Nov",2005,16,"Wednesday","(41.878723, -87.63374)","orange"
"664397",40040,"Quincy/Wells","11/17/2013","U",1309,2013-11-17,11,"Nov",2013,17,"Sunday","(41.878723, -87.63374)","orange"
"664444",40040,"Quincy/Wells","07/15/2014","W",8811,2014-07-15,7,"Jul",2014,15,"Tuesday","(41.878723, -87.63374)","orange"
"664798",40040,"Quincy/Wells","11/05/2004","W",6531,2004-11-05,11,"Nov",2004,5,"Friday","(41.878723, -87.63374)","orange"
"664889",40040,"Quincy/Wells","12/31/2008","W",5436,2008-12-31,12,"Dec",2008,31,"Wednesday","(41.878723, -87.63374)","orange"
"664945",40040,"Quincy/Wells","10/27/2014","W",8549,2014-10-27,10,"Oct",2014,27,"Monday","(41.878723, -87.63374)","orange"
"665163",40040,"Quincy/Wells","06/16/2015","W",8549,2015-06-16,6,"Jun",2015,16,"Tuesday","(41.878723, -87.63374)","orange"
"665241",40040,"Quincy/Wells","05/04/2011","W",7789,2011-05-04,5,"May",2011,4,"Wednesday","(41.878723, -87.63374)","orange"
"665276",40040,"Quincy/Wells","12/08/2014","W",8155,2014-12-08,12,"Dec",2014,8,"Monday","(41.878723, -87.63374)","orange"
"665313",40040,"Quincy/Wells","11/30/2017","W",8242,2017-11-30,11,"Nov",2017,30,"Thursday","(41.878723, -87.63374)","orange"
"665318",40040,"Quincy/Wells","11/28/2016","W",8399,2016-11-28,11,"Nov",2016,28,"Monday","(41.878723, -87.63374)","orange"
"665375",40040,"Quincy/Wells","07/03/2003","W",6709,2003-07-03,7,"Jul",2003,3,"Thursday","(41.878723, -87.63374)","orange"
"665413",40040,"Quincy/Wells","05/30/2009","A",1754,2009-05-30,5,"May",2009,30,"Saturday","(41.878723, -87.63374)","orange"
"665431",40040,"Quincy/Wells","12/21/2013","A",1629,2013-12-21,12,"Dec",2013,21,"Saturday","(41.878723, -87.63374)","orange"
"665535",40040,"Quincy/Wells","07/12/2005","W",7121,2005-07-12,7,"Jul",2005,12,"Tuesday","(41.878723, -87.63374)","orange"
"665957",40040,"Quincy/Wells","12/25/2001","U",226,2001-12-25,12,"Dec",2001,25,"Tuesday","(41.878723, -87.63374)","orange"
"665995",40040,"Quincy/Wells","10/20/2010","W",7303,2010-10-20,10,"Oct",2010,20,"Wednesday","(41.878723, -87.63374)","orange"
"666122",40040,"Quincy/Wells","04/21/2016","W",7748,2016-04-21,4,"Apr",2016,21,"Thursday","(41.878723, -87.63374)","orange"
"666430",40040,"Quincy/Wells","01/01/2011","U",956,2011-01-01,1,"Jan",2011,1,"Saturday","(41.878723, -87.63374)","orange"
"666575",40040,"Quincy/Wells","03/28/2010","U",1434,2010-03-28,3,"Mar",2010,28,"Sunday","(41.878723, -87.63374)","orange"
"666941",40040,"Quincy/Wells","11/15/2013","W",8228,2013-11-15,11,"Nov",2013,15,"Friday","(41.878723, -87.63374)","orange"
"667191",40040,"Quincy/Wells","03/16/2012","W",7611,2012-03-16,3,"Mar",2012,16,"Friday","(41.878723, -87.63374)","orange"
"667500",40040,"Quincy/Wells","02/08/2004","U",596,2004-02-08,2,"Feb",2004,8,"Sunday","(41.878723, -87.63374)","orange"
"667528",40040,"Quincy/Wells","03/02/2006","W",6711,2006-03-02,3,"Mar",2006,2,"Thursday","(41.878723, -87.63374)","orange"
"667557",40040,"Quincy/Wells","11/25/2012","U",1825,2012-11-25,11,"Nov",2012,25,"Sunday","(41.878723, -87.63374)","orange"
"668013",40040,"Quincy/Wells","07/18/2014","W",8351,2014-07-18,7,"Jul",2014,18,"Friday","(41.878723, -87.63374)","orange"
"668049",40040,"Quincy/Wells","06/25/2003","W",6963,2003-06-25,6,"Jun",2003,25,"Wednesday","(41.878723, -87.63374)","orange"
"668153",40040,"Quincy/Wells","10/18/2010","W",7497,2010-10-18,10,"Oct",2010,18,"Monday","(41.878723, -87.63374)","orange"
"668295",40040,"Quincy/Wells","01/20/2008","U",874,2008-01-20,1,"Jan",2008,20,"Sunday","(41.878723, -87.63374)","orange"
"668467",40040,"Quincy/Wells","06/23/2008","W",7616,2008-06-23,6,"Jun",2008,23,"Monday","(41.878723, -87.63374)","orange"
"668583",40040,"Quincy/Wells","01/20/2013","U",1166,2013-01-20,1,"Jan",2013,20,"Sunday","(41.878723, -87.63374)","orange"
"668725",40040,"Quincy/Wells","01/27/2002","U",622,2002-01-27,1,"Jan",2002,27,"Sunday","(41.878723, -87.63374)","orange"
"669116",40040,"Quincy/Wells","04/18/2002","W",7427,2002-04-18,4,"Apr",2002,18,"Thursday","(41.878723, -87.63374)","orange"
"669406",40040,"Quincy/Wells","08/15/2013","W",8370,2013-08-15,8,"Aug",2013,15,"Thursday","(41.878723, -87.63374)","orange"
"669421",40040,"Quincy/Wells","11/05/2008","W",7676,2008-11-05,11,"Nov",2008,5,"Wednesday","(41.878723, -87.63374)","orange"
"669515",40040,"Quincy/Wells","03/21/2008","W",5428,2008-03-21,3,"Mar",2008,21,"Friday","(41.878723, -87.63374)","orange"
"669638",40040,"Quincy/Wells","09/03/2008","W",7691,2008-09-03,9,"Sep",2008,3,"Wednesday","(41.878723, -87.63374)","orange"
"670174",40040,"Quincy/Wells","01/14/2005","W",6102,2005-01-14,1,"Jan",2005,14,"Friday","(41.878723, -87.63374)","orange"
"670297",40040,"Quincy/Wells","06/04/2016","A",1565,2016-06-04,6,"Jun",2016,4,"Saturday","(41.878723, -87.63374)","orange"
"670346",40040,"Quincy/Wells","05/03/2004","W",6784,2004-05-03,5,"May",2004,3,"Monday","(41.878723, -87.63374)","orange"
"670388",40040,"Quincy/Wells","03/07/2005","W",6457,2005-03-07,3,"Mar",2005,7,"Monday","(41.878723, -87.63374)","orange"
"670467",40040,"Quincy/Wells","04/06/2010","W",7069,2010-04-06,4,"Apr",2010,6,"Tuesday","(41.878723, -87.63374)","orange"
"670470",40040,"Quincy/Wells","12/11/2010","A",1387,2010-12-11,12,"Dec",2010,11,"Saturday","(41.878723, -87.63374)","orange"
"670655",40040,"Quincy/Wells","08/27/2003","W",6969,2003-08-27,8,"Aug",2003,27,"Wednesday","(41.878723, -87.63374)","orange"
"670661",40040,"Quincy/Wells","08/27/2004","W",6141,2004-08-27,8,"Aug",2004,27,"Friday","(41.878723, -87.63374)","orange"
"670835",40040,"Quincy/Wells","02/01/2011","W",8783,2011-02-01,2,"Feb",2011,1,"Tuesday","(41.878723, -87.63374)","orange"
"670869",40040,"Quincy/Wells","03/09/2007","W",7079,2007-03-09,3,"Mar",2007,9,"Friday","(41.878723, -87.63374)","orange"
"671332",40040,"Quincy/Wells","10/01/2012","W",8699,2012-10-01,10,"Oct",2012,1,"Monday","(41.878723, -87.63374)","orange"
"671342",40040,"Quincy/Wells","01/28/2005","W",5982,2005-01-28,1,"Jan",2005,28,"Friday","(41.878723, -87.63374)","orange"
"671422",40040,"Quincy/Wells","02/26/2001","W",8233,2001-02-26,2,"Feb",2001,26,"Monday","(41.878723, -87.63374)","orange"
"671520",40040,"Quincy/Wells","12/10/2011","A",1577,2011-12-10,12,"Dec",2011,10,"Saturday","(41.878723, -87.63374)","orange"
"671751",40040,"Quincy/Wells","08/15/2009","A",2383,2009-08-15,8,"Aug",2009,15,"Saturday","(41.878723, -87.63374)","orange"
"671813",40040,"Quincy/Wells","04/08/2006","A",1440,2006-04-08,4,"Apr",2006,8,"Saturday","(41.878723, -87.63374)","orange"
"671957",40040,"Quincy/Wells","06/09/2002","U",739,2002-06-09,6,"Jun",2002,9,"Sunday","(41.878723, -87.63374)","orange"
"672100",40040,"Quincy/Wells","09/20/2013","W",8073,2013-09-20,9,"Sep",2013,20,"Friday","(41.878723, -87.63374)","orange"
"672134",40040,"Quincy/Wells","03/05/2005","A",1038,2005-03-05,3,"Mar",2005,5,"Saturday","(41.878723, -87.63374)","orange"
"672166",40040,"Quincy/Wells","03/13/2005","U",817,2005-03-13,3,"Mar",2005,13,"Sunday","(41.878723, -87.63374)","orange"
"672325",40040,"Quincy/Wells","11/02/2005","W",7158,2005-11-02,11,"Nov",2005,2,"Wednesday","(41.878723, -87.63374)","orange"
"672566",40040,"Quincy/Wells","02/22/2005","W",6299,2005-02-22,2,"Feb",2005,22,"Tuesday","(41.878723, -87.63374)","orange"
"672668",40040,"Quincy/Wells","09/27/2014","A",1916,2014-09-27,9,"Sep",2014,27,"Saturday","(41.878723, -87.63374)","orange"
"672786",40040,"Quincy/Wells","04/28/2010","W",7197,2010-04-28,4,"Apr",2010,28,"Wednesday","(41.878723, -87.63374)","orange"
"673114",40040,"Quincy/Wells","11/09/2015","W",8697,2015-11-09,11,"Nov",2015,9,"Monday","(41.878723, -87.63374)","orange"
"673388",40040,"Quincy/Wells","10/15/2017","U",1638,2017-10-15,10,"Oct",2017,15,"Sunday","(41.878723, -87.63374)","orange"
"673490",40040,"Quincy/Wells","08/22/2002","W",7313,2002-08-22,8,"Aug",2002,22,"Thursday","(41.878723, -87.63374)","orange"
"673617",40040,"Quincy/Wells","09/19/2015","A",1732,2015-09-19,9,"Sep",2015,19,"Saturday","(41.878723, -87.63374)","orange"
"673875",40040,"Quincy/Wells","09/18/2009","W",7128,2009-09-18,9,"Sep",2009,18,"Friday","(41.878723, -87.63374)","orange"
"674230",40040,"Quincy/Wells","03/03/2016","W",8080,2016-03-03,3,"Mar",2016,3,"Thursday","(41.878723, -87.63374)","orange"
"674270",40040,"Quincy/Wells","05/03/2017","W",8569,2017-05-03,5,"May",2017,3,"Wednesday","(41.878723, -87.63374)","orange"
"674361",40040,"Quincy/Wells","12/30/2011","W",4922,2011-12-30,12,"Dec",2011,30,"Friday","(41.878723, -87.63374)","orange"
"674635",40040,"Quincy/Wells","02/17/2010","W",7120,2010-02-17,2,"Feb",2010,17,"Wednesday","(41.878723, -87.63374)","orange"
"674665",40040,"Quincy/Wells","03/04/2006","A",1154,2006-03-04,3,"Mar",2006,4,"Saturday","(41.878723, -87.63374)","orange"
"674675",40040,"Quincy/Wells","03/11/2014","W",8658,2014-03-11,3,"Mar",2014,11,"Tuesday","(41.878723, -87.63374)","orange"
"675475",40040,"Quincy/Wells","06/19/2007","W",7066,2007-06-19,6,"Jun",2007,19,"Tuesday","(41.878723, -87.63374)","orange"
"675505",40040,"Quincy/Wells","02/18/2009","W",7447,2009-02-18,2,"Feb",2009,18,"Wednesday","(41.878723, -87.63374)","orange"
"675586",40040,"Quincy/Wells","05/14/2010","W",6745,2010-05-14,5,"May",2010,14,"Friday","(41.878723, -87.63374)","orange"
"675765",40040,"Quincy/Wells","01/24/2011","W",7382,2011-01-24,1,"Jan",2011,24,"Monday","(41.878723, -87.63374)","orange"
"675982",40040,"Quincy/Wells","11/08/2008","A",1908,2008-11-08,11,"Nov",2008,8,"Saturday","(41.878723, -87.63374)","orange"
"676219",40040,"Quincy/Wells","08/13/2016","A",2178,2016-08-13,8,"Aug",2016,13,"Saturday","(41.878723, -87.63374)","orange"
"676260",40040,"Quincy/Wells","11/28/2013","U",1401,2013-11-28,11,"Nov",2013,28,"Thursday","(41.878723, -87.63374)","orange"
"676291",40040,"Quincy/Wells","12/23/2001","U",445,2001-12-23,12,"Dec",2001,23,"Sunday","(41.878723, -87.63374)","orange"
"676594",40040,"Quincy/Wells","05/26/2008","U",1579,2008-05-26,5,"May",2008,26,"Monday","(41.878723, -87.63374)","orange"
"676610",40040,"Quincy/Wells","02/03/2007","A",944,2007-02-03,2,"Feb",2007,3,"Saturday","(41.878723, -87.63374)","orange"
"676665",40040,"Quincy/Wells","02/24/2002","U",652,2002-02-24,2,"Feb",2002,24,"Sunday","(41.878723, -87.63374)","orange"
"676713",40040,"Quincy/Wells","02/10/2011","W",7518,2011-02-10,2,"Feb",2011,10,"Thursday","(41.878723, -87.63374)","orange"
"676992",40040,"Quincy/Wells","05/13/2004","W",6710,2004-05-13,5,"May",2004,13,"Thursday","(41.878723, -87.63374)","orange"
"677155",40040,"Quincy/Wells","02/25/2013","W",8161,2013-02-25,2,"Feb",2013,25,"Monday","(41.878723, -87.63374)","orange"
"677183",40040,"Quincy/Wells","01/18/2017","W",8344,2017-01-18,1,"Jan",2017,18,"Wednesday","(41.878723, -87.63374)","orange"
"677187",40040,"Quincy/Wells","07/28/2011","W",8365,2011-07-28,7,"Jul",2011,28,"Thursday","(41.878723, -87.63374)","orange"
"677235",40040,"Quincy/Wells","09/10/2013","W",8583,2013-09-10,9,"Sep",2013,10,"Tuesday","(41.878723, -87.63374)","orange"
"677236",40040,"Quincy/Wells","05/24/2013","W",7243,2013-05-24,5,"May",2013,24,"Friday","(41.878723, -87.63374)","orange"
"677562",40040,"Quincy/Wells","04/28/2008","W",7555,2008-04-28,4,"Apr",2008,28,"Monday","(41.878723, -87.63374)","orange"
"677853",40040,"Quincy/Wells","03/31/2001","A",1015,2001-03-31,3,"Mar",2001,31,"Saturday","(41.878723, -87.63374)","orange"
"677941",40040,"Quincy/Wells","03/22/2010","W",7110,2010-03-22,3,"Mar",2010,22,"Monday","(41.878723, -87.63374)","orange"
"678012",40040,"Quincy/Wells","11/28/2003","W",2396,2003-11-28,11,"Nov",2003,28,"Friday","(41.878723, -87.63374)","orange"
"678202",40040,"Quincy/Wells","04/14/2016","W",8266,2016-04-14,4,"Apr",2016,14,"Thursday","(41.878723, -87.63374)","orange"
"678254",40040,"Quincy/Wells","11/26/2016","A",1681,2016-11-26,11,"Nov",2016,26,"Saturday","(41.878723, -87.63374)","orange"
"678486",40040,"Quincy/Wells","07/27/2006","W",7753,2006-07-27,7,"Jul",2006,27,"Thursday","(41.878723, -87.63374)","orange"
"678608",40040,"Quincy/Wells","08/10/2010","W",7528,2010-08-10,8,"Aug",2010,10,"Tuesday","(41.878723, -87.63374)","orange"
"678657",40040,"Quincy/Wells","05/27/2016","W",6815,2016-05-27,5,"May",2016,27,"Friday","(41.878723, -87.63374)","orange"
"678665",40040,"Quincy/Wells","09/23/2011","W",7841,2011-09-23,9,"Sep",2011,23,"Friday","(41.878723, -87.63374)","orange"
"678669",40040,"Quincy/Wells","11/05/2015","W",8271,2015-11-05,11,"Nov",2015,5,"Thursday","(41.878723, -87.63374)","orange"
"678703",40040,"Quincy/Wells","07/31/2002","W",7843,2002-07-31,7,"Jul",2002,31,"Wednesday","(41.878723, -87.63374)","orange"
"678842",40040,"Quincy/Wells","03/15/2011","W",7828,2011-03-15,3,"Mar",2011,15,"Tuesday","(41.878723, -87.63374)","orange"
"679068",40040,"Quincy/Wells","03/23/2010","W",7202,2010-03-23,3,"Mar",2010,23,"Tuesday","(41.878723, -87.63374)","orange"
"679263",40040,"Quincy/Wells","05/02/2013","W",3257,2013-05-02,5,"May",2013,2,"Thursday","(41.878723, -87.63374)","orange"
"679615",40040,"Quincy/Wells","02/02/2004","W",6928,2004-02-02,2,"Feb",2004,2,"Monday","(41.878723, -87.63374)","orange"
"679880",40040,"Quincy/Wells","06/04/2014","W",8573,2014-06-04,6,"Jun",2014,4,"Wednesday","(41.878723, -87.63374)","orange"
"679940",40040,"Quincy/Wells","02/02/2012","W",8003,2012-02-02,2,"Feb",2012,2,"Thursday","(41.878723, -87.63374)","orange"
"680040",40040,"Quincy/Wells","07/20/2010","W",7868,2010-07-20,7,"Jul",2010,20,"Tuesday","(41.878723, -87.63374)","orange"
"680112",40040,"Quincy/Wells","08/21/2013","W",8346,2013-08-21,8,"Aug",2013,21,"Wednesday","(41.878723, -87.63374)","orange"
"680124",40040,"Quincy/Wells","04/30/2017","U",1036,2017-04-30,4,"Apr",2017,30,"Sunday","(41.878723, -87.63374)","orange"
"680366",40040,"Quincy/Wells","09/20/2016","W",8625,2016-09-20,9,"Sep",2016,20,"Tuesday","(41.878723, -87.63374)","orange"
"680614",40040,"Quincy/Wells","11/10/2003","W",6989,2003-11-10,11,"Nov",2003,10,"Monday","(41.878723, -87.63374)","orange"
"680637",40040,"Quincy/Wells","02/06/2005","U",642,2005-02-06,2,"Feb",2005,6,"Sunday","(41.878723, -87.63374)","orange"
"680639",40040,"Quincy/Wells","09/03/2013","W",8684,2013-09-03,9,"Sep",2013,3,"Tuesday","(41.878723, -87.63374)","orange"
"680685",40040,"Quincy/Wells","02/12/2010","W",6585,2010-02-12,2,"Feb",2010,12,"Friday","(41.878723, -87.63374)","orange"
"680689",40040,"Quincy/Wells","01/29/2008","W",6994,2008-01-29,1,"Jan",2008,29,"Tuesday","(41.878723, -87.63374)","orange"
"680732",40040,"Quincy/Wells","08/11/2009","W",7980,2009-08-11,8,"Aug",2009,11,"Tuesday","(41.878723, -87.63374)","orange"
"680885",40040,"Quincy/Wells","09/23/2012","U",2089,2012-09-23,9,"Sep",2012,23,"Sunday","(41.878723, -87.63374)","orange"
"680991",40040,"Quincy/Wells","11/07/2010","U",1484,2010-11-07,11,"Nov",2010,7,"Sunday","(41.878723, -87.63374)","orange"
"681000",40040,"Quincy/Wells","08/13/2012","W",8904,2012-08-13,8,"Aug",2012,13,"Monday","(41.878723, -87.63374)","orange"
"681018",40040,"Quincy/Wells","09/04/2001","W",7885,2001-09-04,9,"Sep",2001,4,"Tuesday","(41.878723, -87.63374)","orange"
"681339",40040,"Quincy/Wells","12/29/2013","U",1426,2013-12-29,12,"Dec",2013,29,"Sunday","(41.878723, -87.63374)","orange"
"681454",40040,"Quincy/Wells","03/25/2007","U",1186,2007-03-25,3,"Mar",2007,25,"Sunday","(41.878723, -87.63374)","orange"
"681840",40040,"Quincy/Wells","06/16/2008","W",7538,2008-06-16,6,"Jun",2008,16,"Monday","(41.878723, -87.63374)","orange"
"681871",40040,"Quincy/Wells","08/24/2006","W",7259,2006-08-24,8,"Aug",2006,24,"Thursday","(41.878723, -87.63374)","orange"
"681917",40040,"Quincy/Wells","12/26/2016","U",1573,2016-12-26,12,"Dec",2016,26,"Monday","(41.878723, -87.63374)","orange"
"682292",40040,"Quincy/Wells","08/21/2016","U",1615,2016-08-21,8,"Aug",2016,21,"Sunday","(41.878723, -87.63374)","orange"
"682298",40040,"Quincy/Wells","10/29/2014","W",8425,2014-10-29,10,"Oct",2014,29,"Wednesday","(41.878723, -87.63374)","orange"
"682351",40040,"Quincy/Wells","06/07/2010","W",7170,2010-06-07,6,"Jun",2010,7,"Monday","(41.878723, -87.63374)","orange"
"682369",40040,"Quincy/Wells","12/28/2007","W",5257,2007-12-28,12,"Dec",2007,28,"Friday","(41.878723, -87.63374)","orange"
"682390",40040,"Quincy/Wells","05/08/2009","W",6692,2009-05-08,5,"May",2009,8,"Friday","(41.878723, -87.63374)","orange"
"682467",40040,"Quincy/Wells","10/26/2003","U",879,2003-10-26,10,"Oct",2003,26,"Sunday","(41.878723, -87.63374)","orange"
"683106",40040,"Quincy/Wells","07/21/2015","W",8438,2015-07-21,7,"Jul",2015,21,"Tuesday","(41.878723, -87.63374)","orange"
"683140",40040,"Quincy/Wells","08/08/2015","A",1633,2015-08-08,8,"Aug",2015,8,"Saturday","(41.878723, -87.63374)","orange"
"683206",40040,"Quincy/Wells","05/05/2014","W",8586,2014-05-05,5,"May",2014,5,"Monday","(41.878723, -87.63374)","orange"
"683658",40040,"Quincy/Wells","04/30/2011","A",1731,2011-04-30,4,"Apr",2011,30,"Saturday","(41.878723, -87.63374)","orange"
"683694",40040,"Quincy/Wells","11/21/2014","W",7905,2014-11-21,11,"Nov",2014,21,"Friday","(41.878723, -87.63374)","orange"
"683885",40040,"Quincy/Wells","11/13/2004","A",1127,2004-11-13,11,"Nov",2004,13,"Saturday","(41.878723, -87.63374)","orange"
"684038",40040,"Quincy/Wells","07/21/2010","W",7806,2010-07-21,7,"Jul",2010,21,"Wednesday","(41.878723, -87.63374)","orange"
"684203",40040,"Quincy/Wells","09/13/2008","A",1773,2008-09-13,9,"Sep",2008,13,"Saturday","(41.878723, -87.63374)","orange"
"684214",40040,"Quincy/Wells","12/27/2013","W",5101,2013-12-27,12,"Dec",2013,27,"Friday","(41.878723, -87.63374)","orange"
"684223",40040,"Quincy/Wells","05/17/2006","W",7190,2006-05-17,5,"May",2006,17,"Wednesday","(41.878723, -87.63374)","orange"
"684233",40040,"Quincy/Wells","11/01/2011","W",8497,2011-11-01,11,"Nov",2011,1,"Tuesday","(41.878723, -87.63374)","orange"
"684305",40040,"Quincy/Wells","05/02/2005","W",6674,2005-05-02,5,"May",2005,2,"Monday","(41.878723, -87.63374)","orange"
"684374",40040,"Quincy/Wells","10/28/2005","W",7965,2005-10-28,10,"Oct",2005,28,"Friday","(41.878723, -87.63374)","orange"
"684609",40040,"Quincy/Wells","07/13/2011","W",8379,2011-07-13,7,"Jul",2011,13,"Wednesday","(41.878723, -87.63374)","orange"
"684624",40040,"Quincy/Wells","11/20/2013","W",8530,2013-11-20,11,"Nov",2013,20,"Wednesday","(41.878723, -87.63374)","orange"
"684644",40040,"Quincy/Wells","02/04/2011","W",7808,2011-02-04,2,"Feb",2011,4,"Friday","(41.878723, -87.63374)","orange"
"684748",40040,"Quincy/Wells","08/04/2015","W",8369,2015-08-04,8,"Aug",2015,4,"Tuesday","(41.878723, -87.63374)","orange"
"684750",40040,"Quincy/Wells","03/11/2012","U",1587,2012-03-11,3,"Mar",2012,11,"Sunday","(41.878723, -87.63374)","orange"
"684752",40040,"Quincy/Wells","05/04/2014","U",1484,2014-05-04,5,"May",2014,4,"Sunday","(41.878723, -87.63374)","orange"
"684934",40040,"Quincy/Wells","06/26/2007","W",7221,2007-06-26,6,"Jun",2007,26,"Tuesday","(41.878723, -87.63374)","orange"
"685095",40040,"Quincy/Wells","05/15/2009","W",7441,2009-05-15,5,"May",2009,15,"Friday","(41.878723, -87.63374)","orange"
"685100",40040,"Quincy/Wells","03/18/2005","W",5889,2005-03-18,3,"Mar",2005,18,"Friday","(41.878723, -87.63374)","orange"
"685323",40040,"Quincy/Wells","10/25/2017","W",8551,2017-10-25,10,"Oct",2017,25,"Wednesday","(41.878723, -87.63374)","orange"
"685562",40040,"Quincy/Wells","12/28/2003","U",663,2003-12-28,12,"Dec",2003,28,"Sunday","(41.878723, -87.63374)","orange"
"685751",40040,"Quincy/Wells","07/23/2011","A",2308,2011-07-23,7,"Jul",2011,23,"Saturday","(41.878723, -87.63374)","orange"
"686250",40040,"Quincy/Wells","07/10/2016","U",1531,2016-07-10,7,"Jul",2016,10,"Sunday","(41.878723, -87.63374)","orange"
"686996",40040,"Quincy/Wells","08/26/2011","W",7603,2011-08-26,8,"Aug",2011,26,"Friday","(41.878723, -87.63374)","orange"
"687157",40040,"Quincy/Wells","08/28/2017","W",8508,2017-08-28,8,"Aug",2017,28,"Monday","(41.878723, -87.63374)","orange"
"687229",40040,"Quincy/Wells","09/09/2009","W",7537,2009-09-09,9,"Sep",2009,9,"Wednesday","(41.878723, -87.63374)","orange"
"687458",40040,"Quincy/Wells","01/17/2003","W",6733,2003-01-17,1,"Jan",2003,17,"Friday","(41.878723, -87.63374)","orange"
"687609",40040,"Quincy/Wells","02/15/2009","U",1400,2009-02-15,2,"Feb",2009,15,"Sunday","(41.878723, -87.63374)","orange"
"687650",40040,"Quincy/Wells","11/08/2010","W",7454,2010-11-08,11,"Nov",2010,8,"Monday","(41.878723, -87.63374)","orange"
"687660",40040,"Quincy/Wells","04/27/2007","W",6291,2007-04-27,4,"Apr",2007,27,"Friday","(41.878723, -87.63374)","orange"
"687789",40040,"Quincy/Wells","01/28/2015","W",8185,2015-01-28,1,"Jan",2015,28,"Wednesday","(41.878723, -87.63374)","orange"
"687835",40040,"Quincy/Wells","08/19/2002","W",7380,2002-08-19,8,"Aug",2002,19,"Monday","(41.878723, -87.63374)","orange"
"687862",40040,"Quincy/Wells","07/25/2013","W",8539,2013-07-25,7,"Jul",2013,25,"Thursday","(41.878723, -87.63374)","orange"
"687961",40040,"Quincy/Wells","02/22/2002","W",7243,2002-02-22,2,"Feb",2002,22,"Friday","(41.878723, -87.63374)","orange"
"688131",40040,"Quincy/Wells","11/16/2007","W",6746,2007-11-16,11,"Nov",2007,16,"Friday","(41.878723, -87.63374)","orange"
"688200",40040,"Quincy/Wells","11/11/2005","W",5948,2005-11-11,11,"Nov",2005,11,"Friday","(41.878723, -87.63374)","orange"
"688212",40040,"Quincy/Wells","09/16/2007","U",1395,2007-09-16,9,"Sep",2007,16,"Sunday","(41.878723, -87.63374)","orange"
"688279",40040,"Quincy/Wells","01/11/2006","W",6868,2006-01-11,1,"Jan",2006,11,"Wednesday","(41.878723, -87.63374)","orange"
"688345",40040,"Quincy/Wells","12/30/2015","W",6082,2015-12-30,12,"Dec",2015,30,"Wednesday","(41.878723, -87.63374)","orange"
"688400",40040,"Quincy/Wells","06/22/2007","W",6729,2007-06-22,6,"Jun",2007,22,"Friday","(41.878723, -87.63374)","orange"
"688579",40040,"Quincy/Wells","08/25/2012","A",0,2012-08-25,8,"Aug",2012,25,"Saturday","(41.878723, -87.63374)","orange"
"688727",40040,"Quincy/Wells","12/06/2004","W",6296,2004-12-06,12,"Dec",2004,6,"Monday","(41.878723, -87.63374)","orange"
"689250",40040,"Quincy/Wells","08/27/2017","U",1288,2017-08-27,8,"Aug",2017,27,"Sunday","(41.878723, -87.63374)","orange"
"689307",40040,"Quincy/Wells","08/09/2002","W",6851,2002-08-09,8,"Aug",2002,9,"Friday","(41.878723, -87.63374)","orange"
"689342",40040,"Quincy/Wells","04/20/2012","W",7611,2012-04-20,4,"Apr",2012,20,"Friday","(41.878723, -87.63374)","orange"
"689391",40040,"Quincy/Wells","06/12/2007","W",7041,2007-06-12,6,"Jun",2007,12,"Tuesday","(41.878723, -87.63374)","orange"
"689584",40040,"Quincy/Wells","08/01/2005","W",6967,2005-08-01,8,"Aug",2005,1,"Monday","(41.878723, -87.63374)","orange"
"689607",40040,"Quincy/Wells","10/31/2008","W",7354,2008-10-31,10,"Oct",2008,31,"Friday","(41.878723, -87.63374)","orange"
"689608",40040,"Quincy/Wells","03/26/2011","A",1948,2011-03-26,3,"Mar",2011,26,"Saturday","(41.878723, -87.63374)","orange"
"689666",40040,"Quincy/Wells","09/07/2008","U",1766,2008-09-07,9,"Sep",2008,7,"Sunday","(41.878723, -87.63374)","orange"
"689963",40040,"Quincy/Wells","11/04/2013","W",8881,2013-11-04,11,"Nov",2013,4,"Monday","(41.878723, -87.63374)","orange"
"690018",40040,"Quincy/Wells","04/17/2007","W",6613,2007-04-17,4,"Apr",2007,17,"Tuesday","(41.878723, -87.63374)","orange"
"690031",40040,"Quincy/Wells","04/29/2001","U",590,2001-04-29,4,"Apr",2001,29,"Sunday","(41.878723, -87.63374)","orange"
"690143",40040,"Quincy/Wells","06/15/2014","U",1545,2014-06-15,6,"Jun",2014,15,"Sunday","(41.878723, -87.63374)","orange"
"690407",40040,"Quincy/Wells","07/12/2015","U",1779,2015-07-12,7,"Jul",2015,12,"Sunday","(41.878723, -87.63374)","orange"
"690448",40040,"Quincy/Wells","10/16/2012","W",8740,2012-10-16,10,"Oct",2012,16,"Tuesday","(41.878723, -87.63374)","orange"
"690540",40040,"Quincy/Wells","03/09/2004","W",6936,2004-03-09,3,"Mar",2004,9,"Tuesday","(41.878723, -87.63374)","orange"
"690646",40040,"Quincy/Wells","03/25/2002","W",7655,2002-03-25,3,"Mar",2002,25,"Monday","(41.878723, -87.63374)","orange"
"690662",40040,"Quincy/Wells","03/12/2001","W",8205,2001-03-12,3,"Mar",2001,12,"Monday","(41.878723, -87.63374)","orange"
"690717",40040,"Quincy/Wells","02/26/2012","U",1352,2012-02-26,2,"Feb",2012,26,"Sunday","(41.878723, -87.63374)","orange"
"690756",40040,"Quincy/Wells","10/01/2001","W",8058,2001-10-01,10,"Oct",2001,1,"Monday","(41.878723, -87.63374)","orange"
"690830",40040,"Quincy/Wells","03/13/2003","W",7197,2003-03-13,3,"Mar",2003,13,"Thursday","(41.878723, -87.63374)","orange"
"691420",40040,"Quincy/Wells","04/14/2007","A",1474,2007-04-14,4,"Apr",2007,14,"Saturday","(41.878723, -87.63374)","orange"
"691487",40040,"Quincy/Wells","05/04/2015","W",7964,2015-05-04,5,"May",2015,4,"Monday","(41.878723, -87.63374)","orange"
"691607",40040,"Quincy/Wells","06/07/2014","A",1871,2014-06-07,6,"Jun",2014,7,"Saturday","(41.878723, -87.63374)","orange"
"691710",40040,"Quincy/Wells","09/04/2005","U",1191,2005-09-04,9,"Sep",2005,4,"Sunday","(41.878723, -87.63374)","orange"
"691856",40040,"Quincy/Wells","08/12/2016","W",7758,2016-08-12,8,"Aug",2016,12,"Friday","(41.878723, -87.63374)","orange"
"691871",40040,"Quincy/Wells","09/28/2007","W",6842,2007-09-28,9,"Sep",2007,28,"Friday","(41.878723, -87.63374)","orange"
"691960",40040,"Quincy/Wells","04/20/2001","W",7487,2001-04-20,4,"Apr",2001,20,"Friday","(41.878723, -87.63374)","orange"
"692028",40040,"Quincy/Wells","03/27/2013","W",8014,2013-03-27,3,"Mar",2013,27,"Wednesday","(41.878723, -87.63374)","orange"
"692354",40040,"Quincy/Wells","02/04/2013","W",8540,2013-02-04,2,"Feb",2013,4,"Monday","(41.878723, -87.63374)","orange"
"692484",40040,"Quincy/Wells","04/14/2009","W",7563,2009-04-14,4,"Apr",2009,14,"Tuesday","(41.878723, -87.63374)","orange"
"692490",40040,"Quincy/Wells","08/19/2007","U",1185,2007-08-19,8,"Aug",2007,19,"Sunday","(41.878723, -87.63374)","orange"
"692502",40040,"Quincy/Wells","01/24/2007","W",7323,2007-01-24,1,"Jan",2007,24,"Wednesday","(41.878723, -87.63374)","orange"
"692606",40040,"Quincy/Wells","07/26/2009","U",1955,2009-07-26,7,"Jul",2009,26,"Sunday","(41.878723, -87.63374)","orange"
"692744",40040,"Quincy/Wells","02/12/2004","W",6461,2004-02-12,2,"Feb",2004,12,"Thursday","(41.878723, -87.63374)","orange"
"692745",40040,"Quincy/Wells","11/10/2008","W",7434,2008-11-10,11,"Nov",2008,10,"Monday","(41.878723, -87.63374)","orange"
"692869",40040,"Quincy/Wells","12/19/2012","W",7921,2012-12-19,12,"Dec",2012,19,"Wednesday","(41.878723, -87.63374)","orange"
"693022",40040,"Quincy/Wells","12/26/2010","U",1051,2010-12-26,12,"Dec",2010,26,"Sunday","(41.878723, -87.63374)","orange"
"693053",40040,"Quincy/Wells","09/04/2014","W",8238,2014-09-04,9,"Sep",2014,4,"Thursday","(41.878723, -87.63374)","orange"
"693071",40040,"Quincy/Wells","11/02/2009","W",7579,2009-11-02,11,"Nov",2009,2,"Monday","(41.878723, -87.63374)","orange"
"693209",40040,"Quincy/Wells","09/18/2002","W",7577,2002-09-18,9,"Sep",2002,18,"Wednesday","(41.878723, -87.63374)","orange"
"693216",40040,"Quincy/Wells","06/02/2001","A",1043,2001-06-02,6,"Jun",2001,2,"Saturday","(41.878723, -87.63374)","orange"
"693245",40040,"Quincy/Wells","03/24/2015","W",8368,2015-03-24,3,"Mar",2015,24,"Tuesday","(41.878723, -87.63374)","orange"
"693325",40040,"Quincy/Wells","02/06/2003","W",7155,2003-02-06,2,"Feb",2003,6,"Thursday","(41.878723, -87.63374)","orange"
"693508",40040,"Quincy/Wells","02/18/2016","W",8153,2016-02-18,2,"Feb",2016,18,"Thursday","(41.878723, -87.63374)","orange"
"693650",40040,"Quincy/Wells","12/09/2015","W",8080,2015-12-09,12,"Dec",2015,9,"Wednesday","(41.878723, -87.63374)","orange"
"693651",40040,"Quincy/Wells","01/10/2010","U",953,2010-01-10,1,"Jan",2010,10,"Sunday","(41.878723, -87.63374)","orange"
"693837",40040,"Quincy/Wells","11/17/2002","U",672,2002-11-17,11,"Nov",2002,17,"Sunday","(41.878723, -87.63374)","orange"
"693839",40040,"Quincy/Wells","03/11/2005","W",5973,2005-03-11,3,"Mar",2005,11,"Friday","(41.878723, -87.63374)","orange"
"694273",40040,"Quincy/Wells","03/25/2010","W",7023,2010-03-25,3,"Mar",2010,25,"Thursday","(41.878723, -87.63374)","orange"
"694417",40040,"Quincy/Wells","05/10/2015","U",873,2015-05-10,5,"May",2015,10,"Sunday","(41.878723, -87.63374)","orange"
"694439",40040,"Quincy/Wells","01/31/2004","A",754,2004-01-31,1,"Jan",2004,31,"Saturday","(41.878723, -87.63374)","orange"
"694488",40040,"Quincy/Wells","05/29/2015","W",7448,2015-05-29,5,"May",2015,29,"Friday","(41.878723, -87.63374)","orange"
"694515",40040,"Quincy/Wells","08/05/2007","U",1469,2007-08-05,8,"Aug",2007,5,"Sunday","(41.878723, -87.63374)","orange"
"694869",40040,"Quincy/Wells","11/10/2014","W",7410,2014-11-10,11,"Nov",2014,10,"Monday","(41.878723, -87.63374)","orange"
"694877",40040,"Quincy/Wells","12/23/2003","W",5064,2003-12-23,12,"Dec",2003,23,"Tuesday","(41.878723, -87.63374)","orange"
"695221",40040,"Quincy/Wells","09/01/2014","U",2066,2014-09-01,9,"Sep",2014,1,"Monday","(41.878723, -87.63374)","orange"
"695284",40040,"Quincy/Wells","08/08/2011","W",9153,2011-08-08,8,"Aug",2011,8,"Monday","(41.878723, -87.63374)","orange"
"695465",40040,"Quincy/Wells","07/05/2005","W",6791,2005-07-05,7,"Jul",2005,5,"Tuesday","(41.878723, -87.63374)","orange"
"695624",40040,"Quincy/Wells","01/18/2010","W",4139,2010-01-18,1,"Jan",2010,18,"Monday","(41.878723, -87.63374)","orange"
"695787",40040,"Quincy/Wells","01/12/2002","A",883,2002-01-12,1,"Jan",2002,12,"Saturday","(41.878723, -87.63374)","orange"
"696234",40040,"Quincy/Wells","12/02/2011","W",7746,2011-12-02,12,"Dec",2011,2,"Friday","(41.878723, -87.63374)","orange"
"696410",40040,"Quincy/Wells","04/18/2009","A",1735,2009-04-18,4,"Apr",2009,18,"Saturday","(41.878723, -87.63374)","orange"
"696604",40040,"Quincy/Wells","07/10/2009","W",7553,2009-07-10,7,"Jul",2009,10,"Friday","(41.878723, -87.63374)","orange"
"696694",40040,"Quincy/Wells","02/23/2010","W",7038,2010-02-23,2,"Feb",2010,23,"Tuesday","(41.878723, -87.63374)","orange"
"696747",40040,"Quincy/Wells","07/27/2007","W",6626,2007-07-27,7,"Jul",2007,27,"Friday","(41.878723, -87.63374)","orange"
"696943",40040,"Quincy/Wells","12/25/2010","U",509,2010-12-25,12,"Dec",2010,25,"Saturday","(41.878723, -87.63374)","orange"
"697013",40040,"Quincy/Wells","07/09/2013","W",8802,2013-07-09,7,"Jul",2013,9,"Tuesday","(41.878723, -87.63374)","orange"
"697032",40040,"Quincy/Wells","11/16/2008","U",1359,2008-11-16,11,"Nov",2008,16,"Sunday","(41.878723, -87.63374)","orange"
"697185",40040,"Quincy/Wells","10/20/2007","A",2132,2007-10-20,10,"Oct",2007,20,"Saturday","(41.878723, -87.63374)","orange"
"697217",40040,"Quincy/Wells","08/26/2010","W",7347,2010-08-26,8,"Aug",2010,26,"Thursday","(41.878723, -87.63374)","orange"
"697261",40040,"Quincy/Wells","06/10/2008","W",8013,2008-06-10,6,"Jun",2008,10,"Tuesday","(41.878723, -87.63374)","orange"
"697678",40040,"Quincy/Wells","12/31/2007","W",4045,2007-12-31,12,"Dec",2007,31,"Monday","(41.878723, -87.63374)","orange"
"697915",40040,"Quincy/Wells","11/27/2010","A",1722,2010-11-27,11,"Nov",2010,27,"Saturday","(41.878723, -87.63374)","orange"
"698060",40040,"Quincy/Wells","01/24/2014","W",8195,2014-01-24,1,"Jan",2014,24,"Friday","(41.878723, -87.63374)","orange"
"698166",40040,"Quincy/Wells","12/12/2009","A",1527,2009-12-12,12,"Dec",2009,12,"Saturday","(41.878723, -87.63374)","orange"
"698265",40040,"Quincy/Wells","01/19/2008","A",1154,2008-01-19,1,"Jan",2008,19,"Saturday","(41.878723, -87.63374)","orange"
"698664",40040,"Quincy/Wells","03/24/2001","A",1073,2001-03-24,3,"Mar",2001,24,"Saturday","(41.878723, -87.63374)","orange"
"698893",40040,"Quincy/Wells","05/28/2007","U",1541,2007-05-28,5,"May",2007,28,"Monday","(41.878723, -87.63374)","orange"
"698942",40040,"Quincy/Wells","05/25/2014","U",1730,2014-05-25,5,"May",2014,25,"Sunday","(41.878723, -87.63374)","orange"
"699246",40040,"Quincy/Wells","07/03/2009","U",4144,2009-07-03,7,"Jul",2009,3,"Friday","(41.878723, -87.63374)","orange"
"699399",40040,"Quincy/Wells","11/17/2007","A",1615,2007-11-17,11,"Nov",2007,17,"Saturday","(41.878723, -87.63374)","orange"
"699411",40040,"Quincy/Wells","05/30/2006","W",7436,2006-05-30,5,"May",2006,30,"Tuesday","(41.878723, -87.63374)","orange"
"699487",40040,"Quincy/Wells","06/25/2017","U",2624,2017-06-25,6,"Jun",2017,25,"Sunday","(41.878723, -87.63374)","orange"
"699649",40040,"Quincy/Wells","09/19/2004","U",813,2004-09-19,9,"Sep",2004,19,"Sunday","(41.878723, -87.63374)","orange"
"699740",40040,"Quincy/Wells","02/09/2014","U",1240,2014-02-09,2,"Feb",2014,9,"Sunday","(41.878723, -87.63374)","orange"
"699862",40040,"Quincy/Wells","04/13/2002","A",1097,2002-04-13,4,"Apr",2002,13,"Saturday","(41.878723, -87.63374)","orange"
"699963",40040,"Quincy/Wells","08/02/2010","W",7983,2010-08-02,8,"Aug",2010,2,"Monday","(41.878723, -87.63374)","orange"
"700738",40040,"Quincy/Wells","11/29/2016","W",8251,2016-11-29,11,"Nov",2016,29,"Tuesday","(41.878723, -87.63374)","orange"
"701100",40040,"Quincy/Wells","03/04/2013","W",3021,2013-03-04,3,"Mar",2013,4,"Monday","(41.878723, -87.63374)","orange"
"701201",40040,"Quincy/Wells","09/30/2007","U",1582,2007-09-30,9,"Sep",2007,30,"Sunday","(41.878723, -87.63374)","orange"
"701223",40040,"Quincy/Wells","10/05/2014","U",1652,2014-10-05,10,"Oct",2014,5,"Sunday","(41.878723, -87.63374)","orange"
"701237",40040,"Quincy/Wells","11/22/2002","W",6926,2002-11-22,11,"Nov",2002,22,"Friday","(41.878723, -87.63374)","orange"
"701495",40040,"Quincy/Wells","03/15/2002","W",6985,2002-03-15,3,"Mar",2002,15,"Friday","(41.878723, -87.63374)","orange"
"701679",40040,"Quincy/Wells","11/23/2010","W",7545,2010-11-23,11,"Nov",2010,23,"Tuesday","(41.878723, -87.63374)","orange"
"701889",40040,"Quincy/Wells","05/16/2006","W",7070,2006-05-16,5,"May",2006,16,"Tuesday","(41.878723, -87.63374)","orange"
"702167",40040,"Quincy/Wells","12/26/2011","U",1788,2011-12-26,12,"Dec",2011,26,"Monday","(41.878723, -87.63374)","orange"
"702175",40040,"Quincy/Wells","08/15/2015","A",2023,2015-08-15,8,"Aug",2015,15,"Saturday","(41.878723, -87.63374)","orange"
"702196",40040,"Quincy/Wells","06/19/2011","U",1595,2011-06-19,6,"Jun",2011,19,"Sunday","(41.878723, -87.63374)","orange"
"702564",40040,"Quincy/Wells","05/12/2003","W",7082,2003-05-12,5,"May",2003,12,"Monday","(41.878723, -87.63374)","orange"
"702669",40040,"Quincy/Wells","10/27/2003","W",7289,2003-10-27,10,"Oct",2003,27,"Monday","(41.878723, -87.63374)","orange"
"702832",40040,"Quincy/Wells","01/30/2012","W",8080,2012-01-30,1,"Jan",2012,30,"Monday","(41.878723, -87.63374)","orange"
"702953",40040,"Quincy/Wells","09/22/2013","U",1823,2013-09-22,9,"Sep",2013,22,"Sunday","(41.878723, -87.63374)","orange"
"703075",40040,"Quincy/Wells","06/02/2009","W",7897,2009-06-02,6,"Jun",2009,2,"Tuesday","(41.878723, -87.63374)","orange"
"703086",40040,"Quincy/Wells","04/09/2003","W",7333,2003-04-09,4,"Apr",2003,9,"Wednesday","(41.878723, -87.63374)","orange"
"703167",40040,"Quincy/Wells","10/16/2009","W",7334,2009-10-16,10,"Oct",2009,16,"Friday","(41.878723, -87.63374)","orange"
"703194",40040,"Quincy/Wells","06/18/2014","W",8524,2014-06-18,6,"Jun",2014,18,"Wednesday","(41.878723, -87.63374)","orange"
"703227",40040,"Quincy/Wells","04/10/2007","W",6821,2007-04-10,4,"Apr",2007,10,"Tuesday","(41.878723, -87.63374)","orange"
"703381",40040,"Quincy/Wells","07/02/2016","A",1709,2016-07-02,7,"Jul",2016,2,"Saturday","(41.878723, -87.63374)","orange"
"703593",40040,"Quincy/Wells","09/14/2017","W",8544,2017-09-14,9,"Sep",2017,14,"Thursday","(41.878723, -87.63374)","orange"
"703782",40040,"Quincy/Wells","01/22/2010","W",6740,2010-01-22,1,"Jan",2010,22,"Friday","(41.878723, -87.63374)","orange"
"703797",40040,"Quincy/Wells","06/23/2005","W",6920,2005-06-23,6,"Jun",2005,23,"Thursday","(41.878723, -87.63374)","orange"
"704122",40040,"Quincy/Wells","03/15/2015","U",1210,2015-03-15,3,"Mar",2015,15,"Sunday","(41.878723, -87.63374)","orange"
"704218",40040,"Quincy/Wells","01/14/2012","A",1565,2012-01-14,1,"Jan",2012,14,"Saturday","(41.878723, -87.63374)","orange"
"704334",40040,"Quincy/Wells","07/26/2001","W",8059,2001-07-26,7,"Jul",2001,26,"Thursday","(41.878723, -87.63374)","orange"
"705266",40040,"Quincy/Wells","04/05/2011","W",7925,2011-04-05,4,"Apr",2011,5,"Tuesday","(41.878723, -87.63374)","orange"
"705470",40040,"Quincy/Wells","06/23/2006","W",6886,2006-06-23,6,"Jun",2006,23,"Friday","(41.878723, -87.63374)","orange"
"705686",40040,"Quincy/Wells","09/10/2004","W",6450,2004-09-10,9,"Sep",2004,10,"Friday","(41.878723, -87.63374)","orange"
"705895",40040,"Quincy/Wells","04/07/2004","W",6832,2004-04-07,4,"Apr",2004,7,"Wednesday","(41.878723, -87.63374)","orange"
"705934",40040,"Quincy/Wells","04/26/2010","W",7374,2010-04-26,4,"Apr",2010,26,"Monday","(41.878723, -87.63374)","orange"
"705971",40040,"Quincy/Wells","03/01/2017","W",8256,2017-03-01,3,"Mar",2017,1,"Wednesday","(41.878723, -87.63374)","orange"
"705981",40040,"Quincy/Wells","08/14/2014","W",8233,2014-08-14,8,"Aug",2014,14,"Thursday","(41.878723, -87.63374)","orange"
"706025",40040,"Quincy/Wells","09/19/2014","W",7818,2014-09-19,9,"Sep",2014,19,"Friday","(41.878723, -87.63374)","orange"
"706041",40040,"Quincy/Wells","08/03/2007","W",7018,2007-08-03,8,"Aug",2007,3,"Friday","(41.878723, -87.63374)","orange"
"706083",40040,"Quincy/Wells","12/09/2016","W",7046,2016-12-09,12,"Dec",2016,9,"Friday","(41.878723, -87.63374)","orange"
"706148",40040,"Quincy/Wells","09/02/2012","U",2021,2012-09-02,9,"Sep",2012,2,"Sunday","(41.878723, -87.63374)","orange"
"706348",40040,"Quincy/Wells","08/03/2010","W",7818,2010-08-03,8,"Aug",2010,3,"Tuesday","(41.878723, -87.63374)","orange"
"706472",40040,"Quincy/Wells","01/17/2013","W",8419,2013-01-17,1,"Jan",2013,17,"Thursday","(41.878723, -87.63374)","orange"
"706639",40040,"Quincy/Wells","12/20/2001","W",6848,2001-12-20,12,"Dec",2001,20,"Thursday","(41.878723, -87.63374)","orange"
"706651",40040,"Quincy/Wells","06/08/2006","W",7074,2006-06-08,6,"Jun",2006,8,"Thursday","(41.878723, -87.63374)","orange"
"706675",40040,"Quincy/Wells","02/01/2006","W",6812,2006-02-01,2,"Feb",2006,1,"Wednesday","(41.878723, -87.63374)","orange"
"707243",40040,"Quincy/Wells","09/16/2016","W",7730,2016-09-16,9,"Sep",2016,16,"Friday","(41.878723, -87.63374)","orange"
"707267",40040,"Quincy/Wells","09/24/2016","A",2162,2016-09-24,9,"Sep",2016,24,"Saturday","(41.878723, -87.63374)","orange"
"707426",40040,"Quincy/Wells","10/26/2004","W",6565,2004-10-26,10,"Oct",2004,26,"Tuesday","(41.878723, -87.63374)","orange"
"707544",40040,"Quincy/Wells","02/06/2017","W",7908,2017-02-06,2,"Feb",2017,6,"Monday","(41.878723, -87.63374)","orange"
"707650",40040,"Quincy/Wells","11/13/2011","U",1529,2011-11-13,11,"Nov",2011,13,"Sunday","(41.878723, -87.63374)","orange"
"707799",40040,"Quincy/Wells","01/31/2010","U",1165,2010-01-31,1,"Jan",2010,31,"Sunday","(41.878723, -87.63374)","orange"
"707812",40040,"Quincy/Wells","03/25/2015","W",8174,2015-03-25,3,"Mar",2015,25,"Wednesday","(41.878723, -87.63374)","orange"
"707833",40040,"Quincy/Wells","06/18/2004","W",6620,2004-06-18,6,"Jun",2004,18,"Friday","(41.878723, -87.63374)","orange"
"707847",40040,"Quincy/Wells","12/16/2006","A",1142,2006-12-16,12,"Dec",2006,16,"Saturday","(41.878723, -87.63374)","orange"
"708274",40040,"Quincy/Wells","07/05/2015","U",1936,2015-07-05,7,"Jul",2015,5,"Sunday","(41.878723, -87.63374)","orange"
"708590",40040,"Quincy/Wells","08/25/2003","W",6927,2003-08-25,8,"Aug",2003,25,"Monday","(41.878723, -87.63374)","orange"
"708650",40040,"Quincy/Wells","04/25/2016","W",8279,2016-04-25,4,"Apr",2016,25,"Monday","(41.878723, -87.63374)","orange"
"709246",40040,"Quincy/Wells","12/08/2015","W",8079,2015-12-08,12,"Dec",2015,8,"Tuesday","(41.878723, -87.63374)","orange"
"709520",40040,"Quincy/Wells","08/04/2009","W",7869,2009-08-04,8,"Aug",2009,4,"Tuesday","(41.878723, -87.63374)","orange"
"709652",40040,"Quincy/Wells","10/16/2002","W",7575,2002-10-16,10,"Oct",2002,16,"Wednesday","(41.878723, -87.63374)","orange"
"710217",40040,"Quincy/Wells","03/27/2017","W",8519,2017-03-27,3,"Mar",2017,27,"Monday","(41.878723, -87.63374)","orange"
"710666",40040,"Quincy/Wells","08/25/2009","W",7757,2009-08-25,8,"Aug",2009,25,"Tuesday","(41.878723, -87.63374)","orange"
"710672",40040,"Quincy/Wells","10/12/2016","W",8627,2016-10-12,10,"Oct",2016,12,"Wednesday","(41.878723, -87.63374)","orange"
"710759",40040,"Quincy/Wells","08/09/2003","A",1372,2003-08-09,8,"Aug",2003,9,"Saturday","(41.878723, -87.63374)","orange"
"710814",40040,"Quincy/Wells","11/11/2008","W",6876,2008-11-11,11,"Nov",2008,11,"Tuesday","(41.878723, -87.63374)","orange"
"710931",40040,"Quincy/Wells","05/21/2013","W",8340,2013-05-21,5,"May",2013,21,"Tuesday","(41.878723, -87.63374)","orange"
"711088",40040,"Quincy/Wells","09/21/2012","W",8566,2012-09-21,9,"Sep",2012,21,"Friday","(41.878723, -87.63374)","orange"
"711273",40040,"Quincy/Wells","09/20/2012","W",8506,2012-09-20,9,"Sep",2012,20,"Thursday","(41.878723, -87.63374)","orange"
"711294",40040,"Quincy/Wells","06/21/2016","W",8624,2016-06-21,6,"Jun",2016,21,"Tuesday","(41.878723, -87.63374)","orange"
"711330",40040,"Quincy/Wells","04/08/2008","W",7287,2008-04-08,4,"Apr",2008,8,"Tuesday","(41.878723, -87.63374)","orange"
"711380",40040,"Quincy/Wells","12/30/2006","A",1153,2006-12-30,12,"Dec",2006,30,"Saturday","(41.878723, -87.63374)","orange"
"711633",40040,"Quincy/Wells","11/11/2006","A",1422,2006-11-11,11,"Nov",2006,11,"Saturday","(41.878723, -87.63374)","orange"
"712110",40040,"Quincy/Wells","03/22/2004","W",6694,2004-03-22,3,"Mar",2004,22,"Monday","(41.878723, -87.63374)","orange"
"712116",40040,"Quincy/Wells","11/07/2003","W",6871,2003-11-07,11,"Nov",2003,7,"Friday","(41.878723, -87.63374)","orange"
"712227",40040,"Quincy/Wells","03/28/2003","W",6553,2003-03-28,3,"Mar",2003,28,"Friday","(41.878723, -87.63374)","orange"
"712263",40040,"Quincy/Wells","03/20/2006","W",6776,2006-03-20,3,"Mar",2006,20,"Monday","(41.878723, -87.63374)","orange"
"712348",40040,"Quincy/Wells","11/28/2010","U",1878,2010-11-28,11,"Nov",2010,28,"Sunday","(41.878723, -87.63374)","orange"
"712371",40040,"Quincy/Wells","04/23/2004","W",6329,2004-04-23,4,"Apr",2004,23,"Friday","(41.878723, -87.63374)","orange"
"712428",40040,"Quincy/Wells","01/24/2004","A",996,2004-01-24,1,"Jan",2004,24,"Saturday","(41.878723, -87.63374)","orange"
"713074",40040,"Quincy/Wells","03/16/2013","A",2618,2013-03-16,3,"Mar",2013,16,"Saturday","(41.878723, -87.63374)","orange"
"713098",40040,"Quincy/Wells","03/22/2008","A",1536,2008-03-22,3,"Mar",2008,22,"Saturday","(41.878723, -87.63374)","orange"
"713100",40040,"Quincy/Wells","08/22/2015","A",1519,2015-08-22,8,"Aug",2015,22,"Saturday","(41.878723, -87.63374)","orange"
"713140",40040,"Quincy/Wells","09/17/2001","W",8221,2001-09-17,9,"Sep",2001,17,"Monday","(41.878723, -87.63374)","orange"
"713396",40040,"Quincy/Wells","12/16/2013","W",8405,2013-12-16,12,"Dec",2013,16,"Monday","(41.878723, -87.63374)","orange"
"713660",40040,"Quincy/Wells","01/09/2010","A",1333,2010-01-09,1,"Jan",2010,9,"Saturday","(41.878723, -87.63374)","orange"
"714190",40040,"Quincy/Wells","03/04/2014","W",8666,2014-03-04,3,"Mar",2014,4,"Tuesday","(41.878723, -87.63374)","orange"
"714229",40040,"Quincy/Wells","02/23/2012","W",8141,2012-02-23,2,"Feb",2012,23,"Thursday","(41.878723, -87.63374)","orange"
"714306",40040,"Quincy/Wells","09/02/2015","W",8159,2015-09-02,9,"Sep",2015,2,"Wednesday","(41.878723, -87.63374)","orange"
"714881",40040,"Quincy/Wells","03/23/2013","A",1925,2013-03-23,3,"Mar",2013,23,"Saturday","(41.878723, -87.63374)","orange"
"715270",40040,"Quincy/Wells","12/31/2010","W",3110,2010-12-31,12,"Dec",2010,31,"Friday","(41.878723, -87.63374)","orange"
"715438",40040,"Quincy/Wells","11/30/2004","W",6746,2004-11-30,11,"Nov",2004,30,"Tuesday","(41.878723, -87.63374)","orange"
"715508",40040,"Quincy/Wells","01/07/2008","W",7220,2008-01-07,1,"Jan",2008,7,"Monday","(41.878723, -87.63374)","orange"
"715555",40040,"Quincy/Wells","12/31/2012","W",4594,2012-12-31,12,"Dec",2012,31,"Monday","(41.878723, -87.63374)","orange"
"715810",40040,"Quincy/Wells","10/17/2004","U",602,2004-10-17,10,"Oct",2004,17,"Sunday","(41.878723, -87.63374)","orange"
"715906",40040,"Quincy/Wells","05/25/2001","W",7020,2001-05-25,5,"May",2001,25,"Friday","(41.878723, -87.63374)","orange"
"716113",40040,"Quincy/Wells","06/29/2004","W",7028,2004-06-29,6,"Jun",2004,29,"Tuesday","(41.878723, -87.63374)","orange"
"716183",40040,"Quincy/Wells","11/17/2009","W",7390,2009-11-17,11,"Nov",2009,17,"Tuesday","(41.878723, -87.63374)","orange"
"716253",40040,"Quincy/Wells","10/31/2010","U",1389,2010-10-31,10,"Oct",2010,31,"Sunday","(41.878723, -87.63374)","orange"
"716440",40040,"Quincy/Wells","02/11/2006","A",1147,2006-02-11,2,"Feb",2006,11,"Saturday","(41.878723, -87.63374)","orange"
"716511",40040,"Quincy/Wells","06/24/2006","A",1313,2006-06-24,6,"Jun",2006,24,"Saturday","(41.878723, -87.63374)","orange"
"716757",40040,"Quincy/Wells","05/25/2005","W",6819,2005-05-25,5,"May",2005,25,"Wednesday","(41.878723, -87.63374)","orange"
"716884",40040,"Quincy/Wells","01/11/2002","W",7386,2002-01-11,1,"Jan",2002,11,"Friday","(41.878723, -87.63374)","orange"
"717159",40040,"Quincy/Wells","09/01/2016","W",8188,2016-09-01,9,"Sep",2016,1,"Thursday","(41.878723, -87.63374)","orange"
"717195",40040,"Quincy/Wells","10/05/2011","W",8397,2011-10-05,10,"Oct",2011,5,"Wednesday","(41.878723, -87.63374)","orange"
"717201",40040,"Quincy/Wells","02/16/2004","W",4274,2004-02-16,2,"Feb",2004,16,"Monday","(41.878723, -87.63374)","orange"
"717335",40040,"Quincy/Wells","04/12/2003","A",1116,2003-04-12,4,"Apr",2003,12,"Saturday","(41.878723, -87.63374)","orange"
"717384",40040,"Quincy/Wells","06/24/2009","W",7529,2009-06-24,6,"Jun",2009,24,"Wednesday","(41.878723, -87.63374)","orange"
"717468",40040,"Quincy/Wells","08/14/2009","W",7392,2009-08-14,8,"Aug",2009,14,"Friday","(41.878723, -87.63374)","orange"
"717589",40040,"Quincy/Wells","07/08/2005","W",6352,2005-07-08,7,"Jul",2005,8,"Friday","(41.878723, -87.63374)","orange"
"717598",40040,"Quincy/Wells","01/09/2001","W",8351,2001-01-09,1,"Jan",2001,9,"Tuesday","(41.878723, -87.63374)","orange"
"717653",40040,"Quincy/Wells","05/07/2008","W",7092,2008-05-07,5,"May",2008,7,"Wednesday","(41.878723, -87.63374)","orange"
"717673",40040,"Quincy/Wells","03/10/2007","A",1634,2007-03-10,3,"Mar",2007,10,"Saturday","(41.878723, -87.63374)","orange"
"717751",40040,"Quincy/Wells","11/08/2007","W",7252,2007-11-08,11,"Nov",2007,8,"Thursday","(41.878723, -87.63374)","orange"
"717769",40040,"Quincy/Wells","03/16/2014","U",1758,2014-03-16,3,"Mar",2014,16,"Sunday","(41.878723, -87.63374)","orange"
"717831",40040,"Quincy/Wells","04/05/2006","W",6921,2006-04-05,4,"Apr",2006,5,"Wednesday","(41.878723, -87.63374)","orange"
"717979",40040,"Quincy/Wells","04/04/2003","W",6718,2003-04-04,4,"Apr",2003,4,"Friday","(41.878723, -87.63374)","orange"
"717994",40040,"Quincy/Wells","04/22/2006","A",1187,2006-04-22,4,"Apr",2006,22,"Saturday","(41.878723, -87.63374)","orange"
"718067",40040,"Quincy/Wells","09/23/2013","W",8822,2013-09-23,9,"Sep",2013,23,"Monday","(41.878723, -87.63374)","orange"
"718090",40040,"Quincy/Wells","04/02/2014","W",8657,2014-04-02,4,"Apr",2014,2,"Wednesday","(41.878723, -87.63374)","orange"
"718097",40040,"Quincy/Wells","10/15/2015","W",8598,2015-10-15,10,"Oct",2015,15,"Thursday","(41.878723, -87.63374)","orange"
"718245",40040,"Quincy/Wells","10/03/2009","A",1835,2009-10-03,10,"Oct",2009,3,"Saturday","(41.878723, -87.63374)","orange"
"718412",40040,"Quincy/Wells","09/18/2008","W",7596,2008-09-18,9,"Sep",2008,18,"Thursday","(41.878723, -87.63374)","orange"
"718497",40040,"Quincy/Wells","01/25/2011","W",7539,2011-01-25,1,"Jan",2011,25,"Tuesday","(41.878723, -87.63374)","orange"
"718552",40040,"Quincy/Wells","10/06/2009","W",7945,2009-10-06,10,"Oct",2009,6,"Tuesday","(41.878723, -87.63374)","orange"
"718669",40040,"Quincy/Wells","06/09/2014","W",8673,2014-06-09,6,"Jun",2014,9,"Monday","(41.878723, -87.63374)","orange"
"719102",40040,"Quincy/Wells","03/01/2004","W",6590,2004-03-01,3,"Mar",2004,1,"Monday","(41.878723, -87.63374)","orange"
"719224",40040,"Quincy/Wells","10/10/2009","A",2330,2009-10-10,10,"Oct",2009,10,"Saturday","(41.878723, -87.63374)","orange"
"719472",40040,"Quincy/Wells","01/25/2016","W",8492,2016-01-25,1,"Jan",2016,25,"Monday","(41.878723, -87.63374)","orange"
"719502",40040,"Quincy/Wells","05/30/2016","U",1893,2016-05-30,5,"May",2016,30,"Monday","(41.878723, -87.63374)","orange"
"719595",40040,"Quincy/Wells","03/14/2010","U",1574,2010-03-14,3,"Mar",2010,14,"Sunday","(41.878723, -87.63374)","orange"
"719721",40040,"Quincy/Wells","01/12/2001","W",7621,2001-01-12,1,"Jan",2001,12,"Friday","(41.878723, -87.63374)","orange"
"719803",40040,"Quincy/Wells","01/12/2014","U",1208,2014-01-12,1,"Jan",2014,12,"Sunday","(41.878723, -87.63374)","orange"
"719951",40040,"Quincy/Wells","01/18/2008","W",6702,2008-01-18,1,"Jan",2008,18,"Friday","(41.878723, -87.63374)","orange"
"720167",40040,"Quincy/Wells","12/16/2007","U",1008,2007-12-16,12,"Dec",2007,16,"Sunday","(41.878723, -87.63374)","orange"
"720174",40040,"Quincy/Wells","11/26/2011","A",1716,2011-11-26,11,"Nov",2011,26,"Saturday","(41.878723, -87.63374)","orange"
"720306",40040,"Quincy/Wells","09/24/2005","A",1386,2005-09-24,9,"Sep",2005,24,"Saturday","(41.878723, -87.63374)","orange"
"720448",40040,"Quincy/Wells","09/05/2012","W",8491,2012-09-05,9,"Sep",2012,5,"Wednesday","(41.878723, -87.63374)","orange"
"720655",40040,"Quincy/Wells","08/06/2015","W",8123,2015-08-06,8,"Aug",2015,6,"Thursday","(41.878723, -87.63374)","orange"
"720911",40040,"Quincy/Wells","04/02/2013","W",8305,2013-04-02,4,"Apr",2013,2,"Tuesday","(41.878723, -87.63374)","orange"
"721067",40040,"Quincy/Wells","12/21/2010","W",6352,2010-12-21,12,"Dec",2010,21,"Tuesday","(41.878723, -87.63374)","orange"
"721257",40040,"Quincy/Wells","03/14/2005","W",6515,2005-03-14,3,"Mar",2005,14,"Monday","(41.878723, -87.63374)","orange"
"721267",40040,"Quincy/Wells","10/22/2006","U",2125,2006-10-22,10,"Oct",2006,22,"Sunday","(41.878723, -87.63374)","orange"
"721609",40040,"Quincy/Wells","06/02/2006","W",6712,2006-06-02,6,"Jun",2006,2,"Friday","(41.878723, -87.63374)","orange"
"721676",40040,"Quincy/Wells","01/18/2001","W",8065,2001-01-18,1,"Jan",2001,18,"Thursday","(41.878723, -87.63374)","orange"
"721784",40040,"Quincy/Wells","09/01/2008","U",1709,2008-09-01,9,"Sep",2008,1,"Monday","(41.878723, -87.63374)","orange"
"721922",40040,"Quincy/Wells","04/21/2004","W",6657,2004-04-21,4,"Apr",2004,21,"Wednesday","(41.878723, -87.63374)","orange"
"722029",40040,"Quincy/Wells","11/08/2017","W",8587,2017-11-08,11,"Nov",2017,8,"Wednesday","(41.878723, -87.63374)","orange"
"722038",40040,"Quincy/Wells","11/11/2015","W",7342,2015-11-11,11,"Nov",2015,11,"Wednesday","(41.878723, -87.63374)","orange"
"722076",40040,"Quincy/Wells","01/06/2013","U",1039,2013-01-06,1,"Jan",2013,6,"Sunday","(41.878723, -87.63374)","orange"
"722261",40040,"Quincy/Wells","08/28/2005","U",1011,2005-08-28,8,"Aug",2005,28,"Sunday","(41.878723, -87.63374)","orange"
"722517",40040,"Quincy/Wells","07/06/2013","A",2402,2013-07-06,7,"Jul",2013,6,"Saturday","(41.878723, -87.63374)","orange"
"722841",40040,"Quincy/Wells","10/29/2017","U",1446,2017-10-29,10,"Oct",2017,29,"Sunday","(41.878723, -87.63374)","orange"
"723135",40040,"Quincy/Wells","05/06/2010","W",7151,2010-05-06,5,"May",2010,6,"Thursday","(41.878723, -87.63374)","orange"
"723198",40040,"Quincy/Wells","06/16/2001","A",1157,2001-06-16,6,"Jun",2001,16,"Saturday","(41.878723, -87.63374)","orange"
"723255",40040,"Quincy/Wells","07/02/2004","W",5929,2004-07-02,7,"Jul",2004,2,"Friday","(41.878723, -87.63374)","orange"
"723319",40040,"Quincy/Wells","11/14/2011","W",8585,2011-11-14,11,"Nov",2011,14,"Monday","(41.878723, -87.63374)","orange"
"723324",40040,"Quincy/Wells","02/01/2013","W",7660,2013-02-01,2,"Feb",2013,1,"Friday","(41.878723, -87.63374)","orange"
"723441",40040,"Quincy/Wells","01/17/2008","W",7161,2008-01-17,1,"Jan",2008,17,"Thursday","(41.878723, -87.63374)","orange"
"723593",40040,"Quincy/Wells","10/21/2013","W",9061,2013-10-21,10,"Oct",2013,21,"Monday","(41.878723, -87.63374)","orange"
"723634",40040,"Quincy/Wells","01/01/2016","U",1225,2016-01-01,1,"Jan",2016,1,"Friday","(41.878723, -87.63374)","orange"
"724040",40040,"Quincy/Wells","11/27/2012","W",8564,2012-11-27,11,"Nov",2012,27,"Tuesday","(41.878723, -87.63374)","orange"
"724068",40040,"Quincy/Wells","07/08/2008","W",7977,2008-07-08,7,"Jul",2008,8,"Tuesday","(41.878723, -87.63374)","orange"
"724076",40040,"Quincy/Wells","02/06/2010","A",1384,2010-02-06,2,"Feb",2010,6,"Saturday","(41.878723, -87.63374)","orange"
"724143",40040,"Quincy/Wells","10/27/2017","W",7895,2017-10-27,10,"Oct",2017,27,"Friday","(41.878723, -87.63374)","orange"
"724154",40040,"Quincy/Wells","06/02/2008","W",7621,2008-06-02,6,"Jun",2008,2,"Monday","(41.878723, -87.63374)","orange"
"724304",40040,"Quincy/Wells","10/04/2001","W",8308,2001-10-04,10,"Oct",2001,4,"Thursday","(41.878723, -87.63374)","orange"
"724358",40040,"Quincy/Wells","05/09/2013","W",7562,2013-05-09,5,"May",2013,9,"Thursday","(41.878723, -87.63374)","orange"
"724475",40040,"Quincy/Wells","06/17/2006","A",1376,2006-06-17,6,"Jun",2006,17,"Saturday","(41.878723, -87.63374)","orange"
"724691",40040,"Quincy/Wells","06/09/2016","W",8439,2016-06-09,6,"Jun",2016,9,"Thursday","(41.878723, -87.63374)","orange"
"724818",40040,"Quincy/Wells","10/02/2016","U",1413,2016-10-02,10,"Oct",2016,2,"Sunday","(41.878723, -87.63374)","orange"
"724861",40040,"Quincy/Wells","04/09/2007","W",6784,2007-04-09,4,"Apr",2007,9,"Monday","(41.878723, -87.63374)","orange"
"724928",40040,"Quincy/Wells","12/17/2007","W",6631,2007-12-17,12,"Dec",2007,17,"Monday","(41.878723, -87.63374)","orange"
"724997",40040,"Quincy/Wells","01/19/2004","W",3910,2004-01-19,1,"Jan",2004,19,"Monday","(41.878723, -87.63374)","orange"
"725492",40040,"Quincy/Wells","08/16/2002","W",6678,2002-08-16,8,"Aug",2002,16,"Friday","(41.878723, -87.63374)","orange"
"725508",40040,"Quincy/Wells","03/08/2001","W",8091,2001-03-08,3,"Mar",2001,8,"Thursday","(41.878723, -87.63374)","orange"
"725570",40040,"Quincy/Wells","02/23/2002","A",1037,2002-02-23,2,"Feb",2002,23,"Saturday","(41.878723, -87.63374)","orange"
"725675",40040,"Quincy/Wells","03/06/2010","A",1555,2010-03-06,3,"Mar",2010,6,"Saturday","(41.878723, -87.63374)","orange"
"725687",40040,"Quincy/Wells","10/21/2001","U",0,2001-10-21,10,"Oct",2001,21,"Sunday","(41.878723, -87.63374)","orange"
"725737",40040,"Quincy/Wells","05/12/2006","W",6585,2006-05-12,5,"May",2006,12,"Friday","(41.878723, -87.63374)","orange"
"725801",40040,"Quincy/Wells","07/02/2010","W",6455,2010-07-02,7,"Jul",2010,2,"Friday","(41.878723, -87.63374)","orange"
"725837",40040,"Quincy/Wells","07/18/2015","A",1724,2015-07-18,7,"Jul",2015,18,"Saturday","(41.878723, -87.63374)","orange"
"726528",40040,"Quincy/Wells","06/25/2010","W",7374,2010-06-25,6,"Jun",2010,25,"Friday","(41.878723, -87.63374)","orange"
"726542",40040,"Quincy/Wells","02/19/2002","W",7705,2002-02-19,2,"Feb",2002,19,"Tuesday","(41.878723, -87.63374)","orange"
"726936",40040,"Quincy/Wells","08/03/2004","W",6945,2004-08-03,8,"Aug",2004,3,"Tuesday","(41.878723, -87.63374)","orange"
"726992",40040,"Quincy/Wells","06/13/2014","W",7709,2014-06-13,6,"Jun",2014,13,"Friday","(41.878723, -87.63374)","orange"
"727010",40040,"Quincy/Wells","02/14/2005","W",6345,2005-02-14,2,"Feb",2005,14,"Monday","(41.878723, -87.63374)","orange"
"727053",40040,"Quincy/Wells","07/06/2014","U",1756,2014-07-06,7,"Jul",2014,6,"Sunday","(41.878723, -87.63374)","orange"
"727187",40040,"Quincy/Wells","08/27/2002","W",7471,2002-08-27,8,"Aug",2002,27,"Tuesday","(41.878723, -87.63374)","orange"
"727806",40040,"Quincy/Wells","08/14/2006","W",7463,2006-08-14,8,"Aug",2006,14,"Monday","(41.878723, -87.63374)","orange"
"727813",40040,"Quincy/Wells","04/25/2013","W",8018,2013-04-25,4,"Apr",2013,25,"Thursday","(41.878723, -87.63374)","orange"
"727849",40040,"Quincy/Wells","10/04/2002","W",7027,2002-10-04,10,"Oct",2002,4,"Friday","(41.878723, -87.63374)","orange"
"727978",40040,"Quincy/Wells","11/04/2015","W",8398,2015-11-04,11,"Nov",2015,4,"Wednesday","(41.878723, -87.63374)","orange"
"728271",40040,"Quincy/Wells","02/28/2017","W",8336,2017-02-28,2,"Feb",2017,28,"Tuesday","(41.878723, -87.63374)","orange"
"728417",40040,"Quincy/Wells","05/09/2012","W",8102,2012-05-09,5,"May",2012,9,"Wednesday","(41.878723, -87.63374)","orange"
"728599",40040,"Quincy/Wells","04/25/2017","W",8135,2017-04-25,4,"Apr",2017,25,"Tuesday","(41.878723, -87.63374)","orange"
"728895",40040,"Quincy/Wells","06/30/2010","W",7479,2010-06-30,6,"Jun",2010,30,"Wednesday","(41.878723, -87.63374)","orange"
"729070",40040,"Quincy/Wells","07/03/2005","U",1889,2005-07-03,7,"Jul",2005,3,"Sunday","(41.878723, -87.63374)","orange"
"729530",40040,"Quincy/Wells","05/15/2007","W",6816,2007-05-15,5,"May",2007,15,"Tuesday","(41.878723, -87.63374)","orange"
"729587",40040,"Quincy/Wells","05/19/2012","A",1837,2012-05-19,5,"May",2012,19,"Saturday","(41.878723, -87.63374)","orange"
"729680",40040,"Quincy/Wells","07/13/2014","U",1881,2014-07-13,7,"Jul",2014,13,"Sunday","(41.878723, -87.63374)","orange"
"729973",40040,"Quincy/Wells","10/29/2005","A",1281,2005-10-29,10,"Oct",2005,29,"Saturday","(41.878723, -87.63374)","orange"
"730000",40040,"Quincy/Wells","03/17/2011","W",7457,2011-03-17,3,"Mar",2011,17,"Thursday","(41.878723, -87.63374)","orange"
"730109",40040,"Quincy/Wells","04/11/2001","W",8243,2001-04-11,4,"Apr",2001,11,"Wednesday","(41.878723, -87.63374)","orange"
"730189",40040,"Quincy/Wells","02/09/2002","A",976,2002-02-09,2,"Feb",2002,9,"Saturday","(41.878723, -87.63374)","orange"
"730519",40040,"Quincy/Wells","01/06/2006","W",6616,2006-01-06,1,"Jan",2006,6,"Friday","(41.878723, -87.63374)","orange"
"730762",40040,"Quincy/Wells","08/01/2015","A",2204,2015-08-01,8,"Aug",2015,1,"Saturday","(41.878723, -87.63374)","orange"
"730859",40040,"Quincy/Wells","01/04/2010","W",7216,2010-01-04,1,"Jan",2010,4,"Monday","(41.878723, -87.63374)","orange"
"730887",40040,"Quincy/Wells","08/05/2012","U",1912,2012-08-05,8,"Aug",2012,5,"Sunday","(41.878723, -87.63374)","orange"
"731092",40040,"Quincy/Wells","09/20/2006","W",7601,2006-09-20,9,"Sep",2006,20,"Wednesday","(41.878723, -87.63374)","orange"
"731886",40040,"Quincy/Wells","05/21/2010","W",6940,2010-05-21,5,"May",2010,21,"Friday","(41.878723, -87.63374)","orange"
"732051",40040,"Quincy/Wells","04/06/2009","W",7549,2009-04-06,4,"Apr",2009,6,"Monday","(41.878723, -87.63374)","orange"
"732264",40040,"Quincy/Wells","10/24/2012","W",8697,2012-10-24,10,"Oct",2012,24,"Wednesday","(41.878723, -87.63374)","orange"
"732303",40040,"Quincy/Wells","08/21/2003","W",6739,2003-08-21,8,"Aug",2003,21,"Thursday","(41.878723, -87.63374)","orange"
"732478",40040,"Quincy/Wells","04/19/2009","U",1182,2009-04-19,4,"Apr",2009,19,"Sunday","(41.878723, -87.63374)","orange"
"732486",40040,"Quincy/Wells","05/16/2016","W",8308,2016-05-16,5,"May",2016,16,"Monday","(41.878723, -87.63374)","orange"
"732655",40040,"Quincy/Wells","05/10/2011","W",7878,2011-05-10,5,"May",2011,10,"Tuesday","(41.878723, -87.63374)","orange"
"732759",40040,"Quincy/Wells","11/12/2003","W",7023,2003-11-12,11,"Nov",2003,12,"Wednesday","(41.878723, -87.63374)","orange"
"732867",40040,"Quincy/Wells","01/09/2009","W",7710,2009-01-09,1,"Jan",2009,9,"Friday","(41.878723, -87.63374)","orange"
"733387",40040,"Quincy/Wells","04/20/2010","W",7086,2010-04-20,4,"Apr",2010,20,"Tuesday","(41.878723, -87.63374)","orange"
"733643",40040,"Quincy/Wells","03/14/2009","A",2167,2009-03-14,3,"Mar",2009,14,"Saturday","(41.878723, -87.63374)","orange"
"733785",40040,"Quincy/Wells","12/07/2009","W",7118,2009-12-07,12,"Dec",2009,7,"Monday","(41.878723, -87.63374)","orange"
"733930",40040,"Quincy/Wells","02/03/2010","W",7026,2010-02-03,2,"Feb",2010,3,"Wednesday","(41.878723, -87.63374)","orange"
"733982",40040,"Quincy/Wells","10/10/2011","W",7598,2011-10-10,10,"Oct",2011,10,"Monday","(41.878723, -87.63374)","orange"
"734069",40040,"Quincy/Wells","07/13/2009","W",7923,2009-07-13,7,"Jul",2009,13,"Monday","(41.878723, -87.63374)","orange"
"734134",40040,"Quincy/Wells","03/25/2013","W",7923,2013-03-25,3,"Mar",2013,25,"Monday","(41.878723, -87.63374)","orange"
"734651",40040,"Quincy/Wells","04/29/2006","A",1197,2006-04-29,4,"Apr",2006,29,"Saturday","(41.878723, -87.63374)","orange"
"734674",40040,"Quincy/Wells","07/15/2009","W",7724,2009-07-15,7,"Jul",2009,15,"Wednesday","(41.878723, -87.63374)","orange"
"734757",40040,"Quincy/Wells","08/09/2012","W",8903,2012-08-09,8,"Aug",2012,9,"Thursday","(41.878723, -87.63374)","orange"
"734853",40040,"Quincy/Wells","09/12/2010","U",1516,2010-09-12,9,"Sep",2010,12,"Sunday","(41.878723, -87.63374)","orange"
"735109",40040,"Quincy/Wells","05/04/2008","U",1388,2008-05-04,5,"May",2008,4,"Sunday","(41.878723, -87.63374)","orange"
"735216",40040,"Quincy/Wells","06/22/2009","W",7638,2009-06-22,6,"Jun",2009,22,"Monday","(41.878723, -87.63374)","orange"
"735247",40040,"Quincy/Wells","10/05/2010","W",7297,2010-10-05,10,"Oct",2010,5,"Tuesday","(41.878723, -87.63374)","orange"
"735686",40040,"Quincy/Wells","07/17/2015","W",7611,2015-07-17,7,"Jul",2015,17,"Friday","(41.878723, -87.63374)","orange"
"735839",40040,"Quincy/Wells","05/31/2001","W",8276,2001-05-31,5,"May",2001,31,"Thursday","(41.878723, -87.63374)","orange"
"735905",40040,"Quincy/Wells","11/17/2011","W",8735,2011-11-17,11,"Nov",2011,17,"Thursday","(41.878723, -87.63374)","orange"
"735942",40040,"Quincy/Wells","12/10/2012","W",8103,2012-12-10,12,"Dec",2012,10,"Monday","(41.878723, -87.63374)","orange"
"736444",40040,"Quincy/Wells","12/11/2013","W",8310,2013-12-11,12,"Dec",2013,11,"Wednesday","(41.878723, -87.63374)","orange"
"736616",40040,"Quincy/Wells","11/18/2005","W",6408,2005-11-18,11,"Nov",2005,18,"Friday","(41.878723, -87.63374)","orange"
"736641",40040,"Quincy/Wells","12/14/2002","A",969,2002-12-14,12,"Dec",2002,14,"Saturday","(41.878723, -87.63374)","orange"
"736878",40040,"Quincy/Wells","02/12/2011","A",1505,2011-02-12,2,"Feb",2011,12,"Saturday","(41.878723, -87.63374)","orange"
"736898",40040,"Quincy/Wells","05/13/2003","W",7028,2003-05-13,5,"May",2003,13,"Tuesday","(41.878723, -87.63374)","orange"
"736904",40040,"Quincy/Wells","09/17/2011","A",2241,2011-09-17,9,"Sep",2011,17,"Saturday","(41.878723, -87.63374)","orange"
"736966",40040,"Quincy/Wells","02/17/2013","U",1645,2013-02-17,2,"Feb",2013,17,"Sunday","(41.878723, -87.63374)","orange"
"737082",40040,"Quincy/Wells","05/07/2014","W",8371,2014-05-07,5,"May",2014,7,"Wednesday","(41.878723, -87.63374)","orange"
"737858",40040,"Quincy/Wells","06/01/2012","W",7502,2012-06-01,6,"Jun",2012,1,"Friday","(41.878723, -87.63374)","orange"
"737891",40040,"Quincy/Wells","06/29/2010","W",7875,2010-06-29,6,"Jun",2010,29,"Tuesday","(41.878723, -87.63374)","orange"
"738204",40040,"Quincy/Wells","12/18/2003","W",6149,2003-12-18,12,"Dec",2003,18,"Thursday","(41.878723, -87.63374)","orange"
"738259",40040,"Quincy/Wells","02/17/2008","U",1162,2008-02-17,2,"Feb",2008,17,"Sunday","(41.878723, -87.63374)","orange"
"738381",40040,"Quincy/Wells","04/17/2017","W",8470,2017-04-17,4,"Apr",2017,17,"Monday","(41.878723, -87.63374)","orange"
"738665",40040,"Quincy/Wells","10/16/2015","W",8079,2015-10-16,10,"Oct",2015,16,"Friday","(41.878723, -87.63374)","orange"
"738746",40040,"Quincy/Wells","01/04/2009","U",1050,2009-01-04,1,"Jan",2009,4,"Sunday","(41.878723, -87.63374)","orange"
"738803",40040,"Quincy/Wells","01/13/2008","U",886,2008-01-13,1,"Jan",2008,13,"Sunday","(41.878723, -87.63374)","orange"
"738806",40040,"Quincy/Wells","10/12/2012","W",8227,2012-10-12,10,"Oct",2012,12,"Friday","(41.878723, -87.63374)","orange"
"739778",40040,"Quincy/Wells","09/03/2014","W",8291,2014-09-03,9,"Sep",2014,3,"Wednesday","(41.878723, -87.63374)","orange"
"740062",40040,"Quincy/Wells","06/12/2001","W",8498,2001-06-12,6,"Jun",2001,12,"Tuesday","(41.878723, -87.63374)","orange"
"740177",40040,"Quincy/Wells","01/25/2015","U",1138,2015-01-25,1,"Jan",2015,25,"Sunday","(41.878723, -87.63374)","orange"
"740190",40040,"Quincy/Wells","02/01/2016","W",8512,2016-02-01,2,"Feb",2016,1,"Monday","(41.878723, -87.63374)","orange"
"740233",40040,"Quincy/Wells","02/16/2006","W",6708,2006-02-16,2,"Feb",2006,16,"Thursday","(41.878723, -87.63374)","orange"
"740476",40040,"Quincy/Wells","06/23/2002","U",719,2002-06-23,6,"Jun",2002,23,"Sunday","(41.878723, -87.63374)","orange"
"740641",40040,"Quincy/Wells","02/17/2017","W",6872,2017-02-17,2,"Feb",2017,17,"Friday","(41.878723, -87.63374)","orange"
"740713",40040,"Quincy/Wells","02/17/2002","U",679,2002-02-17,2,"Feb",2002,17,"Sunday","(41.878723, -87.63374)","orange"
"741000",40040,"Quincy/Wells","03/18/2015","W",8199,2015-03-18,3,"Mar",2015,18,"Wednesday","(41.878723, -87.63374)","orange"
"741012",40040,"Quincy/Wells","01/20/2015","W",8219,2015-01-20,1,"Jan",2015,20,"Tuesday","(41.878723, -87.63374)","orange"
"741293",40040,"Quincy/Wells","02/09/2012","W",8123,2012-02-09,2,"Feb",2012,9,"Thursday","(41.878723, -87.63374)","orange"
"741384",40040,"Quincy/Wells","02/18/2004","W",6784,2004-02-18,2,"Feb",2004,18,"Wednesday","(41.878723, -87.63374)","orange"
"741881",40040,"Quincy/Wells","12/01/2013","U",1899,2013-12-01,12,"Dec",2013,1,"Sunday","(41.878723, -87.63374)","orange"
"742064",40040,"Quincy/Wells","06/02/2010","W",7380,2010-06-02,6,"Jun",2010,2,"Wednesday","(41.878723, -87.63374)","orange"
"742172",40040,"Quincy/Wells","09/19/2001","W",7999,2001-09-19,9,"Sep",2001,19,"Wednesday","(41.878723, -87.63374)","orange"
"742607",40040,"Quincy/Wells","03/07/2017","W",8455,2017-03-07,3,"Mar",2017,7,"Tuesday","(41.878723, -87.63374)","orange"
"742622",40040,"Quincy/Wells","04/21/2005","W",6448,2005-04-21,4,"Apr",2005,21,"Thursday","(41.878723, -87.63374)","orange"
"742751",40040,"Quincy/Wells","06/30/2006","W",6830,2006-06-30,6,"Jun",2006,30,"Friday","(41.878723, -87.63374)","orange"
"742813",40040,"Quincy/Wells","08/30/2010","W",7476,2010-08-30,8,"Aug",2010,30,"Monday","(41.878723, -87.63374)","orange"
"742931",40040,"Quincy/Wells","10/06/2005","W",7088,2005-10-06,10,"Oct",2005,6,"Thursday","(41.878723, -87.63374)","orange"
"742962",40040,"Quincy/Wells","06/29/2009","W",7758,2009-06-29,6,"Jun",2009,29,"Monday","(41.878723, -87.63374)","orange"
"742969",40040,"Quincy/Wells","04/11/2016","W",8414,2016-04-11,4,"Apr",2016,11,"Monday","(41.878723, -87.63374)","orange"
"742982",40040,"Quincy/Wells","10/23/2004","A",1121,2004-10-23,10,"Oct",2004,23,"Saturday","(41.878723, -87.63374)","orange"
"743058",40040,"Quincy/Wells","03/31/2013","U",1605,2013-03-31,3,"Mar",2013,31,"Sunday","(41.878723, -87.63374)","orange"
"743150",40040,"Quincy/Wells","10/11/2003","A",1355,2003-10-11,10,"Oct",2003,11,"Saturday","(41.878723, -87.63374)","orange"
"743159",40040,"Quincy/Wells","12/27/2012","W",5865,2012-12-27,12,"Dec",2012,27,"Thursday","(41.878723, -87.63374)","orange"
"743214",40040,"Quincy/Wells","08/07/2014","W",8544,2014-08-07,8,"Aug",2014,7,"Thursday","(41.878723, -87.63374)","orange"
"743242",40040,"Quincy/Wells","04/19/2007","W",6353,2007-04-19,4,"Apr",2007,19,"Thursday","(41.878723, -87.63374)","orange"
"743310",40040,"Quincy/Wells","07/31/2011","U",1876,2011-07-31,7,"Jul",2011,31,"Sunday","(41.878723, -87.63374)","orange"
"743412",40040,"Quincy/Wells","09/24/2011","A",1826,2011-09-24,9,"Sep",2011,24,"Saturday","(41.878723, -87.63374)","orange"
"743472",40040,"Quincy/Wells","11/19/2017","U",1290,2017-11-19,11,"Nov",2017,19,"Sunday","(41.878723, -87.63374)","orange"
"743597",40040,"Quincy/Wells","09/22/2009","W",7493,2009-09-22,9,"Sep",2009,22,"Tuesday","(41.878723, -87.63374)","orange"
"743795",40040,"Quincy/Wells","06/03/2006","A",1219,2006-06-03,6,"Jun",2006,3,"Saturday","(41.878723, -87.63374)","orange"
"744058",40040,"Quincy/Wells","05/26/2007","A",1455,2007-05-26,5,"May",2007,26,"Saturday","(41.878723, -87.63374)","orange"
"744451",40040,"Quincy/Wells","05/15/2003","W",6910,2003-05-15,5,"May",2003,15,"Thursday","(41.878723, -87.63374)","orange"
"744497",40040,"Quincy/Wells","04/15/2009","W",7486,2009-04-15,4,"Apr",2009,15,"Wednesday","(41.878723, -87.63374)","orange"
"744535",40040,"Quincy/Wells","05/02/2010","U",1253,2010-05-02,5,"May",2010,2,"Sunday","(41.878723, -87.63374)","orange"
"744581",40040,"Quincy/Wells","07/04/2009","A",1748,2009-07-04,7,"Jul",2009,4,"Saturday","(41.878723, -87.63374)","orange"
"745229",40040,"Quincy/Wells","02/07/2015","A",1606,2015-02-07,2,"Feb",2015,7,"Saturday","(41.878723, -87.63374)","orange"
"745308",40040,"Quincy/Wells","08/29/2013","W",8259,2013-08-29,8,"Aug",2013,29,"Thursday","(41.878723, -87.63374)","orange"
"745446",40040,"Quincy/Wells","08/21/2012","W",8404,2012-08-21,8,"Aug",2012,21,"Tuesday","(41.878723, -87.63374)","orange"
"745452",40040,"Quincy/Wells","05/27/2009","W",7868,2009-05-27,5,"May",2009,27,"Wednesday","(41.878723, -87.63374)","orange"
"745793",40040,"Quincy/Wells","06/15/2012","W",7590,2012-06-15,6,"Jun",2012,15,"Friday","(41.878723, -87.63374)","orange"
"745890",40040,"Quincy/Wells","03/24/2011","W",7779,2011-03-24,3,"Mar",2011,24,"Thursday","(41.878723, -87.63374)","orange"
"746079",40040,"Quincy/Wells","09/06/2006","W",7680,2006-09-06,9,"Sep",2006,6,"Wednesday","(41.878723, -87.63374)","orange"
"746345",40040,"Quincy/Wells","01/23/2015","W",7680,2015-01-23,1,"Jan",2015,23,"Friday","(41.878723, -87.63374)","orange"
"746500",40040,"Quincy/Wells","03/15/2017","W",8687,2017-03-15,3,"Mar",2017,15,"Wednesday","(41.878723, -87.63374)","orange"
"746640",40040,"Quincy/Wells","08/16/2007","W",6913,2007-08-16,8,"Aug",2007,16,"Thursday","(41.878723, -87.63374)","orange"
"746643",40040,"Quincy/Wells","07/11/2014","W",8245,2014-07-11,7,"Jul",2014,11,"Friday","(41.878723, -87.63374)","orange"
"746865",40040,"Quincy/Wells","12/23/2015","W",4945,2015-12-23,12,"Dec",2015,23,"Wednesday","(41.878723, -87.63374)","orange"
"747003",40040,"Quincy/Wells","07/15/2010","W",8065,2010-07-15,7,"Jul",2010,15,"Thursday","(41.878723, -87.63374)","orange"
"747048",40040,"Quincy/Wells","11/17/2003","W",7150,2003-11-17,11,"Nov",2003,17,"Monday","(41.878723, -87.63374)","orange"
"747092",40040,"Quincy/Wells","09/04/2007","W",7175,2007-09-04,9,"Sep",2007,4,"Tuesday","(41.878723, -87.63374)","orange"
"747121",40040,"Quincy/Wells","05/18/2011","W",7773,2011-05-18,5,"May",2011,18,"Wednesday","(41.878723, -87.63374)","orange"
"747211",40040,"Quincy/Wells","09/21/2004","W",6508,2004-09-21,9,"Sep",2004,21,"Tuesday","(41.878723, -87.63374)","orange"
"747582",40040,"Quincy/Wells","10/01/2017","U",1455,2017-10-01,10,"Oct",2017,1,"Sunday","(41.878723, -87.63374)","orange"
"747628",40040,"Quincy/Wells","09/26/2015","A",1494,2015-09-26,9,"Sep",2015,26,"Saturday","(41.878723, -87.63374)","orange"
"747684",40040,"Quincy/Wells","05/30/2010","U",1609,2010-05-30,5,"May",2010,30,"Sunday","(41.878723, -87.63374)","orange"
"747689",40040,"Quincy/Wells","12/22/2007","A",1072,2007-12-22,12,"Dec",2007,22,"Saturday","(41.878723, -87.63374)","orange"
"747743",40040,"Quincy/Wells","12/05/2003","W",6168,2003-12-05,12,"Dec",2003,5,"Friday","(41.878723, -87.63374)","orange"
"747765",40040,"Quincy/Wells","12/05/2012","W",8183,2012-12-05,12,"Dec",2012,5,"Wednesday","(41.878723, -87.63374)","orange"
"747892",40040,"Quincy/Wells","03/26/2001","W",8185,2001-03-26,3,"Mar",2001,26,"Monday","(41.878723, -87.63374)","orange"
"748102",40040,"Quincy/Wells","06/08/2017","W",8657,2017-06-08,6,"Jun",2017,8,"Thursday","(41.878723, -87.63374)","orange"
"748400",40040,"Quincy/Wells","08/16/2016","W",8879,2016-08-16,8,"Aug",2016,16,"Tuesday","(41.878723, -87.63374)","orange"
"748455",40040,"Quincy/Wells","11/12/2017","U",1242,2017-11-12,11,"Nov",2017,12,"Sunday","(41.878723, -87.63374)","orange"
"748691",40040,"Quincy/Wells","06/23/2004","W",6940,2004-06-23,6,"Jun",2004,23,"Wednesday","(41.878723, -87.63374)","orange"
"748773",40040,"Quincy/Wells","07/01/2003","W",7098,2003-07-01,7,"Jul",2003,1,"Tuesday","(41.878723, -87.63374)","orange"
"748784",40040,"Quincy/Wells","07/06/2006","W",7367,2006-07-06,7,"Jul",2006,6,"Thursday","(41.878723, -87.63374)","orange"
"748854",40040,"Quincy/Wells","09/11/2005","U",958,2005-09-11,9,"Sep",2005,11,"Sunday","(41.878723, -87.63374)","orange"
"748990",40040,"Quincy/Wells","09/06/2007","W",7405,2007-09-06,9,"Sep",2007,6,"Thursday","(41.878723, -87.63374)","orange"
"749015",40040,"Quincy/Wells","11/30/2003","U",928,2003-11-30,11,"Nov",2003,30,"Sunday","(41.878723, -87.63374)","orange"
"749078",40040,"Quincy/Wells","07/08/2004","W",6658,2004-07-08,7,"Jul",2004,8,"Thursday","(41.878723, -87.63374)","orange"
"749232",40040,"Quincy/Wells","01/24/2012","W",8236,2012-01-24,1,"Jan",2012,24,"Tuesday","(41.878723, -87.63374)","orange"
"749418",40040,"Quincy/Wells","11/01/2010","W",7535,2010-11-01,11,"Nov",2010,1,"Monday","(41.878723, -87.63374)","orange"
"749448",40040,"Quincy/Wells","02/19/2016","W",7731,2016-02-19,2,"Feb",2016,19,"Friday","(41.878723, -87.63374)","orange"
"749922",40040,"Quincy/Wells","07/03/2013","W",7698,2013-07-03,7,"Jul",2013,3,"Wednesday","(41.878723, -87.63374)","orange"
"749997",40040,"Quincy/Wells","01/11/2003","A",812,2003-01-11,1,"Jan",2003,11,"Saturday","(41.878723, -87.63374)","orange"
"750085",40040,"Quincy/Wells","02/17/2003","W",4258,2003-02-17,2,"Feb",2003,17,"Monday","(41.878723, -87.63374)","orange"
"750164",40040,"Quincy/Wells","05/10/2010","W",7362,2010-05-10,5,"May",2010,10,"Monday","(41.878723, -87.63374)","orange"
"750377",40040,"Quincy/Wells","11/21/2005","W",6882,2005-11-21,11,"Nov",2005,21,"Monday","(41.878723, -87.63374)","orange"
"750416",40040,"Quincy/Wells","05/23/2003","W",6050,2003-05-23,5,"May",2003,23,"Friday","(41.878723, -87.63374)","orange"
"750474",40040,"Quincy/Wells","02/28/2009","A",1555,2009-02-28,2,"Feb",2009,28,"Saturday","(41.878723, -87.63374)","orange"
"750492",40040,"Quincy/Wells","01/15/2004","W",6752,2004-01-15,1,"Jan",2004,15,"Thursday","(41.878723, -87.63374)","orange"
"750873",40040,"Quincy/Wells","04/16/2007","W",6720,2007-04-16,4,"Apr",2007,16,"Monday","(41.878723, -87.63374)","orange"
"751311",40040,"Quincy/Wells","08/04/2014","W",8693,2014-08-04,8,"Aug",2014,4,"Monday","(41.878723, -87.63374)","orange"
"751382",40040,"Quincy/Wells","11/05/2009","W",7400,2009-11-05,11,"Nov",2009,5,"Thursday","(41.878723, -87.63374)","orange"
"751488",40040,"Quincy/Wells","08/01/2009","A",2174,2009-08-01,8,"Aug",2009,1,"Saturday","(41.878723, -87.63374)","orange"
"751616",40040,"Quincy/Wells","04/05/2014","A",2556,2014-04-05,4,"Apr",2014,5,"Saturday","(41.878723, -87.63374)","orange"
"751757",40040,"Quincy/Wells","03/02/2008","U",1250,2008-03-02,3,"Mar",2008,2,"Sunday","(41.878723, -87.63374)","orange"
"751833",40040,"Quincy/Wells","09/05/2011","U",2042,2011-09-05,9,"Sep",2011,5,"Monday","(41.878723, -87.63374)","orange"
"751902",40040,"Quincy/Wells","05/17/2011","W",7971,2011-05-17,5,"May",2011,17,"Tuesday","(41.878723, -87.63374)","orange"
"751983",40040,"Quincy/Wells","06/15/2017","W",8487,2017-06-15,6,"Jun",2017,15,"Thursday","(41.878723, -87.63374)","orange"
"752133",40040,"Quincy/Wells","02/28/2003","W",6560,2003-02-28,2,"Feb",2003,28,"Friday","(41.878723, -87.63374)","orange"
"752178",40040,"Quincy/Wells","09/12/2006","W",7616,2006-09-12,9,"Sep",2006,12,"Tuesday","(41.878723, -87.63374)","orange"
"752295",40040,"Quincy/Wells","02/21/2016","U",1241,2016-02-21,2,"Feb",2016,21,"Sunday","(41.878723, -87.63374)","orange"
"752354",40040,"Quincy/Wells","12/30/2005","W",4279,2005-12-30,12,"Dec",2005,30,"Friday","(41.878723, -87.63374)","orange"
"752672",40040,"Quincy/Wells","09/10/2017","U",1410,2017-09-10,9,"Sep",2017,10,"Sunday","(41.878723, -87.63374)","orange"
"753295",40040,"Quincy/Wells","10/20/2005","W",7044,2005-10-20,10,"Oct",2005,20,"Thursday","(41.878723, -87.63374)","orange"
"753514",40040,"Quincy/Wells","04/02/2008","W",7222,2008-04-02,4,"Apr",2008,2,"Wednesday","(41.878723, -87.63374)","orange"
"753553",40040,"Quincy/Wells","07/23/2017","U",1534,2017-07-23,7,"Jul",2017,23,"Sunday","(41.878723, -87.63374)","orange"
"753615",40040,"Quincy/Wells","05/16/2010","U",1350,2010-05-16,5,"May",2010,16,"Sunday","(41.878723, -87.63374)","orange"
"753662",40040,"Quincy/Wells","09/07/2011","W",8372,2011-09-07,9,"Sep",2011,7,"Wednesday","(41.878723, -87.63374)","orange"
"753876",40040,"Quincy/Wells","06/20/2010","U",1572,2010-06-20,6,"Jun",2010,20,"Sunday","(41.878723, -87.63374)","orange"
"753972",40040,"Quincy/Wells","01/20/2011","W",7338,2011-01-20,1,"Jan",2011,20,"Thursday","(41.878723, -87.63374)","orange"
"753985",40040,"Quincy/Wells","08/28/2003","W",6647,2003-08-28,8,"Aug",2003,28,"Thursday","(41.878723, -87.63374)","orange"
"754113",40040,"Quincy/Wells","01/23/2011","U",1069,2011-01-23,1,"Jan",2011,23,"Sunday","(41.878723, -87.63374)","orange"
"754476",40040,"Quincy/Wells","05/22/2009","W",6522,2009-05-22,5,"May",2009,22,"Friday","(41.878723, -87.63374)","orange"
"754715",40040,"Quincy/Wells","05/21/2014","W",8537,2014-05-21,5,"May",2014,21,"Wednesday","(41.878723, -87.63374)","orange"
"754813",40040,"Quincy/Wells","06/03/2011","W",7709,2011-06-03,6,"Jun",2011,3,"Friday","(41.878723, -87.63374)","orange"
"754895",40040,"Quincy/Wells","02/08/2010","W",7270,2010-02-08,2,"Feb",2010,8,"Monday","(41.878723, -87.63374)","orange"
"754923",40040,"Quincy/Wells","10/17/2006","W",7542,2006-10-17,10,"Oct",2006,17,"Tuesday","(41.878723, -87.63374)","orange"
"755041",40040,"Quincy/Wells","01/06/2011","W",7656,2011-01-06,1,"Jan",2011,6,"Thursday","(41.878723, -87.63374)","orange"
"755372",40040,"Quincy/Wells","08/13/2007","W",6989,2007-08-13,8,"Aug",2007,13,"Monday","(41.878723, -87.63374)","orange"
"755449",40040,"Quincy/Wells","06/12/2005","U",912,2005-06-12,6,"Jun",2005,12,"Sunday","(41.878723, -87.63374)","orange"
"755516",40040,"Quincy/Wells","03/25/2001","U",562,2001-03-25,3,"Mar",2001,25,"Sunday","(41.878723, -87.63374)","orange"
"755590",40040,"Quincy/Wells","08/01/2012","W",8864,2012-08-01,8,"Aug",2012,1,"Wednesday","(41.878723, -87.63374)","orange"
"755853",40040,"Quincy/Wells","02/02/2009","W",7628,2009-02-02,2,"Feb",2009,2,"Monday","(41.878723, -87.63374)","orange"
"756283",40040,"Quincy/Wells","06/25/2009","W",7520,2009-06-25,6,"Jun",2009,25,"Thursday","(41.878723, -87.63374)","orange"
"756336",40040,"Quincy/Wells","11/26/2001","W",7731,2001-11-26,11,"Nov",2001,26,"Monday","(41.878723, -87.63374)","orange"
"756518",40040,"Quincy/Wells","04/14/2013","U",1590,2013-04-14,4,"Apr",2013,14,"Sunday","(41.878723, -87.63374)","orange"
"756625",40040,"Quincy/Wells","08/13/2001","W",8168,2001-08-13,8,"Aug",2001,13,"Monday","(41.878723, -87.63374)","orange"
"756668",40040,"Quincy/Wells","09/27/2009","U",1656,2009-09-27,9,"Sep",2009,27,"Sunday","(41.878723, -87.63374)","orange"
"756841",40040,"Quincy/Wells","02/13/2014","W",8462,2014-02-13,2,"Feb",2014,13,"Thursday","(41.878723, -87.63374)","orange"
"757125",40040,"Quincy/Wells","11/04/2008","W",7683,2008-11-04,11,"Nov",2008,4,"Tuesday","(41.878723, -87.63374)","orange"
"757216",40040,"Quincy/Wells","08/10/2003","U",968,2003-08-10,8,"Aug",2003,10,"Sunday","(41.878723, -87.63374)","orange"
"757258",40040,"Quincy/Wells","12/21/2002","A",760,2002-12-21,12,"Dec",2002,21,"Saturday","(41.878723, -87.63374)","orange"
"757338",40040,"Quincy/Wells","01/23/2007","W",7337,2007-01-23,1,"Jan",2007,23,"Tuesday","(41.878723, -87.63374)","orange"
"757802",40040,"Quincy/Wells","02/12/2016","W",7341,2016-02-12,2,"Feb",2016,12,"Friday","(41.878723, -87.63374)","orange"
"757928",40040,"Quincy/Wells","05/11/2013","A",1768,2013-05-11,5,"May",2013,11,"Saturday","(41.878723, -87.63374)","orange"
"757957",40040,"Quincy/Wells","02/14/2008","W",7110,2008-02-14,2,"Feb",2008,14,"Thursday","(41.878723, -87.63374)","orange"
"758030",40040,"Quincy/Wells","03/22/2016","W",8286,2016-03-22,3,"Mar",2016,22,"Tuesday","(41.878723, -87.63374)","orange"
"758159",40040,"Quincy/Wells","08/08/2013","W",8503,2013-08-08,8,"Aug",2013,8,"Thursday","(41.878723, -87.63374)","orange"
"758724",40040,"Quincy/Wells","12/13/2008","A",1380,2008-12-13,12,"Dec",2008,13,"Saturday","(41.878723, -87.63374)","orange"
"759170",40040,"Quincy/Wells","01/23/2004","W",6554,2004-01-23,1,"Jan",2004,23,"Friday","(41.878723, -87.63374)","orange"
"759201",40040,"Quincy/Wells","07/27/2017","W",8491,2017-07-27,7,"Jul",2017,27,"Thursday","(41.878723, -87.63374)","orange"
"759278",40040,"Quincy/Wells","10/30/2007","W",7049,2007-10-30,10,"Oct",2007,30,"Tuesday","(41.878723, -87.63374)","orange"
"759503",40040,"Quincy/Wells","01/23/2010","A",1289,2010-01-23,1,"Jan",2010,23,"Saturday","(41.878723, -87.63374)","orange"
"759631",40040,"Quincy/Wells","11/04/2001","U",753,2001-11-04,11,"Nov",2001,4,"Sunday","(41.878723, -87.63374)","orange"
"759659",40040,"Quincy/Wells","03/11/2015","W",8155,2015-03-11,3,"Mar",2015,11,"Wednesday","(41.878723, -87.63374)","orange"
"759961",40040,"Quincy/Wells","08/16/2003","A",1602,2003-08-16,8,"Aug",2003,16,"Saturday","(41.878723, -87.63374)","orange"
"760160",40040,"Quincy/Wells","02/13/2015","W",7532,2015-02-13,2,"Feb",2015,13,"Friday","(41.878723, -87.63374)","orange"
"760327",40040,"Quincy/Wells","03/11/2013","W",7319,2013-03-11,3,"Mar",2013,11,"Monday","(41.878723, -87.63374)","orange"
"760733",40040,"Quincy/Wells","01/17/2014","W",8178,2014-01-17,1,"Jan",2014,17,"Friday","(41.878723, -87.63374)","orange"
"760770",40040,"Quincy/Wells","09/02/2004","W",6529,2004-09-02,9,"Sep",2004,2,"Thursday","(41.878723, -87.63374)","orange"
"760888",40040,"Quincy/Wells","10/16/2006","W",7965,2006-10-16,10,"Oct",2006,16,"Monday","(41.878723, -87.63374)","orange"
"761055",40040,"Quincy/Wells","07/13/2001","W",7530,2001-07-13,7,"Jul",2001,13,"Friday","(41.878723, -87.63374)","orange"
"761070",40040,"Quincy/Wells","08/19/2008","W",7748,2008-08-19,8,"Aug",2008,19,"Tuesday","(41.878723, -87.63374)","orange"
"761077",40040,"Quincy/Wells","06/11/2011","A",1932,2011-06-11,6,"Jun",2011,11,"Saturday","(41.878723, -87.63374)","orange"
"761312",40040,"Quincy/Wells","07/13/2006","W",7561,2006-07-13,7,"Jul",2006,13,"Thursday","(41.878723, -87.63374)","orange"
"761337",40040,"Quincy/Wells","01/02/2009","W",4460,2009-01-02,1,"Jan",2009,2,"Friday","(41.878723, -87.63374)","orange"
"761571",40040,"Quincy/Wells","12/07/2007","W",6369,2007-12-07,12,"Dec",2007,7,"Friday","(41.878723, -87.63374)","orange"
"761883",40040,"Quincy/Wells","10/20/2008","W",7784,2008-10-20,10,"Oct",2008,20,"Monday","(41.878723, -87.63374)","orange"
"762023",40040,"Quincy/Wells","03/17/2016","W",8317,2016-03-17,3,"Mar",2016,17,"Thursday","(41.878723, -87.63374)","orange"
"762389",40040,"Quincy/Wells","02/27/2015","W",7648,2015-02-27,2,"Feb",2015,27,"Friday","(41.878723, -87.63374)","orange"
"762636",40040,"Quincy/Wells","03/29/2015","U",1505,2015-03-29,3,"Mar",2015,29,"Sunday","(41.878723, -87.63374)","orange"
"762728",40040,"Quincy/Wells","02/19/2013","W",8309,2013-02-19,2,"Feb",2013,19,"Tuesday","(41.878723, -87.63374)","orange"
"762774",40040,"Quincy/Wells","03/16/2001","W",23,2001-03-16,3,"Mar",2001,16,"Friday","(41.878723, -87.63374)","orange"
"763396",40040,"Quincy/Wells","03/22/2002","W",6939,2002-03-22,3,"Mar",2002,22,"Friday","(41.878723, -87.63374)","orange"
"763412",40040,"Quincy/Wells","01/19/2012","W",8241,2012-01-19,1,"Jan",2012,19,"Thursday","(41.878723, -87.63374)","orange"
"763719",40040,"Quincy/Wells","12/09/2008","W",7112,2008-12-09,12,"Dec",2008,9,"Tuesday","(41.878723, -87.63374)","orange"
"763751",40040,"Quincy/Wells","12/27/2016","W",5437,2016-12-27,12,"Dec",2016,27,"Tuesday","(41.878723, -87.63374)","orange"
"763994",40040,"Quincy/Wells","09/07/2013","A",2137,2013-09-07,9,"Sep",2013,7,"Saturday","(41.878723, -87.63374)","orange"
"764293",40040,"Quincy/Wells","07/10/2007","W",7422,2007-07-10,7,"Jul",2007,10,"Tuesday","(41.878723, -87.63374)","orange"
"764736",40040,"Quincy/Wells","12/01/2007","A",1308,2007-12-01,12,"Dec",2007,1,"Saturday","(41.878723, -87.63374)","orange"
"764762",40040,"Quincy/Wells","02/11/2004","W",6752,2004-02-11,2,"Feb",2004,11,"Wednesday","(41.878723, -87.63374)","orange"
"764833",40040,"Quincy/Wells","12/18/2010","A",1303,2010-12-18,12,"Dec",2010,18,"Saturday","(41.878723, -87.63374)","orange"
"765025",40040,"Quincy/Wells","09/17/2007","W",7469,2007-09-17,9,"Sep",2007,17,"Monday","(41.878723, -87.63374)","orange"
"765446",40040,"Quincy/Wells","01/04/2008","W",6663,2008-01-04,1,"Jan",2008,4,"Friday","(41.878723, -87.63374)","orange"
"765794",40040,"Quincy/Wells","04/03/2012","W",8111,2012-04-03,4,"Apr",2012,3,"Tuesday","(41.878723, -87.63374)","orange"
"765871",40040,"Quincy/Wells","04/05/2009","U",1160,2009-04-05,4,"Apr",2009,5,"Sunday","(41.878723, -87.63374)","orange"
"766121",40040,"Quincy/Wells","12/29/2007","A",1421,2007-12-29,12,"Dec",2007,29,"Saturday","(41.878723, -87.63374)","orange"
"766127",40040,"Quincy/Wells","11/23/2004","W",6454,2004-11-23,11,"Nov",2004,23,"Tuesday","(41.878723, -87.63374)","orange"
"766238",40040,"Quincy/Wells","08/27/2011","A",1928,2011-08-27,8,"Aug",2011,27,"Saturday","(41.878723, -87.63374)","orange"
"766311",40040,"Quincy/Wells","02/06/2008","W",7375,2008-02-06,2,"Feb",2008,6,"Wednesday","(41.878723, -87.63374)","orange"
"766673",40040,"Quincy/Wells","11/25/2016","W",2167,2016-11-25,11,"Nov",2016,25,"Friday","(41.878723, -87.63374)","orange"
"767050",40040,"Quincy/Wells","06/08/2015","W",8413,2015-06-08,6,"Jun",2015,8,"Monday","(41.878723, -87.63374)","orange"
"767057",40040,"Quincy/Wells","01/11/2012","W",8054,2012-01-11,1,"Jan",2012,11,"Wednesday","(41.878723, -87.63374)","orange"
"767063",40040,"Quincy/Wells","04/13/2008","U",1394,2008-04-13,4,"Apr",2008,13,"Sunday","(41.878723, -87.63374)","orange"
"767119",40040,"Quincy/Wells","05/05/2004","W",6921,2004-05-05,5,"May",2004,5,"Wednesday","(41.878723, -87.63374)","orange"
"767372",40040,"Quincy/Wells","12/01/2006","W",7146,2006-12-01,12,"Dec",2006,1,"Friday","(41.878723, -87.63374)","orange"
"767390",40040,"Quincy/Wells","10/29/2013","W",8731,2013-10-29,10,"Oct",2013,29,"Tuesday","(41.878723, -87.63374)","orange"
"767650",40040,"Quincy/Wells","01/27/2006","W",6489,2006-01-27,1,"Jan",2006,27,"Friday","(41.878723, -87.63374)","orange"
"767703",40040,"Quincy/Wells","08/13/2011","A",2178,2011-08-13,8,"Aug",2011,13,"Saturday","(41.878723, -87.63374)","orange"
"767727",40040,"Quincy/Wells","04/30/2003","W",6844,2003-04-30,4,"Apr",2003,30,"Wednesday","(41.878723, -87.63374)","orange"
"767941",40040,"Quincy/Wells","09/14/2014","U",1729,2014-09-14,9,"Sep",2014,14,"Sunday","(41.878723, -87.63374)","orange"
"767949",40040,"Quincy/Wells","01/03/2008","W",6893,2008-01-03,1,"Jan",2008,3,"Thursday","(41.878723, -87.63374)","orange"
"767955",40040,"Quincy/Wells","05/02/2007","W",6615,2007-05-02,5,"May",2007,2,"Wednesday","(41.878723, -87.63374)","orange"
"768049",40040,"Quincy/Wells","02/11/2014","W",8657,2014-02-11,2,"Feb",2014,11,"Tuesday","(41.878723, -87.63374)","orange"
"768163",40040,"Quincy/Wells","09/05/2005","U",1341,2005-09-05,9,"Sep",2005,5,"Monday","(41.878723, -87.63374)","orange"
"768334",40040,"Quincy/Wells","08/26/2001","U",927,2001-08-26,8,"Aug",2001,26,"Sunday","(41.878723, -87.63374)","orange"
"768383",40040,"Quincy/Wells","04/01/2017","A",1769,2017-04-01,4,"Apr",2017,1,"Saturday","(41.878723, -87.63374)","orange"
"768431",40040,"Quincy/Wells","09/23/2009","W",7500,2009-09-23,9,"Sep",2009,23,"Wednesday","(41.878723, -87.63374)","orange"
"768634",40040,"Quincy/Wells","01/28/2003","W",7634,2003-01-28,1,"Jan",2003,28,"Tuesday","(41.878723, -87.63374)","orange"
"768646",40040,"Quincy/Wells","08/22/2013","W",8135,2013-08-22,8,"Aug",2013,22,"Thursday","(41.878723, -87.63374)","orange"
"768846",40040,"Quincy/Wells","03/09/2001","W",7741,2001-03-09,3,"Mar",2001,9,"Friday","(41.878723, -87.63374)","orange"
"768934",40040,"Quincy/Wells","07/23/2013","W",8675,2013-07-23,7,"Jul",2013,23,"Tuesday","(41.878723, -87.63374)","orange"
"768960",40040,"Quincy/Wells","06/26/2006","W",7544,2006-06-26,6,"Jun",2006,26,"Monday","(41.878723, -87.63374)","orange"
"768966",40040,"Quincy/Wells","06/04/2015","W",7997,2015-06-04,6,"Jun",2015,4,"Thursday","(41.878723, -87.63374)","orange"
"769011",40040,"Quincy/Wells","09/28/2014","U",1646,2014-09-28,9,"Sep",2014,28,"Sunday","(41.878723, -87.63374)","orange"
"769042",40040,"Quincy/Wells","07/23/2001","W",8105,2001-07-23,7,"Jul",2001,23,"Monday","(41.878723, -87.63374)","orange"
"769727",40040,"Quincy/Wells","02/07/2009","A",1444,2009-02-07,2,"Feb",2009,7,"Saturday","(41.878723, -87.63374)","orange"
"770023",40040,"Quincy/Wells","04/28/2004","W",6568,2004-04-28,4,"Apr",2004,28,"Wednesday","(41.878723, -87.63374)","orange"
"770184",40040,"Quincy/Wells","05/20/2017","A",1353,2017-05-20,5,"May",2017,20,"Saturday","(41.878723, -87.63374)","orange"
"770240",40040,"Quincy/Wells","12/03/2003","W",6878,2003-12-03,12,"Dec",2003,3,"Wednesday","(41.878723, -87.63374)","orange"
"770542",40040,"Quincy/Wells","06/05/2010","A",1449,2010-06-05,6,"Jun",2010,5,"Saturday","(41.878723, -87.63374)","orange"
"770613",40040,"Quincy/Wells","03/21/2006","W",6783,2006-03-21,3,"Mar",2006,21,"Tuesday","(41.878723, -87.63374)","orange"
"770721",40040,"Quincy/Wells","08/29/2006","W",7551,2006-08-29,8,"Aug",2006,29,"Tuesday","(41.878723, -87.63374)","orange"
"770745",40040,"Quincy/Wells","04/22/2001","U",582,2001-04-22,4,"Apr",2001,22,"Sunday","(41.878723, -87.63374)","orange"
"770794",40040,"Quincy/Wells","05/13/2008","W",7438,2008-05-13,5,"May",2008,13,"Tuesday","(41.878723, -87.63374)","orange"
"770801",40040,"Quincy/Wells","03/20/2017","W",8464,2017-03-20,3,"Mar",2017,20,"Monday","(41.878723, -87.63374)","orange"
"771167",40040,"Quincy/Wells","02/08/2006","W",6866,2006-02-08,2,"Feb",2006,8,"Wednesday","(41.878723, -87.63374)","orange"
"771241",40040,"Quincy/Wells","09/26/2012","W",8239,2012-09-26,9,"Sep",2012,26,"Wednesday","(41.878723, -87.63374)","orange"
"771283",40040,"Quincy/Wells","03/28/2009","A",1611,2009-03-28,3,"Mar",2009,28,"Saturday","(41.878723, -87.63374)","orange"
"771306",40040,"Quincy/Wells","10/10/2014","W",7940,2014-10-10,10,"Oct",2014,10,"Friday","(41.878723, -87.63374)","orange"
"771324",40040,"Quincy/Wells","03/10/2006","W",9297,2006-03-10,3,"Mar",2006,10,"Friday","(41.878723, -87.63374)","orange"
"771415",40040,"Quincy/Wells","06/28/2012","W",8422,2012-06-28,6,"Jun",2012,28,"Thursday","(41.878723, -87.63374)","orange"
"771614",40040,"Quincy/Wells","08/08/2017","W",8776,2017-08-08,8,"Aug",2017,8,"Tuesday","(41.878723, -87.63374)","orange"
"771725",40040,"Quincy/Wells","07/20/2004","W",6900,2004-07-20,7,"Jul",2004,20,"Tuesday","(41.878723, -87.63374)","orange"
"771950",40040,"Quincy/Wells","11/28/2017","W",8325,2017-11-28,11,"Nov",2017,28,"Tuesday","(41.878723, -87.63374)","orange"
"772108",40040,"Quincy/Wells","12/18/2006","W",6883,2006-12-18,12,"Dec",2006,18,"Monday","(41.878723, -87.63374)","orange"
"772272",40040,"Quincy/Wells","07/30/2014","W",8608,2014-07-30,7,"Jul",2014,30,"Wednesday","(41.878723, -87.63374)","orange"
"772486",40040,"Quincy/Wells","02/06/2012","W",8161,2012-02-06,2,"Feb",2012,6,"Monday","(41.878723, -87.63374)","orange"
"772739",40040,"Quincy/Wells","02/01/2012","W",8006,2012-02-01,2,"Feb",2012,1,"Wednesday","(41.878723, -87.63374)","orange"
"772827",40040,"Quincy/Wells","08/05/2009","W",7764,2009-08-05,8,"Aug",2009,5,"Wednesday","(41.878723, -87.63374)","orange"
"772837",40040,"Quincy/Wells","07/08/2002","W",7904,2002-07-08,7,"Jul",2002,8,"Monday","(41.878723, -87.63374)","orange"
"773262",40040,"Quincy/Wells","02/11/2015","W",8024,2015-02-11,2,"Feb",2015,11,"Wednesday","(41.878723, -87.63374)","orange"
"773425",40040,"Quincy/Wells","08/12/2002","W",7914,2002-08-12,8,"Aug",2002,12,"Monday","(41.878723, -87.63374)","orange"
"773582",40040,"Quincy/Wells","10/15/2007","W",7255,2007-10-15,10,"Oct",2007,15,"Monday","(41.878723, -87.63374)","orange"
"773635",40040,"Quincy/Wells","04/26/2006","W",7052,2006-04-26,4,"Apr",2006,26,"Wednesday","(41.878723, -87.63374)","orange"
"773789",40040,"Quincy/Wells","08/14/2012","W",8817,2012-08-14,8,"Aug",2012,14,"Tuesday","(41.878723, -87.63374)","orange"
"773806",40040,"Quincy/Wells","12/24/2003","W",2871,2003-12-24,12,"Dec",2003,24,"Wednesday","(41.878723, -87.63374)","orange"
"773820",40040,"Quincy/Wells","09/17/2005","A",1465,2005-09-17,9,"Sep",2005,17,"Saturday","(41.878723, -87.63374)","orange"
"773959",40040,"Quincy/Wells","06/19/2015","W",7636,2015-06-19,6,"Jun",2015,19,"Friday","(41.878723, -87.63374)","orange"
"774030",40040,"Quincy/Wells","05/27/2002","U",775,2002-05-27,5,"May",2002,27,"Monday","(41.878723, -87.63374)","orange"
"774271",40040,"Quincy/Wells","12/29/2001","A",770,2001-12-29,12,"Dec",2001,29,"Saturday","(41.878723, -87.63374)","orange"
"774891",40040,"Quincy/Wells","06/10/2007","U",1230,2007-06-10,6,"Jun",2007,10,"Sunday","(41.878723, -87.63374)","orange"
"774899",40040,"Quincy/Wells","09/22/2008","W",7519,2008-09-22,9,"Sep",2008,22,"Monday","(41.878723, -87.63374)","orange"
"775085",40040,"Quincy/Wells","06/14/2001","W",8213,2001-06-14,6,"Jun",2001,14,"Thursday","(41.878723, -87.63374)","orange"
"775217",40040,"Quincy/Wells","04/04/2010","U",1426,2010-04-04,4,"Apr",2010,4,"Sunday","(41.878723, -87.63374)","orange"
"775220",40040,"Quincy/Wells","09/26/2009","A",1848,2009-09-26,9,"Sep",2009,26,"Saturday","(41.878723, -87.63374)","orange"
"775331",40040,"Quincy/Wells","11/14/2008","W",7281,2008-11-14,11,"Nov",2008,14,"Friday","(41.878723, -87.63374)","orange"
"775437",40040,"Quincy/Wells","07/21/2017","W",8068,2017-07-21,7,"Jul",2017,21,"Friday","(41.878723, -87.63374)","orange"
"775607",40040,"Quincy/Wells","07/15/2012","U",1921,2012-07-15,7,"Jul",2012,15,"Sunday","(41.878723, -87.63374)","orange"
"775789",40040,"Quincy/Wells","03/02/2011","W",7705,2011-03-02,3,"Mar",2011,2,"Wednesday","(41.878723, -87.63374)","orange"
"775852",40040,"Quincy/Wells","12/08/2001","A",871,2001-12-08,12,"Dec",2001,8,"Saturday","(41.878723, -87.63374)","orange"
"776010",40040,"Quincy/Wells","12/15/2014","W",8161,2014-12-15,12,"Dec",2014,15,"Monday","(41.878723, -87.63374)","orange"
"776033",40040,"Quincy/Wells","02/01/2007","W",7058,2007-02-01,2,"Feb",2007,1,"Thursday","(41.878723, -87.63374)","orange"
"776361",40040,"Quincy/Wells","12/01/2015","W",8380,2015-12-01,12,"Dec",2015,1,"Tuesday","(41.878723, -87.63374)","orange"
"776529",40040,"Quincy/Wells","07/20/2017","W",8484,2017-07-20,7,"Jul",2017,20,"Thursday","(41.878723, -87.63374)","orange"
"776758",40040,"Quincy/Wells","09/03/2007","U",1662,2007-09-03,9,"Sep",2007,3,"Monday","(41.878723, -87.63374)","orange"
"777042",40040,"Quincy/Wells","09/03/2016","A",1961,2016-09-03,9,"Sep",2016,3,"Saturday","(41.878723, -87.63374)","orange"
"777683",40040,"Quincy/Wells","05/19/2010","W",7166,2010-05-19,5,"May",2010,19,"Wednesday","(41.878723, -87.63374)","orange"
"777730",40040,"Quincy/Wells","10/01/2008","W",7498,2008-10-01,10,"Oct",2008,1,"Wednesday","(41.878723, -87.63374)","orange"
"777847",40040,"Quincy/Wells","02/15/2002","W",6928,2002-02-15,2,"Feb",2002,15,"Friday","(41.878723, -87.63374)","orange"
"777893",40040,"Quincy/Wells","04/28/2002","U",778,2002-04-28,4,"Apr",2002,28,"Sunday","(41.878723, -87.63374)","orange"
"777908",40040,"Quincy/Wells","04/27/2004","W",6672,2004-04-27,4,"Apr",2004,27,"Tuesday","(41.878723, -87.63374)","orange"
"777934",40040,"Quincy/Wells","12/07/2008","U",1101,2008-12-07,12,"Dec",2008,7,"Sunday","(41.878723, -87.63374)","orange"
"778247",40040,"Quincy/Wells","07/17/2016","U",1763,2016-07-17,7,"Jul",2016,17,"Sunday","(41.878723, -87.63374)","orange"
"778346",40040,"Quincy/Wells","04/22/2012","U",0,2012-04-22,4,"Apr",2012,22,"Sunday","(41.878723, -87.63374)","orange"
"778924",40040,"Quincy/Wells","06/09/2017","W",7545,2017-06-09,6,"Jun",2017,9,"Friday","(41.878723, -87.63374)","orange"
"779157",40040,"Quincy/Wells","01/16/2008","W",6953,2008-01-16,1,"Jan",2008,16,"Wednesday","(41.878723, -87.63374)","orange"
"779204",40040,"Quincy/Wells","02/20/2002","W",7844,2002-02-20,2,"Feb",2002,20,"Wednesday","(41.878723, -87.63374)","orange"
"779457",40040,"Quincy/Wells","04/11/2011","W",7723,2011-04-11,4,"Apr",2011,11,"Monday","(41.878723, -87.63374)","orange"
"779529",40040,"Quincy/Wells","12/06/2006","W",7066,2006-12-06,12,"Dec",2006,6,"Wednesday","(41.878723, -87.63374)","orange"
"779542",40040,"Quincy/Wells","09/16/2001","U",678,2001-09-16,9,"Sep",2001,16,"Sunday","(41.878723, -87.63374)","orange"
"779553",40040,"Quincy/Wells","11/27/2014","U",1313,2014-11-27,11,"Nov",2014,27,"Thursday","(41.878723, -87.63374)","orange"
"779640",40040,"Quincy/Wells","11/04/2014","W",8585,2014-11-04,11,"Nov",2014,4,"Tuesday","(41.878723, -87.63374)","orange"
"779693",40040,"Quincy/Wells","07/16/2006","U",1234,2006-07-16,7,"Jul",2006,16,"Sunday","(41.878723, -87.63374)","orange"
"779856",40040,"Quincy/Wells","03/01/2014","A",1723,2014-03-01,3,"Mar",2014,1,"Saturday","(41.878723, -87.63374)","orange"
"779903",40040,"Quincy/Wells","11/08/2003","A",1058,2003-11-08,11,"Nov",2003,8,"Saturday","(41.878723, -87.63374)","orange"
"780046",40040,"Quincy/Wells","12/20/2003","A",856,2003-12-20,12,"Dec",2003,20,"Saturday","(41.878723, -87.63374)","orange"
"780156",40040,"Quincy/Wells","02/12/2012","U",1262,2012-02-12,2,"Feb",2012,12,"Sunday","(41.878723, -87.63374)","orange"
"780184",40040,"Quincy/Wells","01/28/2014","W",6052,2014-01-28,1,"Jan",2014,28,"Tuesday","(41.878723, -87.63374)","orange"
"780200",40040,"Quincy/Wells","02/16/2003","U",740,2003-02-16,2,"Feb",2003,16,"Sunday","(41.878723, -87.63374)","orange"
"780315",40040,"Quincy/Wells","12/01/2011","W",8160,2011-12-01,12,"Dec",2011,1,"Thursday","(41.878723, -87.63374)","orange"
"780473",40040,"Quincy/Wells","05/07/2001","W",8157,2001-05-07,5,"May",2001,7,"Monday","(41.878723, -87.63374)","orange"
"780504",40040,"Quincy/Wells","12/16/2003","W",6483,2003-12-16,12,"Dec",2003,16,"Tuesday","(41.878723, -87.63374)","orange"
"780521",40040,"Quincy/Wells","06/20/2002","W",7747,2002-06-20,6,"Jun",2002,20,"Thursday","(41.878723, -87.63374)","orange"
"780644",40040,"Quincy/Wells","10/20/2015","W",8825,2015-10-20,10,"Oct",2015,20,"Tuesday","(41.878723, -87.63374)","orange"
"780823",40040,"Quincy/Wells","04/21/2008","W",7282,2008-04-21,4,"Apr",2008,21,"Monday","(41.878723, -87.63374)","orange"
"780987",40040,"Quincy/Wells","02/15/2010","W",4663,2010-02-15,2,"Feb",2010,15,"Monday","(41.878723, -87.63374)","orange"
"781117",40040,"Quincy/Wells","08/05/2014","W",8832,2014-08-05,8,"Aug",2014,5,"Tuesday","(41.878723, -87.63374)","orange"
"781118",40040,"Quincy/Wells","06/15/2004","W",6977,2004-06-15,6,"Jun",2004,15,"Tuesday","(41.878723, -87.63374)","orange"
"781128",40040,"Quincy/Wells","03/23/2005","W",6571,2005-03-23,3,"Mar",2005,23,"Wednesday","(41.878723, -87.63374)","orange"
"781381",40040,"Quincy/Wells","04/13/2016","W",8119,2016-04-13,4,"Apr",2016,13,"Wednesday","(41.878723, -87.63374)","orange"
"781395",40040,"Quincy/Wells","02/24/2010","W",7186,2010-02-24,2,"Feb",2010,24,"Wednesday","(41.878723, -87.63374)","orange"
"781558",40040,"Quincy/Wells","10/18/2001","W",7842,2001-10-18,10,"Oct",2001,18,"Thursday","(41.878723, -87.63374)","orange"
"781932",40040,"Quincy/Wells","12/24/2007","W",1817,2007-12-24,12,"Dec",2007,24,"Monday","(41.878723, -87.63374)","orange"
"782167",40040,"Quincy/Wells","01/08/2001","W",8371,2001-01-08,1,"Jan",2001,8,"Monday","(41.878723, -87.63374)","orange"
"782169",40040,"Quincy/Wells","09/29/2004","W",6759,2004-09-29,9,"Sep",2004,29,"Wednesday","(41.878723, -87.63374)","orange"
"782232",40040,"Quincy/Wells","06/03/2014","W",8756,2014-06-03,6,"Jun",2014,3,"Tuesday","(41.878723, -87.63374)","orange"
"782537",40040,"Quincy/Wells","04/30/2004","W",6102,2004-04-30,4,"Apr",2004,30,"Friday","(41.878723, -87.63374)","orange"
"782542",40040,"Quincy/Wells","10/27/2016","W",8074,2016-10-27,10,"Oct",2016,27,"Thursday","(41.878723, -87.63374)","orange"
"782743",40040,"Quincy/Wells","04/15/2002","W",7483,2002-04-15,4,"Apr",2002,15,"Monday","(41.878723, -87.63374)","orange"
"782826",40040,"Quincy/Wells","02/05/2004","W",6838,2004-02-05,2,"Feb",2004,5,"Thursday","(41.878723, -87.63374)","orange"
"782849",40040,"Quincy/Wells","11/19/2002","W",7505,2002-11-19,11,"Nov",2002,19,"Tuesday","(41.878723, -87.63374)","orange"
"782868",40040,"Quincy/Wells","03/25/2003","W",7197,2003-03-25,3,"Mar",2003,25,"Tuesday","(41.878723, -87.63374)","orange"
"783014",40040,"Quincy/Wells","02/09/2011","W",7647,2011-02-09,2,"Feb",2011,9,"Wednesday","(41.878723, -87.63374)","orange"
"783123",40040,"Quincy/Wells","07/16/2002","W",7876,2002-07-16,7,"Jul",2002,16,"Tuesday","(41.878723, -87.63374)","orange"
"783164",40040,"Quincy/Wells","02/01/2014","A",1395,2014-02-01,2,"Feb",2014,1,"Saturday","(41.878723, -87.63374)","orange"
"783195",40040,"Quincy/Wells","02/28/2008","W",7077,2008-02-28,2,"Feb",2008,28,"Thursday","(41.878723, -87.63374)","orange"
"783601",40040,"Quincy/Wells","12/04/2014","W",8335,2014-12-04,12,"Dec",2014,4,"Thursday","(41.878723, -87.63374)","orange"
"783853",40040,"Quincy/Wells","03/18/2004","W",6410,2004-03-18,3,"Mar",2004,18,"Thursday","(41.878723, -87.63374)","orange"
"783863",40040,"Quincy/Wells","03/04/2001","U",545,2001-03-04,3,"Mar",2001,4,"Sunday","(41.878723, -87.63374)","orange"
"783893",40040,"Quincy/Wells","08/08/2012","W",9103,2012-08-08,8,"Aug",2012,8,"Wednesday","(41.878723, -87.63374)","orange"
"783904",40040,"Quincy/Wells","12/10/2004","W",5707,2004-12-10,12,"Dec",2004,10,"Friday","(41.878723, -87.63374)","orange"
"784072",40040,"Quincy/Wells","03/21/2012","W",7759,2012-03-21,3,"Mar",2012,21,"Wednesday","(41.878723, -87.63374)","orange"
"784124",40040,"Quincy/Wells","03/02/2007","W",6894,2007-03-02,3,"Mar",2007,2,"Friday","(41.878723, -87.63374)","orange"
"784505",40040,"Quincy/Wells","06/15/2016","W",8662,2016-06-15,6,"Jun",2016,15,"Wednesday","(41.878723, -87.63374)","orange"
"784587",40040,"Quincy/Wells","09/30/2002","W",7804,2002-09-30,9,"Sep",2002,30,"Monday","(41.878723, -87.63374)","orange"
"784958",40040,"Quincy/Wells","05/24/2003","A",1013,2003-05-24,5,"May",2003,24,"Saturday","(41.878723, -87.63374)","orange"
"784982",40040,"Quincy/Wells","06/10/2011","W",7408,2011-06-10,6,"Jun",2011,10,"Friday","(41.878723, -87.63374)","orange"
"785045",40040,"Quincy/Wells","01/18/2006","W",6936,2006-01-18,1,"Jan",2006,18,"Wednesday","(41.878723, -87.63374)","orange"
"785068",40040,"Quincy/Wells","08/15/2007","W",7001,2007-08-15,8,"Aug",2007,15,"Wednesday","(41.878723, -87.63374)","orange"
"785123",40040,"Quincy/Wells","01/01/2004","U",506,2004-01-01,1,"Jan",2004,1,"Thursday","(41.878723, -87.63374)","orange"
"785149",40040,"Quincy/Wells","11/27/2006","W",7354,2006-11-27,11,"Nov",2006,27,"Monday","(41.878723, -87.63374)","orange"
"785301",40040,"Quincy/Wells","07/22/2006","A",1690,2006-07-22,7,"Jul",2006,22,"Saturday","(41.878723, -87.63374)","orange"
"785526",40040,"Quincy/Wells","10/25/2015","U",1564,2015-10-25,10,"Oct",2015,25,"Sunday","(41.878723, -87.63374)","orange"
"785594",40040,"Quincy/Wells","05/13/2012","U",0,2012-05-13,5,"May",2012,13,"Sunday","(41.878723, -87.63374)","orange"
"785605",40040,"Quincy/Wells","07/31/2006","W",7793,2006-07-31,7,"Jul",2006,31,"Monday","(41.878723, -87.63374)","orange"
"785622",40040,"Quincy/Wells","03/06/2011","U",1415,2011-03-06,3,"Mar",2011,6,"Sunday","(41.878723, -87.63374)","orange"
"785754",40040,"Quincy/Wells","10/05/2017","W",8309,2017-10-05,10,"Oct",2017,5,"Thursday","(41.878723, -87.63374)","orange"
"785780",40040,"Quincy/Wells","09/26/2003","W",6809,2003-09-26,9,"Sep",2003,26,"Friday","(41.878723, -87.63374)","orange"
"786102",40040,"Quincy/Wells","01/28/2017","A",1269,2017-01-28,1,"Jan",2017,28,"Saturday","(41.878723, -87.63374)","orange"
"786153",40040,"Quincy/Wells","03/28/2005","W",6559,2005-03-28,3,"Mar",2005,28,"Monday","(41.878723, -87.63374)","orange"
"786330",40040,"Quincy/Wells","12/04/2013","W",8403,2013-12-04,12,"Dec",2013,4,"Wednesday","(41.878723, -87.63374)","orange"
"786428",40040,"Quincy/Wells","12/15/2007","A",1415,2007-12-15,12,"Dec",2007,15,"Saturday","(41.878723, -87.63374)","orange"
"786697",40040,"Quincy/Wells","12/23/2016","W",3353,2016-12-23,12,"Dec",2016,23,"Friday","(41.878723, -87.63374)","orange"
"786950",40040,"Quincy/Wells","09/08/2006","W",7284,2006-09-08,9,"Sep",2006,8,"Friday","(41.878723, -87.63374)","orange"
"787067",40040,"Quincy/Wells","03/07/2008","W",6765,2008-03-07,3,"Mar",2008,7,"Friday","(41.878723, -87.63374)","orange"
"787086",40040,"Quincy/Wells","09/30/2017","A",1597,2017-09-30,9,"Sep",2017,30,"Saturday","(41.878723, -87.63374)","orange"
"787203",40040,"Quincy/Wells","05/13/2014","W",8699,2014-05-13,5,"May",2014,13,"Tuesday","(41.878723, -87.63374)","orange"
"787466",40040,"Quincy/Wells","08/23/2015","U",1153,2015-08-23,8,"Aug",2015,23,"Sunday","(41.878723, -87.63374)","orange"
"787604",40040,"Quincy/Wells","10/11/2015","U",3030,2015-10-11,10,"Oct",2015,11,"Sunday","(41.878723, -87.63374)","orange"
"787664",40040,"Quincy/Wells","11/19/2010","W",6958,2010-11-19,11,"Nov",2010,19,"Friday","(41.878723, -87.63374)","orange"
"787822",40040,"Quincy/Wells","06/28/2003","A",1186,2003-06-28,6,"Jun",2003,28,"Saturday","(41.878723, -87.63374)","orange"
"788346",40040,"Quincy/Wells","07/12/2011","W",8633,2011-07-12,7,"Jul",2011,12,"Tuesday","(41.878723, -87.63374)","orange"
"788573",40040,"Quincy/Wells","07/09/2012","W",8586,2012-07-09,7,"Jul",2012,9,"Monday","(41.878723, -87.63374)","orange"
"788578",40040,"Quincy/Wells","04/01/2009","W",7512,2009-04-01,4,"Apr",2009,1,"Wednesday","(41.878723, -87.63374)","orange"
"788591",40040,"Quincy/Wells","09/22/2001","A",961,2001-09-22,9,"Sep",2001,22,"Saturday","(41.878723, -87.63374)","orange"
"788745",40040,"Quincy/Wells","11/07/2008","W",7435,2008-11-07,11,"Nov",2008,7,"Friday","(41.878723, -87.63374)","orange"
"788874",40040,"Quincy/Wells","12/20/2015","U",1097,2015-12-20,12,"Dec",2015,20,"Sunday","(41.878723, -87.63374)","orange"
"788886",40040,"Quincy/Wells","04/01/2016","W",7495,2016-04-01,4,"Apr",2016,1,"Friday","(41.878723, -87.63374)","orange"
"789114",40040,"Quincy/Wells","07/01/2016","W",6210,2016-07-01,7,"Jul",2016,1,"Friday","(41.878723, -87.63374)","orange"
"789255",40040,"Quincy/Wells","04/19/2011","W",7476,2011-04-19,4,"Apr",2011,19,"Tuesday","(41.878723, -87.63374)","orange"
"789409",40040,"Quincy/Wells","05/22/2003","W",6947,2003-05-22,5,"May",2003,22,"Thursday","(41.878723, -87.63374)","orange"
"789891",40040,"Quincy/Wells","09/21/2014","U",1808,2014-09-21,9,"Sep",2014,21,"Sunday","(41.878723, -87.63374)","orange"
"790318",40040,"Quincy/Wells","01/13/2006","W",6513,2006-01-13,1,"Jan",2006,13,"Friday","(41.878723, -87.63374)","orange"
"790387",40040,"Quincy/Wells","06/05/2003","W",7045,2003-06-05,6,"Jun",2003,5,"Thursday","(41.878723, -87.63374)","orange"
"790418",40040,"Quincy/Wells","07/18/2002","W",7564,2002-07-18,7,"Jul",2002,18,"Thursday","(41.878723, -87.63374)","orange"
"790906",40040,"Quincy/Wells","02/24/2012","W",7803,2012-02-24,2,"Feb",2012,24,"Friday","(41.878723, -87.63374)","orange"
"790969",40040,"Quincy/Wells","04/23/2017","U",1227,2017-04-23,4,"Apr",2017,23,"Sunday","(41.878723, -87.63374)","orange"
"790973",40040,"Quincy/Wells","06/28/2006","W",7532,2006-06-28,6,"Jun",2006,28,"Wednesday","(41.878723, -87.63374)","orange"
"791386",40040,"Quincy/Wells","10/07/2012","U",2880,2012-10-07,10,"Oct",2012,7,"Sunday","(41.878723, -87.63374)","orange"
"791393",40040,"Quincy/Wells","09/20/2009","U",1626,2009-09-20,9,"Sep",2009,20,"Sunday","(41.878723, -87.63374)","orange"
"791482",40040,"Quincy/Wells","12/14/2015","W",8065,2015-12-14,12,"Dec",2015,14,"Monday","(41.878723, -87.63374)","orange"
"791747",40040,"Quincy/Wells","02/26/2006","U",841,2006-02-26,2,"Feb",2006,26,"Sunday","(41.878723, -87.63374)","orange"
"791924",40040,"Quincy/Wells","08/03/2009","W",7735,2009-08-03,8,"Aug",2009,3,"Monday","(41.878723, -87.63374)","orange"
"791925",40040,"Quincy/Wells","10/12/2013","A",2536,2013-10-12,10,"Oct",2013,12,"Saturday","(41.878723, -87.63374)","orange"
"791947",40040,"Quincy/Wells","11/01/2001","W",7880,2001-11-01,11,"Nov",2001,1,"Thursday","(41.878723, -87.63374)","orange"
"791959",40040,"Quincy/Wells","05/23/2015","A",2185,2015-05-23,5,"May",2015,23,"Saturday","(41.878723, -87.63374)","orange"
"792014",40040,"Quincy/Wells","10/22/2009","W",7939,2009-10-22,10,"Oct",2009,22,"Thursday","(41.878723, -87.63374)","orange"
"792158",40040,"Quincy/Wells","02/01/2010","W",7363,2010-02-01,2,"Feb",2010,1,"Monday","(41.878723, -87.63374)","orange"
"792231",40040,"Quincy/Wells","03/21/2011","W",7743,2011-03-21,3,"Mar",2011,21,"Monday","(41.878723, -87.63374)","orange"
"792232",40040,"Quincy/Wells","07/24/2012","W",8518,2012-07-24,7,"Jul",2012,24,"Tuesday","(41.878723, -87.63374)","orange"
"792524",40040,"Quincy/Wells","03/13/2004","A",1319,2004-03-13,3,"Mar",2004,13,"Saturday","(41.878723, -87.63374)","orange"
"792753",40040,"Quincy/Wells","11/21/2003","W",6477,2003-11-21,11,"Nov",2003,21,"Friday","(41.878723, -87.63374)","orange"
"793013",40040,"Quincy/Wells","01/09/2006","W",6825,2006-01-09,1,"Jan",2006,9,"Monday","(41.878723, -87.63374)","orange"
"793273",40040,"Quincy/Wells","08/05/2002","W",7601,2002-08-05,8,"Aug",2002,5,"Monday","(41.878723, -87.63374)","orange"
"793281",40040,"Quincy/Wells","12/06/2013","W",7798,2013-12-06,12,"Dec",2013,6,"Friday","(41.878723, -87.63374)","orange"
"793494",40040,"Quincy/Wells","07/21/2007","A",1784,2007-07-21,7,"Jul",2007,21,"Saturday","(41.878723, -87.63374)","orange"
"793598",40040,"Quincy/Wells","01/22/2012","U",1171,2012-01-22,1,"Jan",2012,22,"Sunday","(41.878723, -87.63374)","orange"
"793666",40040,"Quincy/Wells","08/06/2011","A",2617,2011-08-06,8,"Aug",2011,6,"Saturday","(41.878723, -87.63374)","orange"
"793681",40040,"Quincy/Wells","07/03/2012","W",7948,2012-07-03,7,"Jul",2012,3,"Tuesday","(41.878723, -87.63374)","orange"
"793762",40040,"Quincy/Wells","03/07/2006","W",6860,2006-03-07,3,"Mar",2006,7,"Tuesday","(41.878723, -87.63374)","orange"
"794183",40040,"Quincy/Wells","05/21/2001","W",8038,2001-05-21,5,"May",2001,21,"Monday","(41.878723, -87.63374)","orange"
"794269",40040,"Quincy/Wells","07/05/2010","U",2051,2010-07-05,7,"Jul",2010,5,"Monday","(41.878723, -87.63374)","orange"
"794357",40040,"Quincy/Wells","01/19/2001","W",7780,2001-01-19,1,"Jan",2001,19,"Friday","(41.878723, -87.63374)","orange"
"794447",40040,"Quincy/Wells","04/26/2003","A",1128,2003-04-26,4,"Apr",2003,26,"Saturday","(41.878723, -87.63374)","orange"
"794454",40040,"Quincy/Wells","03/02/2014","U",1311,2014-03-02,3,"Mar",2014,2,"Sunday","(41.878723, -87.63374)","orange"
"794611",40040,"Quincy/Wells","05/13/2011","W",7551,2011-05-13,5,"May",2011,13,"Friday","(41.878723, -87.63374)","orange"
"794628",40040,"Quincy/Wells","01/30/2007","W",7122,2007-01-30,1,"Jan",2007,30,"Tuesday","(41.878723, -87.63374)","orange"
"795101",40040,"Quincy/Wells","02/02/2002","A",888,2002-02-02,2,"Feb",2002,2,"Saturday","(41.878723, -87.63374)","orange"
"795542",40040,"Quincy/Wells","08/11/2014","W",8742,2014-08-11,8,"Aug",2014,11,"Monday","(41.878723, -87.63374)","orange"
"795721",40040,"Quincy/Wells","11/17/2017","W",8088,2017-11-17,11,"Nov",2017,17,"Friday","(41.878723, -87.63374)","orange"
"795729",40040,"Quincy/Wells","01/20/2014","W",4989,2014-01-20,1,"Jan",2014,20,"Monday","(41.878723, -87.63374)","orange"
"795730",40040,"Quincy/Wells","08/07/2013","W",8704,2013-08-07,8,"Aug",2013,7,"Wednesday","(41.878723, -87.63374)","orange"
"795867",40040,"Quincy/Wells","07/02/2015","W",7266,2015-07-02,7,"Jul",2015,2,"Thursday","(41.878723, -87.63374)","orange"
"796160",40040,"Quincy/Wells","08/31/2016","W",8284,2016-08-31,8,"Aug",2016,31,"Wednesday","(41.878723, -87.63374)","orange"
"796186",40040,"Quincy/Wells","10/20/2011","W",8615,2011-10-20,10,"Oct",2011,20,"Thursday","(41.878723, -87.63374)","orange"
"796584",40040,"Quincy/Wells","09/04/2004","A",1177,2004-09-04,9,"Sep",2004,4,"Saturday","(41.878723, -87.63374)","orange"
"797019",40040,"Quincy/Wells","05/26/2013","U",1966,2013-05-26,5,"May",2013,26,"Sunday","(41.878723, -87.63374)","orange"
"797228",40040,"Quincy/Wells","08/29/2010","U",1517,2010-08-29,8,"Aug",2010,29,"Sunday","(41.878723, -87.63374)","orange"
"797292",40040,"Quincy/Wells","10/04/2005","W",6836,2005-10-04,10,"Oct",2005,4,"Tuesday","(41.878723, -87.63374)","orange"
"797366",40040,"Quincy/Wells","05/01/2002","W",7758,2002-05-01,5,"May",2002,1,"Wednesday","(41.878723, -87.63374)","orange"
"797371",40040,"Quincy/Wells","12/14/2010","W",7108,2010-12-14,12,"Dec",2010,14,"Tuesday","(41.878723, -87.63374)","orange"
"797455",40040,"Quincy/Wells","09/17/2006","U",1353,2006-09-17,9,"Sep",2006,17,"Sunday","(41.878723, -87.63374)","orange"
"797612",40040,"Quincy/Wells","11/18/2011","W",8273,2011-11-18,11,"Nov",2011,18,"Friday","(41.878723, -87.63374)","orange"
"797735",40040,"Quincy/Wells","09/04/2003","W",7050,2003-09-04,9,"Sep",2003,4,"Thursday","(41.878723, -87.63374)","orange"
"797744",40040,"Quincy/Wells","12/22/2004","W",5209,2004-12-22,12,"Dec",2004,22,"Wednesday","(41.878723, -87.63374)","orange"
"797765",40040,"Quincy/Wells","06/01/2007","W",6784,2007-06-01,6,"Jun",2007,1,"Friday","(41.878723, -87.63374)","orange"
"797825",40040,"Quincy/Wells","10/28/2011","W",8348,2011-10-28,10,"Oct",2011,28,"Friday","(41.878723, -87.63374)","orange"
"797995",40040,"Quincy/Wells","11/06/2005","U",926,2005-11-06,11,"Nov",2005,6,"Sunday","(41.878723, -87.63374)","orange"
"798067",40040,"Quincy/Wells","05/20/2007","U",1264,2007-05-20,5,"May",2007,20,"Sunday","(41.878723, -87.63374)","orange"
"798270",40040,"Quincy/Wells","09/16/2013","W",8765,2013-09-16,9,"Sep",2013,16,"Monday","(41.878723, -87.63374)","orange"
"798599",40040,"Quincy/Wells","08/23/2009","U",1555,2009-08-23,8,"Aug",2009,23,"Sunday","(41.878723, -87.63374)","orange"
"798777",40040,"Quincy/Wells","01/16/2003","W",7192,2003-01-16,1,"Jan",2003,16,"Thursday","(41.878723, -87.63374)","orange"
"798839",40040,"Quincy/Wells","02/14/2010","U",1347,2010-02-14,2,"Feb",2010,14,"Sunday","(41.878723, -87.63374)","orange"
"798855",40040,"Quincy/Wells","12/31/2001","W",4013,2001-12-31,12,"Dec",2001,31,"Monday","(41.878723, -87.63374)","orange"
"798898",40040,"Quincy/Wells","06/09/2010","W",7597,2010-06-09,6,"Jun",2010,9,"Wednesday","(41.878723, -87.63374)","orange"
"798901",40040,"Quincy/Wells","09/22/2004","W",6653,2004-09-22,9,"Sep",2004,22,"Wednesday","(41.878723, -87.63374)","orange"
"798922",40040,"Quincy/Wells","07/11/2003","W",6684,2003-07-11,7,"Jul",2003,11,"Friday","(41.878723, -87.63374)","orange"
"799137",40040,"Quincy/Wells","09/05/2013","W",8270,2013-09-05,9,"Sep",2013,5,"Thursday","(41.878723, -87.63374)","orange"
"799280",40040,"Quincy/Wells","10/13/2006","W",7448,2006-10-13,10,"Oct",2006,13,"Friday","(41.878723, -87.63374)","orange"
"799289",40040,"Quincy/Wells","07/11/2012","W",8555,2012-07-11,7,"Jul",2012,11,"Wednesday","(41.878723, -87.63374)","orange"
"799308",40040,"Quincy/Wells","03/26/2013","W",7922,2013-03-26,3,"Mar",2013,26,"Tuesday","(41.878723, -87.63374)","orange"
"799440",40040,"Quincy/Wells","01/05/2001","W",7653,2001-01-05,1,"Jan",2001,5,"Friday","(41.878723, -87.63374)","orange"
"799541",40040,"Quincy/Wells","05/08/2016","U",1459,2016-05-08,5,"May",2016,8,"Sunday","(41.878723, -87.63374)","orange"
"799772",40040,"Quincy/Wells","11/13/2012","W",8714,2012-11-13,11,"Nov",2012,13,"Tuesday","(41.878723, -87.63374)","orange"
"799899",40040,"Quincy/Wells","02/27/2003","W",7075,2003-02-27,2,"Feb",2003,27,"Thursday","(41.878723, -87.63374)","orange"
"799953",40040,"Quincy/Wells","07/22/2011","W",7690,2011-07-22,7,"Jul",2011,22,"Friday","(41.878723, -87.63374)","orange"
"800308",40040,"Quincy/Wells","04/20/2009","W",7382,2009-04-20,4,"Apr",2009,20,"Monday","(41.878723, -87.63374)","orange"
"800371",40040,"Quincy/Wells","07/05/2002","W",3910,2002-07-05,7,"Jul",2002,5,"Friday","(41.878723, -87.63374)","orange"
"800406",40040,"Quincy/Wells","12/31/2011","A",2204,2011-12-31,12,"Dec",2011,31,"Saturday","(41.878723, -87.63374)","orange"
"800466",40040,"Quincy/Wells","03/14/2014","W",8608,2014-03-14,3,"Mar",2014,14,"Friday","(41.878723, -87.63374)","orange"
"800573",40040,"Quincy/Wells","10/20/2012","A",2128,2012-10-20,10,"Oct",2012,20,"Saturday","(41.878723, -87.63374)","orange"
"800589",40040,"Quincy/Wells","08/09/2013","W",7844,2013-08-09,8,"Aug",2013,9,"Friday","(41.878723, -87.63374)","orange"
"800619",40040,"Quincy/Wells","01/10/2012","W",7982,2012-01-10,1,"Jan",2012,10,"Tuesday","(41.878723, -87.63374)","orange"
"800775",40040,"Quincy/Wells","10/31/2012","W",8525,2012-10-31,10,"Oct",2012,31,"Wednesday","(41.878723, -87.63374)","orange"
"800807",40040,"Quincy/Wells","10/07/2011","W",8055,2011-10-07,10,"Oct",2011,7,"Friday","(41.878723, -87.63374)","orange"
"800864",40040,"Quincy/Wells","01/12/2004","W",6887,2004-01-12,1,"Jan",2004,12,"Monday","(41.878723, -87.63374)","orange"
"800896",40040,"Quincy/Wells","01/26/2009","W",7696,2009-01-26,1,"Jan",2009,26,"Monday","(41.878723, -87.63374)","orange"
"800916",40040,"Quincy/Wells","02/10/2008","U",897,2008-02-10,2,"Feb",2008,10,"Sunday","(41.878723, -87.63374)","orange"
"801163",40040,"Quincy/Wells","10/08/2014","W",8443,2014-10-08,10,"Oct",2014,8,"Wednesday","(41.878723, -87.63374)","orange"
"801214",40040,"Quincy/Wells","10/23/2002","W",7573,2002-10-23,10,"Oct",2002,23,"Wednesday","(41.878723, -87.63374)","orange"
"801345",40040,"Quincy/Wells","06/12/2012","W",8287,2012-06-12,6,"Jun",2012,12,"Tuesday","(41.878723, -87.63374)","orange"
"801428",40040,"Quincy/Wells","02/22/2014","A",1649,2014-02-22,2,"Feb",2014,22,"Saturday","(41.878723, -87.63374)","orange"
"801431",40040,"Quincy/Wells","01/31/2016","U",863,2016-01-31,1,"Jan",2016,31,"Sunday","(41.878723, -87.63374)","orange"
"801492",40040,"Quincy/Wells","01/17/2006","W",6800,2006-01-17,1,"Jan",2006,17,"Tuesday","(41.878723, -87.63374)","orange"
"801547",40040,"Quincy/Wells","05/31/2011","W",8048,2011-05-31,5,"May",2011,31,"Tuesday","(41.878723, -87.63374)","orange"
"801573",40040,"Quincy/Wells","08/09/2016","W",8592,2016-08-09,8,"Aug",2016,9,"Tuesday","(41.878723, -87.63374)","orange"
"801904",40040,"Quincy/Wells","07/29/2001","U",880,2001-07-29,7,"Jul",2001,29,"Sunday","(41.878723, -87.63374)","orange"
"802140",40040,"Quincy/Wells","01/30/2017","W",8379,2017-01-30,1,"Jan",2017,30,"Monday","(41.878723, -87.63374)","orange"
"802226",40040,"Quincy/Wells","03/20/2016","U",1518,2016-03-20,3,"Mar",2016,20,"Sunday","(41.878723, -87.63374)","orange"
"802293",40040,"Quincy/Wells","06/06/2009","A",1736,2009-06-06,6,"Jun",2009,6,"Saturday","(41.878723, -87.63374)","orange"
"802341",40040,"Quincy/Wells","07/14/2004","W",7073,2004-07-14,7,"Jul",2004,14,"Wednesday","(41.878723, -87.63374)","orange"
"802365",40040,"Quincy/Wells","06/02/2013","U",1430,2013-06-02,6,"Jun",2013,2,"Sunday","(41.878723, -87.63374)","orange"
"802415",40040,"Quincy/Wells","09/25/2008","W",7547,2008-09-25,9,"Sep",2008,25,"Thursday","(41.878723, -87.63374)","orange"
"802565",40040,"Quincy/Wells","02/14/2001","W",8101,2001-02-14,2,"Feb",2001,14,"Wednesday","(41.878723, -87.63374)","orange"
"802626",40040,"Quincy/Wells","09/27/2006","W",7560,2006-09-27,9,"Sep",2006,27,"Wednesday","(41.878723, -87.63374)","orange"
"802726",40040,"Quincy/Wells","09/28/2009","W",7454,2009-09-28,9,"Sep",2009,28,"Monday","(41.878723, -87.63374)","orange"
"802915",40040,"Quincy/Wells","09/08/2003","W",7159,2003-09-08,9,"Sep",2003,8,"Monday","(41.878723, -87.63374)","orange"
"803144",40040,"Quincy/Wells","04/23/2007","W",6739,2007-04-23,4,"Apr",2007,23,"Monday","(41.878723, -87.63374)","orange"
"803279",40040,"Quincy/Wells","10/18/2002","W",7087,2002-10-18,10,"Oct",2002,18,"Friday","(41.878723, -87.63374)","orange"
"803573",40040,"Quincy/Wells","05/10/2012","W",7960,2012-05-10,5,"May",2012,10,"Thursday","(41.878723, -87.63374)","orange"
"803739",40040,"Quincy/Wells","05/22/2011","U",1566,2011-05-22,5,"May",2011,22,"Sunday","(41.878723, -87.63374)","orange"
"804120",40040,"Quincy/Wells","05/20/2011","W",7291,2011-05-20,5,"May",2011,20,"Friday","(41.878723, -87.63374)","orange"
"804156",40040,"Quincy/Wells","07/08/2016","W",7807,2016-07-08,7,"Jul",2016,8,"Friday","(41.878723, -87.63374)","orange"
"804437",40040,"Quincy/Wells","06/09/2013","U",1761,2013-06-09,6,"Jun",2013,9,"Sunday","(41.878723, -87.63374)","orange"
"804694",40040,"Quincy/Wells","12/23/2010","W",4168,2010-12-23,12,"Dec",2010,23,"Thursday","(41.878723, -87.63374)","orange"
"805211",40040,"Quincy/Wells","08/07/2006","W",7419,2006-08-07,8,"Aug",2006,7,"Monday","(41.878723, -87.63374)","orange"
"805511",40040,"Quincy/Wells","04/29/2016","W",7701,2016-04-29,4,"Apr",2016,29,"Friday","(41.878723, -87.63374)","orange"
"805574",40040,"Quincy/Wells","03/11/2009","W",7560,2009-03-11,3,"Mar",2009,11,"Wednesday","(41.878723, -87.63374)","orange"
"805725",40040,"Quincy/Wells","03/11/2010","W",7148,2010-03-11,3,"Mar",2010,11,"Thursday","(41.878723, -87.63374)","orange"
"805857",40040,"Quincy/Wells","05/27/2004","W",6609,2004-05-27,5,"May",2004,27,"Thursday","(41.878723, -87.63374)","orange"
"805979",40040,"Quincy/Wells","11/08/2013","W",8241,2013-11-08,11,"Nov",2013,8,"Friday","(41.878723, -87.63374)","orange"
"806246",40040,"Quincy/Wells","01/01/2001","U",374,2001-01-01,1,"Jan",2001,1,"Monday","(41.878723, -87.63374)","orange"
"806413",40040,"Quincy/Wells","12/23/2005","W",3369,2005-12-23,12,"Dec",2005,23,"Friday","(41.878723, -87.63374)","orange"
"806544",40040,"Quincy/Wells","12/29/2012","A",1807,2012-12-29,12,"Dec",2012,29,"Saturday","(41.878723, -87.63374)","orange"
"806708",40040,"Quincy/Wells","12/14/2006","W",7018,2006-12-14,12,"Dec",2006,14,"Thursday","(41.878723, -87.63374)","orange"
"806803",40040,"Quincy/Wells","05/03/2015","U",1074,2015-05-03,5,"May",2015,3,"Sunday","(41.878723, -87.63374)","orange"
"806900",40040,"Quincy/Wells","07/20/2012","W",7835,2012-07-20,7,"Jul",2012,20,"Friday","(41.878723, -87.63374)","orange"
"806913",40040,"Quincy/Wells","03/26/2004","W",6041,2004-03-26,3,"Mar",2004,26,"Friday","(41.878723, -87.63374)","orange"
"807056",40040,"Quincy/Wells","09/20/2005","W",6989,2005-09-20,9,"Sep",2005,20,"Tuesday","(41.878723, -87.63374)","orange"
"807107",40040,"Quincy/Wells","03/09/2012","W",7643,2012-03-09,3,"Mar",2012,9,"Friday","(41.878723, -87.63374)","orange"
"807279",40040,"Quincy/Wells","08/23/2017","W",8184,2017-08-23,8,"Aug",2017,23,"Wednesday","(41.878723, -87.63374)","orange"
"807296",40040,"Quincy/Wells","07/24/2008","W",7612,2008-07-24,7,"Jul",2008,24,"Thursday","(41.878723, -87.63374)","orange"
"807350",40040,"Quincy/Wells","12/23/2009","W",5017,2009-12-23,12,"Dec",2009,23,"Wednesday","(41.878723, -87.63374)","orange"
"807361",40040,"Quincy/Wells","07/07/2017","W",7811,2017-07-07,7,"Jul",2017,7,"Friday","(41.878723, -87.63374)","orange"
"807417",40040,"Quincy/Wells","02/03/2015","W",9023,2015-02-03,2,"Feb",2015,3,"Tuesday","(41.878723, -87.63374)","orange"
"807485",40040,"Quincy/Wells","07/04/2015","A",1711,2015-07-04,7,"Jul",2015,4,"Saturday","(41.878723, -87.63374)","orange"
"807650",40040,"Quincy/Wells","02/04/2012","A",1411,2012-02-04,2,"Feb",2012,4,"Saturday","(41.878723, -87.63374)","orange"
"808396",40040,"Quincy/Wells","05/06/2006","A",1216,2006-05-06,5,"May",2006,6,"Saturday","(41.878723, -87.63374)","orange"
"808512",40040,"Quincy/Wells","02/14/2003","W",6382,2003-02-14,2,"Feb",2003,14,"Friday","(41.878723, -87.63374)","orange"
"808579",40040,"Quincy/Wells","07/05/2004","U",940,2004-07-05,7,"Jul",2004,5,"Monday","(41.878723, -87.63374)","orange"
"808862",40040,"Quincy/Wells","06/20/2012","W",8548,2012-06-20,6,"Jun",2012,20,"Wednesday","(41.878723, -87.63374)","orange"
"808997",40040,"Quincy/Wells","11/12/2005","A",1253,2005-11-12,11,"Nov",2005,12,"Saturday","(41.878723, -87.63374)","orange"
"809005",40040,"Quincy/Wells","12/18/2012","W",8015,2012-12-18,12,"Dec",2012,18,"Tuesday","(41.878723, -87.63374)","orange"
"809288",40040,"Quincy/Wells","01/02/2008","W",6519,2008-01-02,1,"Jan",2008,2,"Wednesday","(41.878723, -87.63374)","orange"
"809401",40040,"Quincy/Wells","04/16/2001","W",8040,2001-04-16,4,"Apr",2001,16,"Monday","(41.878723, -87.63374)","orange"
"809433",40040,"Quincy/Wells","03/03/2014","W",8724,2014-03-03,3,"Mar",2014,3,"Monday","(41.878723, -87.63374)","orange"
"809532",40040,"Quincy/Wells","09/11/2001","W",6059,2001-09-11,9,"Sep",2001,11,"Tuesday","(41.878723, -87.63374)","orange"
"809595",40040,"Quincy/Wells","03/12/2004","W",6296,2004-03-12,3,"Mar",2004,12,"Friday","(41.878723, -87.63374)","orange"
"809631",40040,"Quincy/Wells","12/19/2008","W",6356,2008-12-19,12,"Dec",2008,19,"Friday","(41.878723, -87.63374)","orange"
"809791",40040,"Quincy/Wells","05/07/2017","U",1432,2017-05-07,5,"May",2017,7,"Sunday","(41.878723, -87.63374)","orange"
"809811",40040,"Quincy/Wells","03/18/2006","A",1343,2006-03-18,3,"Mar",2006,18,"Saturday","(41.878723, -87.63374)","orange"
"809854",40040,"Quincy/Wells","01/21/2017","A",2462,2017-01-21,1,"Jan",2017,21,"Saturday","(41.878723, -87.63374)","orange"
"810284",40040,"Quincy/Wells","01/05/2015","W",8626,2015-01-05,1,"Jan",2015,5,"Monday","(41.878723, -87.63374)","orange"
"810479",40040,"Quincy/Wells","04/10/2004","A",915,2004-04-10,4,"Apr",2004,10,"Saturday","(41.878723, -87.63374)","orange"
"810546",40040,"Quincy/Wells","10/08/2002","W",7560,2002-10-08,10,"Oct",2002,8,"Tuesday","(41.878723, -87.63374)","orange"
"810566",40040,"Quincy/Wells","03/14/2007","W",7592,2007-03-14,3,"Mar",2007,14,"Wednesday","(41.878723, -87.63374)","orange"
"810928",40040,"Quincy/Wells","09/06/2017","W",8355,2017-09-06,9,"Sep",2017,6,"Wednesday","(41.878723, -87.63374)","orange"
"811041",40040,"Quincy/Wells","09/15/2014","W",8573,2014-09-15,9,"Sep",2014,15,"Monday","(41.878723, -87.63374)","orange"
"811059",40040,"Quincy/Wells","07/23/2011","A",2292,2011-07-23,7,"Jul",2011,23,"Saturday","(41.878723, -87.63374)","orange"
"811073",40040,"Quincy/Wells","09/08/2007","A",1726,2007-09-08,9,"Sep",2007,8,"Saturday","(41.878723, -87.63374)","orange"
"811161",40040,"Quincy/Wells","05/12/2001","A",1089,2001-05-12,5,"May",2001,12,"Saturday","(41.878723, -87.63374)","orange"
"811350",40040,"Quincy/Wells","02/14/2004","A",987,2004-02-14,2,"Feb",2004,14,"Saturday","(41.878723, -87.63374)","orange"
"811494",40040,"Quincy/Wells","12/25/2005","U",278,2005-12-25,12,"Dec",2005,25,"Sunday","(41.878723, -87.63374)","orange"
"811519",40040,"Quincy/Wells","04/26/2011","W",7934,2011-04-26,4,"Apr",2011,26,"Tuesday","(41.878723, -87.63374)","orange"
"811585",40040,"Quincy/Wells","03/08/2011","W",7926,2011-03-08,3,"Mar",2011,8,"Tuesday","(41.878723, -87.63374)","orange"
"811815",40040,"Quincy/Wells","08/07/2002","W",7730,2002-08-07,8,"Aug",2002,7,"Wednesday","(41.878723, -87.63374)","orange"
"811991",40040,"Quincy/Wells","11/30/2007","W",6565,2007-11-30,11,"Nov",2007,30,"Friday","(41.878723, -87.63374)","orange"
"812069",40040,"Quincy/Wells","03/30/2015","W",8270,2015-03-30,3,"Mar",2015,30,"Monday","(41.878723, -87.63374)","orange"
"812210",40040,"Quincy/Wells","01/19/2011","W",7610,2011-01-19,1,"Jan",2011,19,"Wednesday","(41.878723, -87.63374)","orange"
"812258",40040,"Quincy/Wells","02/24/2003","W",7223,2003-02-24,2,"Feb",2003,24,"Monday","(41.878723, -87.63374)","orange"
"812386",40040,"Quincy/Wells","05/27/2011","W",7176,2011-05-27,5,"May",2011,27,"Friday","(41.878723, -87.63374)","orange"
"812403",40040,"Quincy/Wells","06/10/2013","W",8613,2013-06-10,6,"Jun",2013,10,"Monday","(41.878723, -87.63374)","orange"
"812669",40040,"Quincy/Wells","09/21/2002","A",1144,2002-09-21,9,"Sep",2002,21,"Saturday","(41.878723, -87.63374)","orange"
"812761",40040,"Quincy/Wells","06/09/2011","W",7935,2011-06-09,6,"Jun",2011,9,"Thursday","(41.878723, -87.63374)","orange"
"813444",40040,"Quincy/Wells","12/07/2006","W",6996,2006-12-07,12,"Dec",2006,7,"Thursday","(41.878723, -87.63374)","orange"
"813780",40040,"Quincy/Wells","05/31/2015","U",949,2015-05-31,5,"May",2015,31,"Sunday","(41.878723, -87.63374)","orange"
"814018",40040,"Quincy/Wells","09/07/2014","U",1552,2014-09-07,9,"Sep",2014,7,"Sunday","(41.878723, -87.63374)","orange"
"814081",40040,"Quincy/Wells","04/17/2003","W",6873,2003-04-17,4,"Apr",2003,17,"Thursday","(41.878723, -87.63374)","orange"
"814131",40040,"Quincy/Wells","09/01/2005","W",6750,2005-09-01,9,"Sep",2005,1,"Thursday","(41.878723, -87.63374)","orange"
"814570",40040,"Quincy/Wells","03/17/2002","U",740,2002-03-17,3,"Mar",2002,17,"Sunday","(41.878723, -87.63374)","orange"
"814627",40040,"Quincy/Wells","02/07/2004","A",926,2004-02-07,2,"Feb",2004,7,"Saturday","(41.878723, -87.63374)","orange"
"814826",40040,"Quincy/Wells","09/10/2005","A",1190,2005-09-10,9,"Sep",2005,10,"Saturday","(41.878723, -87.63374)","orange"
"814842",40040,"Quincy/Wells","10/14/2016","W",7678,2016-10-14,10,"Oct",2016,14,"Friday","(41.878723, -87.63374)","orange"
"814982",40040,"Quincy/Wells","11/23/2009","W",7298,2009-11-23,11,"Nov",2009,23,"Monday","(41.878723, -87.63374)","orange"
"815093",40040,"Quincy/Wells","11/13/2003","W",7067,2003-11-13,11,"Nov",2003,13,"Thursday","(41.878723, -87.63374)","orange"
"815138",40040,"Quincy/Wells","05/10/2008","A",2898,2008-05-10,5,"May",2008,10,"Saturday","(41.878723, -87.63374)","orange"
"815185",40040,"Quincy/Wells","08/28/2004","A",962,2004-08-28,8,"Aug",2004,28,"Saturday","(41.878723, -87.63374)","orange"
"815613",40040,"Quincy/Wells","11/03/2013","U",2081,2013-11-03,11,"Nov",2013,3,"Sunday","(41.878723, -87.63374)","orange"
"815616",40040,"Quincy/Wells","05/27/2014","W",8683,2014-05-27,5,"May",2014,27,"Tuesday","(41.878723, -87.63374)","orange"
"815966",40040,"Quincy/Wells","06/26/2003","W",7074,2003-06-26,6,"Jun",2003,26,"Thursday","(41.878723, -87.63374)","orange"
"816059",40040,"Quincy/Wells","02/12/2003","W",7090,2003-02-12,2,"Feb",2003,12,"Wednesday","(41.878723, -87.63374)","orange"
"816124",40040,"Quincy/Wells","07/29/2015","W",8336,2015-07-29,7,"Jul",2015,29,"Wednesday","(41.878723, -87.63374)","orange"
"816131",40040,"Quincy/Wells","07/14/2011","W",8611,2011-07-14,7,"Jul",2011,14,"Thursday","(41.878723, -87.63374)","orange"
"816375",40040,"Quincy/Wells","11/05/2007","W",7434,2007-11-05,11,"Nov",2007,5,"Monday","(41.878723, -87.63374)","orange"
"816637",40040,"Quincy/Wells","10/24/2015","A",1805,2015-10-24,10,"Oct",2015,24,"Saturday","(41.878723, -87.63374)","orange"
"816665",40040,"Quincy/Wells","10/09/2006","W",6500,2006-10-09,10,"Oct",2006,9,"Monday","(41.878723, -87.63374)","orange"
"817142",40040,"Quincy/Wells","11/02/2010","W",7572,2010-11-02,11,"Nov",2010,2,"Tuesday","(41.878723, -87.63374)","orange"
"817195",40040,"Quincy/Wells","01/28/2007","U",911,2007-01-28,1,"Jan",2007,28,"Sunday","(41.878723, -87.63374)","orange"
"817361",40040,"Quincy/Wells","09/07/2005","W",7033,2005-09-07,9,"Sep",2005,7,"Wednesday","(41.878723, -87.63374)","orange"
"817444",40040,"Quincy/Wells","07/06/2001","W",7157,2001-07-06,7,"Jul",2001,6,"Friday","(41.878723, -87.63374)","orange"
"817498",40040,"Quincy/Wells","03/13/2001","W",8415,2001-03-13,3,"Mar",2001,13,"Tuesday","(41.878723, -87.63374)","orange"
"817623",40040,"Quincy/Wells","06/01/2015","W",8229,2015-06-01,6,"Jun",2015,1,"Monday","(41.878723, -87.63374)","orange"
"817677",40040,"Quincy/Wells","06/11/2007","W",7059,2007-06-11,6,"Jun",2007,11,"Monday","(41.878723, -87.63374)","orange"
"817970",40040,"Quincy/Wells","07/11/2004","U",853,2004-07-11,7,"Jul",2004,11,"Sunday","(41.878723, -87.63374)","orange"
"818093",40040,"Quincy/Wells","03/23/2014","U",1756,2014-03-23,3,"Mar",2014,23,"Sunday","(41.878723, -87.63374)","orange"
"818235",40040,"Quincy/Wells","10/07/2007","U",2650,2007-10-07,10,"Oct",2007,7,"Sunday","(41.878723, -87.63374)","orange"
"818335",40040,"Quincy/Wells","10/30/2002","W",7705,2002-10-30,10,"Oct",2002,30,"Wednesday","(41.878723, -87.63374)","orange"
"818429",40040,"Quincy/Wells","07/08/2003","W",7348,2003-07-08,7,"Jul",2003,8,"Tuesday","(41.878723, -87.63374)","orange"
"818622",40040,"Quincy/Wells","07/08/2012","U",1595,2012-07-08,7,"Jul",2012,8,"Sunday","(41.878723, -87.63374)","orange"
"818893",40040,"Quincy/Wells","03/07/2003","W",6862,2003-03-07,3,"Mar",2003,7,"Friday","(41.878723, -87.63374)","orange"
"819087",40040,"Quincy/Wells","10/05/2004","W",6728,2004-10-05,10,"Oct",2004,5,"Tuesday","(41.878723, -87.63374)","orange"
"819096",40040,"Quincy/Wells","01/15/2002","W",7937,2002-01-15,1,"Jan",2002,15,"Tuesday","(41.878723, -87.63374)","orange"
"819163",40040,"Quincy/Wells","03/21/2010","U",1270,2010-03-21,3,"Mar",2010,21,"Sunday","(41.878723, -87.63374)","orange"
"819219",40040,"Quincy/Wells","12/20/2013","W",7168,2013-12-20,12,"Dec",2013,20,"Friday","(41.878723, -87.63374)","orange"
"819313",40040,"Quincy/Wells","11/05/2013","W",8755,2013-11-05,11,"Nov",2013,5,"Tuesday","(41.878723, -87.63374)","orange"
"819353",40040,"Quincy/Wells","02/13/2009","W",7173,2009-02-13,2,"Feb",2009,13,"Friday","(41.878723, -87.63374)","orange"
"819528",40040,"Quincy/Wells","05/16/2008","W",7015,2008-05-16,5,"May",2008,16,"Friday","(41.878723, -87.63374)","orange"
"819588",40040,"Quincy/Wells","12/14/2013","A",1694,2013-12-14,12,"Dec",2013,14,"Saturday","(41.878723, -87.63374)","orange"
"819704",40040,"Quincy/Wells","09/29/2011","W",8116,2011-09-29,9,"Sep",2011,29,"Thursday","(41.878723, -87.63374)","orange"
"820167",40040,"Quincy/Wells","05/30/2012","W",8220,2012-05-30,5,"May",2012,30,"Wednesday","(41.878723, -87.63374)","orange"
"820431",40040,"Quincy/Wells","03/10/2005","W",6462,2005-03-10,3,"Mar",2005,10,"Thursday","(41.878723, -87.63374)","orange"
"820449",40040,"Quincy/Wells","01/10/2002","W",7794,2002-01-10,1,"Jan",2002,10,"Thursday","(41.878723, -87.63374)","orange"
"820525",40040,"Quincy/Wells","04/13/2007","W",6540,2007-04-13,4,"Apr",2007,13,"Friday","(41.878723, -87.63374)","orange"
"820529",40040,"Quincy/Wells","07/17/2003","W",7053,2003-07-17,7,"Jul",2003,17,"Thursday","(41.878723, -87.63374)","orange"
"820691",40040,"Quincy/Wells","01/12/2006","W",6819,2006-01-12,1,"Jan",2006,12,"Thursday","(41.878723, -87.63374)","orange"
"821449",40040,"Quincy/Wells","07/14/2014","W",8803,2014-07-14,7,"Jul",2014,14,"Monday","(41.878723, -87.63374)","orange"
"821504",40040,"Quincy/Wells","12/07/2012","W",7395,2012-12-07,12,"Dec",2012,7,"Friday","(41.878723, -87.63374)","orange"
"821528",40040,"Quincy/Wells","02/07/2010","U",1173,2010-02-07,2,"Feb",2010,7,"Sunday","(41.878723, -87.63374)","orange"
"821655",40040,"Quincy/Wells","03/14/2012","W",7933,2012-03-14,3,"Mar",2012,14,"Wednesday","(41.878723, -87.63374)","orange"
"821698",40040,"Quincy/Wells","02/02/2006","W",6860,2006-02-02,2,"Feb",2006,2,"Thursday","(41.878723, -87.63374)","orange"
"821903",40040,"Quincy/Wells","11/09/2004","W",6731,2004-11-09,11,"Nov",2004,9,"Tuesday","(41.878723, -87.63374)","orange"
"821912",40040,"Quincy/Wells","09/18/2007","W",7296,2007-09-18,9,"Sep",2007,18,"Tuesday","(41.878723, -87.63374)","orange"
"822508",40040,"Quincy/Wells","02/18/2015","W",7874,2015-02-18,2,"Feb",2015,18,"Wednesday","(41.878723, -87.63374)","orange"
"822940",40040,"Quincy/Wells","02/12/2006","U",892,2006-02-12,2,"Feb",2006,12,"Sunday","(41.878723, -87.63374)","orange"
"822958",40040,"Quincy/Wells","01/01/2005","U",466,2005-01-01,1,"Jan",2005,1,"Saturday","(41.878723, -87.63374)","orange"
"823072",40040,"Quincy/Wells","04/23/2015","W",8108,2015-04-23,4,"Apr",2015,23,"Thursday","(41.878723, -87.63374)","orange"
"823163",40040,"Quincy/Wells","08/06/2010","W",7548,2010-08-06,8,"Aug",2010,6,"Friday","(41.878723, -87.63374)","orange"
"823199",40040,"Quincy/Wells","10/28/2008","W",7417,2008-10-28,10,"Oct",2008,28,"Tuesday","(41.878723, -87.63374)","orange"
"823308",40040,"Quincy/Wells","03/28/2014","W",7959,2014-03-28,3,"Mar",2014,28,"Friday","(41.878723, -87.63374)","orange"
"823377",40040,"Quincy/Wells","03/14/2003","W",6638,2003-03-14,3,"Mar",2003,14,"Friday","(41.878723, -87.63374)","orange"
"823391",40040,"Quincy/Wells","01/12/2005","W",6516,2005-01-12,1,"Jan",2005,12,"Wednesday","(41.878723, -87.63374)","orange"
"823559",40040,"Quincy/Wells","03/22/2005","W",6607,2005-03-22,3,"Mar",2005,22,"Tuesday","(41.878723, -87.63374)","orange"
"823561",40040,"Quincy/Wells","09/11/2004","A",1175,2004-09-11,9,"Sep",2004,11,"Saturday","(41.878723, -87.63374)","orange"
"823627",40040,"Quincy/Wells","10/22/2005","A",1297,2005-10-22,10,"Oct",2005,22,"Saturday","(41.878723, -87.63374)","orange"
"823892",40040,"Quincy/Wells","04/14/2015","W",8063,2015-04-14,4,"Apr",2015,14,"Tuesday","(41.878723, -87.63374)","orange"
"823936",40040,"Quincy/Wells","03/27/2004","A",1157,2004-03-27,3,"Mar",2004,27,"Saturday","(41.878723, -87.63374)","orange"
"823978",40040,"Quincy/Wells","10/09/2008","W",7489,2008-10-09,10,"Oct",2008,9,"Thursday","(41.878723, -87.63374)","orange"
"824217",40040,"Quincy/Wells","11/10/2005","W",7050,2005-11-10,11,"Nov",2005,10,"Thursday","(41.878723, -87.63374)","orange"
"824356",40040,"Quincy/Wells","08/27/2001","W",8088,2001-08-27,8,"Aug",2001,27,"Monday","(41.878723, -87.63374)","orange"
"824368",40040,"Quincy/Wells","09/01/2001","A",1135,2001-09-01,9,"Sep",2001,1,"Saturday","(41.878723, -87.63374)","orange"
"824515",40040,"Quincy/Wells","11/19/2012","W",8741,2012-11-19,11,"Nov",2012,19,"Monday","(41.878723, -87.63374)","orange"
"824532",40040,"Quincy/Wells","06/21/2001","W",8216,2001-06-21,6,"Jun",2001,21,"Thursday","(41.878723, -87.63374)","orange"
"825156",40040,"Quincy/Wells","04/14/2012","A",1694,2012-04-14,4,"Apr",2012,14,"Saturday","(41.878723, -87.63374)","orange"
"825426",40040,"Quincy/Wells","04/06/2004","W",6697,2004-04-06,4,"Apr",2004,6,"Tuesday","(41.878723, -87.63374)","orange"
"825515",40040,"Quincy/Wells","04/25/2015","A",1527,2015-04-25,4,"Apr",2015,25,"Saturday","(41.878723, -87.63374)","orange"
"825866",40040,"Quincy/Wells","11/07/2006","W",7425,2006-11-07,11,"Nov",2006,7,"Tuesday","(41.878723, -87.63374)","orange"
"826529",40040,"Quincy/Wells","07/29/2017","A",1741,2017-07-29,7,"Jul",2017,29,"Saturday","(41.878723, -87.63374)","orange"
"826609",40040,"Quincy/Wells","10/26/2010","W",7234,2010-10-26,10,"Oct",2010,26,"Tuesday","(41.878723, -87.63374)","orange"
"826633",40040,"Quincy/Wells","12/24/2006","U",483,2006-12-24,12,"Dec",2006,24,"Sunday","(41.878723, -87.63374)","orange"
"827222",40040,"Quincy/Wells","09/20/2007","W",7137,2007-09-20,9,"Sep",2007,20,"Thursday","(41.878723, -87.63374)","orange"
"827424",40040,"Quincy/Wells","01/13/2007","A",1347,2007-01-13,1,"Jan",2007,13,"Saturday","(41.878723, -87.63374)","orange"
"827567",40040,"Quincy/Wells","01/10/2017","W",8385,2017-01-10,1,"Jan",2017,10,"Tuesday","(41.878723, -87.63374)","orange"
"827608",40040,"Quincy/Wells","01/14/2007","U",861,2007-01-14,1,"Jan",2007,14,"Sunday","(41.878723, -87.63374)","orange"
"828003",40040,"Quincy/Wells","05/27/2008","W",7706,2008-05-27,5,"May",2008,27,"Tuesday","(41.878723, -87.63374)","orange"
"828017",40040,"Quincy/Wells","08/03/2015","W",8520,2015-08-03,8,"Aug",2015,3,"Monday","(41.878723, -87.63374)","orange"
"828147",40040,"Quincy/Wells","04/22/2011","W",5454,2011-04-22,4,"Apr",2011,22,"Friday","(41.878723, -87.63374)","orange"
"828182",40040,"Quincy/Wells","07/01/2013","W",8671,2013-07-01,7,"Jul",2013,1,"Monday","(41.878723, -87.63374)","orange"
"828218",40040,"Quincy/Wells","04/29/2014","W",8676,2014-04-29,4,"Apr",2014,29,"Tuesday","(41.878723, -87.63374)","orange"
"828337",40040,"Quincy/Wells","01/06/2016","W",8423,2016-01-06,1,"Jan",2016,6,"Wednesday","(41.878723, -87.63374)","orange"
"829097",40040,"Quincy/Wells","08/23/2004","W",6786,2004-08-23,8,"Aug",2004,23,"Monday","(41.878723, -87.63374)","orange"
"829173",40040,"Quincy/Wells","04/08/2003","W",7150,2003-04-08,4,"Apr",2003,8,"Tuesday","(41.878723, -87.63374)","orange"
"829240",40040,"Quincy/Wells","03/09/2013","A",669,2013-03-09,3,"Mar",2013,9,"Saturday","(41.878723, -87.63374)","orange"
"829776",40040,"Quincy/Wells","08/29/2002","W",5892,2002-08-29,8,"Aug",2002,29,"Thursday","(41.878723, -87.63374)","orange"
"829850",40040,"Quincy/Wells","01/23/2003","W",6743,2003-01-23,1,"Jan",2003,23,"Thursday","(41.878723, -87.63374)","orange"
"829964",40040,"Quincy/Wells","06/01/2014","U",1537,2014-06-01,6,"Jun",2014,1,"Sunday","(41.878723, -87.63374)","orange"
"829985",40040,"Quincy/Wells","12/19/2011","W",7760,2011-12-19,12,"Dec",2011,19,"Monday","(41.878723, -87.63374)","orange"
"830210",40040,"Quincy/Wells","08/14/2008","W",7354,2008-08-14,8,"Aug",2008,14,"Thursday","(41.878723, -87.63374)","orange"
"830267",40040,"Quincy/Wells","05/27/2005","W",6009,2005-05-27,5,"May",2005,27,"Friday","(41.878723, -87.63374)","orange"
"830333",40040,"Quincy/Wells","01/03/2012","W",8151,2012-01-03,1,"Jan",2012,3,"Tuesday","(41.878723, -87.63374)","orange"
"830682",40040,"Quincy/Wells","12/24/2009","W",2143,2009-12-24,12,"Dec",2009,24,"Thursday","(41.878723, -87.63374)","orange"
"830869",40040,"Quincy/Wells","07/18/2001","W",7952,2001-07-18,7,"Jul",2001,18,"Wednesday","(41.878723, -87.63374)","orange"
"830908",40040,"Quincy/Wells","05/08/2001","W",8140,2001-05-08,5,"May",2001,8,"Tuesday","(41.878723, -87.63374)","orange"
"831219",40040,"Quincy/Wells","01/09/2007","W",7367,2007-01-09,1,"Jan",2007,9,"Tuesday","(41.878723, -87.63374)","orange"
"831313",40040,"Quincy/Wells","10/23/2009","W",7231,2009-10-23,10,"Oct",2009,23,"Friday","(41.878723, -87.63374)","orange"
"831369",40040,"Quincy/Wells","02/10/2016","W",8239,2016-02-10,2,"Feb",2016,10,"Wednesday","(41.878723, -87.63374)","orange"
"831487",40040,"Quincy/Wells","04/02/2002","W",7808,2002-04-02,4,"Apr",2002,2,"Tuesday","(41.878723, -87.63374)","orange"
"831548",40040,"Quincy/Wells","08/20/2007","W",7091,2007-08-20,8,"Aug",2007,20,"Monday","(41.878723, -87.63374)","orange"
"831615",40040,"Quincy/Wells","08/25/2017","W",7412,2017-08-25,8,"Aug",2017,25,"Friday","(41.878723, -87.63374)","orange"
"832059",40040,"Quincy/Wells","06/23/2013","U",1855,2013-06-23,6,"Jun",2013,23,"Sunday","(41.878723, -87.63374)","orange"
"832098",40040,"Quincy/Wells","02/26/2008","W",6953,2008-02-26,2,"Feb",2008,26,"Tuesday","(41.878723, -87.63374)","orange"
"832164",40040,"Quincy/Wells","04/01/2001","U",688,2001-04-01,4,"Apr",2001,1,"Sunday","(41.878723, -87.63374)","orange"
"832213",40040,"Quincy/Wells","12/24/2001","W",1808,2001-12-24,12,"Dec",2001,24,"Monday","(41.878723, -87.63374)","orange"
"832374",40040,"Quincy/Wells","10/17/2017","W",8846,2017-10-17,10,"Oct",2017,17,"Tuesday","(41.878723, -87.63374)","orange"
"832440",40040,"Quincy/Wells","02/25/2017","A",1247,2017-02-25,2,"Feb",2017,25,"Saturday","(41.878723, -87.63374)","orange"
"832527",40040,"Quincy/Wells","11/25/2004","U",531,2004-11-25,11,"Nov",2004,25,"Thursday","(41.878723, -87.63374)","orange"
"832825",40040,"Quincy/Wells","04/25/2003","W",6605,2003-04-25,4,"Apr",2003,25,"Friday","(41.878723, -87.63374)","orange"
"832862",40040,"Quincy/Wells","11/08/2016","W",8419,2016-11-08,11,"Nov",2016,8,"Tuesday","(41.878723, -87.63374)","orange"
"832974",40040,"Quincy/Wells","06/13/2002","W",7739,2002-06-13,6,"Jun",2002,13,"Thursday","(41.878723, -87.63374)","orange"
"833003",40040,"Quincy/Wells","05/27/2015","W",8175,2015-05-27,5,"May",2015,27,"Wednesday","(41.878723, -87.63374)","orange"
"833253",40040,"Quincy/Wells","12/25/2004","U",220,2004-12-25,12,"Dec",2004,25,"Saturday","(41.878723, -87.63374)","orange"
"833322",40040,"Quincy/Wells","01/31/2001","W",8165,2001-01-31,1,"Jan",2001,31,"Wednesday","(41.878723, -87.63374)","orange"
"833372",40040,"Quincy/Wells","07/26/2008","A",2217,2008-07-26,7,"Jul",2008,26,"Saturday","(41.878723, -87.63374)","orange"
"833412",40040,"Quincy/Wells","02/15/2012","W",7885,2012-02-15,2,"Feb",2012,15,"Wednesday","(41.878723, -87.63374)","orange"
"833442",40040,"Quincy/Wells","03/05/2009","W",7429,2009-03-05,3,"Mar",2009,5,"Thursday","(41.878723, -87.63374)","orange"
"833613",40040,"Quincy/Wells","04/17/2011","U",1551,2011-04-17,4,"Apr",2011,17,"Sunday","(41.878723, -87.63374)","orange"
"833749",40040,"Quincy/Wells","01/23/2009","W",7129,2009-01-23,1,"Jan",2009,23,"Friday","(41.878723, -87.63374)","orange"
"833790",40040,"Quincy/Wells","05/05/2006","W",6549,2006-05-05,5,"May",2006,5,"Friday","(41.878723, -87.63374)","orange"
"833824",40040,"Quincy/Wells","07/19/2005","W",6953,2005-07-19,7,"Jul",2005,19,"Tuesday","(41.878723, -87.63374)","orange"
"833838",40040,"Quincy/Wells","07/25/2001","W",7991,2001-07-25,7,"Jul",2001,25,"Wednesday","(41.878723, -87.63374)","orange"
"834156",40040,"Quincy/Wells","02/07/2014","W",8333,2014-02-07,2,"Feb",2014,7,"Friday","(41.878723, -87.63374)","orange"
"834263",40040,"Quincy/Wells","06/20/2009","A",1853,2009-06-20,6,"Jun",2009,20,"Saturday","(41.878723, -87.63374)","orange"
"834281",40040,"Quincy/Wells","10/25/2004","W",6703,2004-10-25,10,"Oct",2004,25,"Monday","(41.878723, -87.63374)","orange"
"834296",40040,"Quincy/Wells","01/24/2017","W",8359,2017-01-24,1,"Jan",2017,24,"Tuesday","(41.878723, -87.63374)","orange"
"834460",40040,"Quincy/Wells","05/28/2001","U",818,2001-05-28,5,"May",2001,28,"Monday","(41.878723, -87.63374)","orange"
"834516",40040,"Quincy/Wells","04/08/2015","W",7932,2015-04-08,4,"Apr",2015,8,"Wednesday","(41.878723, -87.63374)","orange"
"834593",40040,"Quincy/Wells","11/14/2003","W",6805,2003-11-14,11,"Nov",2003,14,"Friday","(41.878723, -87.63374)","orange"
"834704",40040,"Quincy/Wells","02/01/2009","U",1030,2009-02-01,2,"Feb",2009,1,"Sunday","(41.878723, -87.63374)","orange"
"834864",40040,"Quincy/Wells","08/27/2005","A",1196,2005-08-27,8,"Aug",2005,27,"Saturday","(41.878723, -87.63374)","orange"
"834907",40040,"Quincy/Wells","10/09/2017","W",7722,2017-10-09,10,"Oct",2017,9,"Monday","(41.878723, -87.63374)","orange"
"834927",40040,"Quincy/Wells","07/31/2005","U",989,2005-07-31,7,"Jul",2005,31,"Sunday","(41.878723, -87.63374)","orange"
"834964",40040,"Quincy/Wells","10/27/2002","U",884,2002-10-27,10,"Oct",2002,27,"Sunday","(41.878723, -87.63374)","orange"
"835154",40040,"Quincy/Wells","04/09/2017","U",1253,2017-04-09,4,"Apr",2017,9,"Sunday","(41.878723, -87.63374)","orange"
"835157",40040,"Quincy/Wells","12/02/2015","W",8247,2015-12-02,12,"Dec",2015,2,"Wednesday","(41.878723, -87.63374)","orange"
"835350",40040,"Quincy/Wells","01/11/2014","A",1581,2014-01-11,1,"Jan",2014,11,"Saturday","(41.878723, -87.63374)","orange"
"835362",40040,"Quincy/Wells","06/04/2004","W",6339,2004-06-04,6,"Jun",2004,4,"Friday","(41.878723, -87.63374)","orange"
"835622",40040,"Quincy/Wells","09/11/2015","W",8102,2015-09-11,9,"Sep",2015,11,"Friday","(41.878723, -87.63374)","orange"
"835770",40040,"Quincy/Wells","01/17/2015","A",1597,2015-01-17,1,"Jan",2015,17,"Saturday","(41.878723, -87.63374)","orange"
"835776",40040,"Quincy/Wells","05/28/2003","W",7392,2003-05-28,5,"May",2003,28,"Wednesday","(41.878723, -87.63374)","orange"
"835896",40040,"Quincy/Wells","04/04/2005","W",6457,2005-04-04,4,"Apr",2005,4,"Monday","(41.878723, -87.63374)","orange"
"836029",40040,"Quincy/Wells","12/09/2005","W",6260,2005-12-09,12,"Dec",2005,9,"Friday","(41.878723, -87.63374)","orange"
"836369",40040,"Quincy/Wells","06/20/2005","W",7136,2005-06-20,6,"Jun",2005,20,"Monday","(41.878723, -87.63374)","orange"
"836390",40040,"Quincy/Wells","10/30/2017","W",8524,2017-10-30,10,"Oct",2017,30,"Monday","(41.878723, -87.63374)","orange"
"836415",40040,"Quincy/Wells","03/17/2003","W",7061,2003-03-17,3,"Mar",2003,17,"Monday","(41.878723, -87.63374)","orange"
"836864",40040,"Quincy/Wells","11/04/2002","W",7742,2002-11-04,11,"Nov",2002,4,"Monday","(41.878723, -87.63374)","orange"
"837028",40040,"Quincy/Wells","07/03/2015","U",2880,2015-07-03,7,"Jul",2015,3,"Friday","(41.878723, -87.63374)","orange"
"837181",40040,"Quincy/Wells","10/14/2004","W",6762,2004-10-14,10,"Oct",2004,14,"Thursday","(41.878723, -87.63374)","orange"
"837304",40040,"Quincy/Wells","07/25/2016","W",9034,2016-07-25,7,"Jul",2016,25,"Monday","(41.878723, -87.63374)","orange"
"837550",40040,"Quincy/Wells","01/15/2017","U",1026,2017-01-15,1,"Jan",2017,15,"Sunday","(41.878723, -87.63374)","orange"
"837575",40040,"Quincy/Wells","07/03/2008","W",8275,2008-07-03,7,"Jul",2008,3,"Thursday","(41.878723, -87.63374)","orange"
"837646",40040,"Quincy/Wells","07/11/2009","A",2497,2009-07-11,7,"Jul",2009,11,"Saturday","(41.878723, -87.63374)","orange"
"837818",40040,"Quincy/Wells","08/25/2014","W",8381,2014-08-25,8,"Aug",2014,25,"Monday","(41.878723, -87.63374)","orange"
"838076",40040,"Quincy/Wells","01/24/2016","U",953,2016-01-24,1,"Jan",2016,24,"Sunday","(41.878723, -87.63374)","orange"
"838114",40040,"Quincy/Wells","07/12/2009","U",1832,2009-07-12,7,"Jul",2009,12,"Sunday","(41.878723, -87.63374)","orange"
"838160",40040,"Quincy/Wells","04/10/2002","W",7676,2002-04-10,4,"Apr",2002,10,"Wednesday","(41.878723, -87.63374)","orange"
"838170",40040,"Quincy/Wells","05/31/2010","U",1533,2010-05-31,5,"May",2010,31,"Monday","(41.878723, -87.63374)","orange"
"838317",40040,"Quincy/Wells","01/25/2012","W",8071,2012-01-25,1,"Jan",2012,25,"Wednesday","(41.878723, -87.63374)","orange"
"838518",40040,"Quincy/Wells","03/07/2015","A",1642,2015-03-07,3,"Mar",2015,7,"Saturday","(41.878723, -87.63374)","orange"
"838585",40040,"Quincy/Wells","08/16/2015","U",1773,2015-08-16,8,"Aug",2015,16,"Sunday","(41.878723, -87.63374)","orange"
"838943",40040,"Quincy/Wells","04/24/2002","W",7898,2002-04-24,4,"Apr",2002,24,"Wednesday","(41.878723, -87.63374)","orange"
"838969",40040,"Quincy/Wells","06/26/2009","W",7108,2009-06-26,6,"Jun",2009,26,"Friday","(41.878723, -87.63374)","orange"
"839359",40040,"Quincy/Wells","05/04/2006","W",6908,2006-05-04,5,"May",2006,4,"Thursday","(41.878723, -87.63374)","orange"
"839451",40040,"Quincy/Wells","11/17/2015","W",8606,2015-11-17,11,"Nov",2015,17,"Tuesday","(41.878723, -87.63374)","orange"
"839550",40040,"Quincy/Wells","05/31/2003","A",1107,2003-05-31,5,"May",2003,31,"Saturday","(41.878723, -87.63374)","orange"
"839634",40040,"Quincy/Wells","10/02/2001","W",8168,2001-10-02,10,"Oct",2001,2,"Tuesday","(41.878723, -87.63374)","orange"
"839961",40040,"Quincy/Wells","11/04/2005","W",6803,2005-11-04,11,"Nov",2005,4,"Friday","(41.878723, -87.63374)","orange"
"840060",40040,"Quincy/Wells","11/06/2004","A",1123,2004-11-06,11,"Nov",2004,6,"Saturday","(41.878723, -87.63374)","orange"
"840106",40040,"Quincy/Wells","07/18/2006","W",7582,2006-07-18,7,"Jul",2006,18,"Tuesday","(41.878723, -87.63374)","orange"
"840467",40040,"Quincy/Wells","12/19/2015","A",1411,2015-12-19,12,"Dec",2015,19,"Saturday","(41.878723, -87.63374)","orange"
"840526",40040,"Quincy/Wells","07/18/2009","A",2601,2009-07-18,7,"Jul",2009,18,"Saturday","(41.878723, -87.63374)","orange"
"840551",40040,"Quincy/Wells","05/06/2004","W",6797,2004-05-06,5,"May",2004,6,"Thursday","(41.878723, -87.63374)","orange"
"840649",40040,"Quincy/Wells","06/13/2005","W",7245,2005-06-13,6,"Jun",2005,13,"Monday","(41.878723, -87.63374)","orange"
"841080",40040,"Quincy/Wells","03/23/2011","W",7586,2011-03-23,3,"Mar",2011,23,"Wednesday","(41.878723, -87.63374)","orange"
"841171",40040,"Quincy/Wells","08/16/2012","W",8313,2012-08-16,8,"Aug",2012,16,"Thursday","(41.878723, -87.63374)","orange"
"841227",40040,"Quincy/Wells","11/12/2016","A",1792,2016-11-12,11,"Nov",2016,12,"Saturday","(41.878723, -87.63374)","orange"
"841268",40040,"Quincy/Wells","12/09/2002","W",7146,2002-12-09,12,"Dec",2002,9,"Monday","(41.878723, -87.63374)","orange"
"841609",40040,"Quincy/Wells","10/14/2003","W",7584,2003-10-14,10,"Oct",2003,14,"Tuesday","(41.878723, -87.63374)","orange"
"841643",40040,"Quincy/Wells","12/01/2016","W",7960,2016-12-01,12,"Dec",2016,1,"Thursday","(41.878723, -87.63374)","orange"
"841693",40040,"Quincy/Wells","07/09/2005","A",1121,2005-07-09,7,"Jul",2005,9,"Saturday","(41.878723, -87.63374)","orange"
"841738",40040,"Quincy/Wells","08/13/2010","W",6977,2010-08-13,8,"Aug",2010,13,"Friday","(41.878723, -87.63374)","orange"
"841763",40040,"Quincy/Wells","01/02/2001","W",7737,2001-01-02,1,"Jan",2001,2,"Tuesday","(41.878723, -87.63374)","orange"
"841890",40040,"Quincy/Wells","07/26/2007","W",6948,2007-07-26,7,"Jul",2007,26,"Thursday","(41.878723, -87.63374)","orange"
"841992",40040,"Quincy/Wells","06/03/2008","W",7545,2008-06-03,6,"Jun",2008,3,"Tuesday","(41.878723, -87.63374)","orange"
"842078",40040,"Quincy/Wells","09/11/2009","W",7336,2009-09-11,9,"Sep",2009,11,"Friday","(41.878723, -87.63374)","orange"
"842139",40040,"Quincy/Wells","12/02/2003","W",6827,2003-12-02,12,"Dec",2003,2,"Tuesday","(41.878723, -87.63374)","orange"
"842241",40040,"Quincy/Wells","07/24/2006","W",7587,2006-07-24,7,"Jul",2006,24,"Monday","(41.878723, -87.63374)","orange"
"842244",40040,"Quincy/Wells","09/30/2005","W",6516,2005-09-30,9,"Sep",2005,30,"Friday","(41.878723, -87.63374)","orange"
"842415",40040,"Quincy/Wells","09/02/2008","W",7610,2008-09-02,9,"Sep",2008,2,"Tuesday","(41.878723, -87.63374)","orange"
"842630",40040,"Quincy/Wells","04/18/2017","W",8382,2017-04-18,4,"Apr",2017,18,"Tuesday","(41.878723, -87.63374)","orange"
"842730",40040,"Quincy/Wells","03/16/2002","A",1413,2002-03-16,3,"Mar",2002,16,"Saturday","(41.878723, -87.63374)","orange"
"842741",40040,"Quincy/Wells","03/18/2003","W",7160,2003-03-18,3,"Mar",2003,18,"Tuesday","(41.878723, -87.63374)","orange"
"843064",40040,"Quincy/Wells","08/31/2005","W",6844,2005-08-31,8,"Aug",2005,31,"Wednesday","(41.878723, -87.63374)","orange"
"843077",40040,"Quincy/Wells","05/14/2003","W",7008,2003-05-14,5,"May",2003,14,"Wednesday","(41.878723, -87.63374)","orange"
"843195",40040,"Quincy/Wells","04/19/2013","W",7888,2013-04-19,4,"Apr",2013,19,"Friday","(41.878723, -87.63374)","orange"
"843319",40040,"Quincy/Wells","08/08/2008","W",7336,2008-08-08,8,"Aug",2008,8,"Friday","(41.878723, -87.63374)","orange"
"843481",40040,"Quincy/Wells","01/14/2017","A",1199,2017-01-14,1,"Jan",2017,14,"Saturday","(41.878723, -87.63374)","orange"
"843803",40040,"Quincy/Wells","01/03/2009","A",1328,2009-01-03,1,"Jan",2009,3,"Saturday","(41.878723, -87.63374)","orange"
"844280",40040,"Quincy/Wells","05/29/2008","W",7531,2008-05-29,5,"May",2008,29,"Thursday","(41.878723, -87.63374)","orange"
"844317",40040,"Quincy/Wells","11/03/2010","W",7457,2010-11-03,11,"Nov",2010,3,"Wednesday","(41.878723, -87.63374)","orange"
"844428",40040,"Quincy/Wells","04/27/2016","W",8907,2016-04-27,4,"Apr",2016,27,"Wednesday","(41.878723, -87.63374)","orange"
"844468",40040,"Quincy/Wells","12/24/2012","W",2005,2012-12-24,12,"Dec",2012,24,"Monday","(41.878723, -87.63374)","orange"
"844545",40040,"Quincy/Wells","06/04/2005","A",1027,2005-06-04,6,"Jun",2005,4,"Saturday","(41.878723, -87.63374)","orange"
"844548",40040,"Quincy/Wells","05/25/2015","U",1852,2015-05-25,5,"May",2015,25,"Monday","(41.878723, -87.63374)","orange"
"844553",40040,"Quincy/Wells","05/12/2010","W",7205,2010-05-12,5,"May",2010,12,"Wednesday","(41.878723, -87.63374)","orange"
"844960",40040,"Quincy/Wells","11/28/2007","W",6861,2007-11-28,11,"Nov",2007,28,"Wednesday","(41.878723, -87.63374)","orange"
"845086",40040,"Quincy/Wells","12/09/2010","W",7016,2010-12-09,12,"Dec",2010,9,"Thursday","(41.878723, -87.63374)","orange"
"845122",40040,"Quincy/Wells","08/11/2002","U",846,2002-08-11,8,"Aug",2002,11,"Sunday","(41.878723, -87.63374)","orange"
"845132",40040,"Quincy/Wells","11/19/2008","W",7292,2008-11-19,11,"Nov",2008,19,"Wednesday","(41.878723, -87.63374)","orange"
"845153",40040,"Quincy/Wells","05/19/2013","U",1662,2013-05-19,5,"May",2013,19,"Sunday","(41.878723, -87.63374)","orange"
"845244",40040,"Quincy/Wells","11/26/2010","W",2822,2010-11-26,11,"Nov",2010,26,"Friday","(41.878723, -87.63374)","orange"
"845305",40040,"Quincy/Wells","03/30/2005","W",6568,2005-03-30,3,"Mar",2005,30,"Wednesday","(41.878723, -87.63374)","orange"
"845409",40040,"Quincy/Wells","10/22/2001","W",7917,2001-10-22,10,"Oct",2001,22,"Monday","(41.878723, -87.63374)","orange"
"845411",40040,"Quincy/Wells","10/11/2010","W",6675,2010-10-11,10,"Oct",2010,11,"Monday","(41.878723, -87.63374)","orange"
"845611",40040,"Quincy/Wells","03/16/2011","W",7982,2011-03-16,3,"Mar",2011,16,"Wednesday","(41.878723, -87.63374)","orange"
"845617",40040,"Quincy/Wells","12/16/2011","W",7063,2011-12-16,12,"Dec",2011,16,"Friday","(41.878723, -87.63374)","orange"
"845633",40040,"Quincy/Wells","05/19/2009","W",7487,2009-05-19,5,"May",2009,19,"Tuesday","(41.878723, -87.63374)","orange"
"845781",40040,"Quincy/Wells","12/21/2004","W",5563,2004-12-21,12,"Dec",2004,21,"Tuesday","(41.878723, -87.63374)","orange"
"845868",40040,"Quincy/Wells","07/02/2006","U",1204,2006-07-02,7,"Jul",2006,2,"Sunday","(41.878723, -87.63374)","orange"
"846223",40040,"Quincy/Wells","10/26/2016","W",8690,2016-10-26,10,"Oct",2016,26,"Wednesday","(41.878723, -87.63374)","orange"
"846229",40040,"Quincy/Wells","04/05/2003","A",1041,2003-04-05,4,"Apr",2003,5,"Saturday","(41.878723, -87.63374)","orange"
"846276",40040,"Quincy/Wells","10/12/2007","W",7000,2007-10-12,10,"Oct",2007,12,"Friday","(41.878723, -87.63374)","orange"
"846403",40040,"Quincy/Wells","05/19/2007","A",2010,2007-05-19,5,"May",2007,19,"Saturday","(41.878723, -87.63374)","orange"
"846740",40040,"Quincy/Wells","10/23/2010","A",1661,2010-10-23,10,"Oct",2010,23,"Saturday","(41.878723, -87.63374)","orange"
"846842",40040,"Quincy/Wells","05/31/2012","W",8745,2012-05-31,5,"May",2012,31,"Thursday","(41.878723, -87.63374)","orange"
"846914",40040,"Quincy/Wells","05/15/2017","W",8471,2017-05-15,5,"May",2017,15,"Monday","(41.878723, -87.63374)","orange"
"846940",40040,"Quincy/Wells","11/02/2013","A",1850,2013-11-02,11,"Nov",2013,2,"Saturday","(41.878723, -87.63374)","orange"
"847088",40040,"Quincy/Wells","10/03/2014","W",7918,2014-10-03,10,"Oct",2014,3,"Friday","(41.878723, -87.63374)","orange"
"847346",40040,"Quincy/Wells","07/10/2012","W",8720,2012-07-10,7,"Jul",2012,10,"Tuesday","(41.878723, -87.63374)","orange"
"847517",40040,"Quincy/Wells","07/01/2002","W",7938,2002-07-01,7,"Jul",2002,1,"Monday","(41.878723, -87.63374)","orange"
"847523",40040,"Quincy/Wells","03/01/2013","W",7048,2013-03-01,3,"Mar",2013,1,"Friday","(41.878723, -87.63374)","orange"
"847537",40040,"Quincy/Wells","10/16/2008","W",7646,2008-10-16,10,"Oct",2008,16,"Thursday","(41.878723, -87.63374)","orange"
"847555",40040,"Quincy/Wells","02/05/2005","A",951,2005-02-05,2,"Feb",2005,5,"Saturday","(41.878723, -87.63374)","orange"
"847706",40040,"Quincy/Wells","05/20/2003","W",7048,2003-05-20,5,"May",2003,20,"Tuesday","(41.878723, -87.63374)","orange"
"847757",40040,"Quincy/Wells","03/03/2013","U",738,2013-03-03,3,"Mar",2013,3,"Sunday","(41.878723, -87.63374)","orange"
"847827",40040,"Quincy/Wells","01/27/2001","A",914,2001-01-27,1,"Jan",2001,27,"Saturday","(41.878723, -87.63374)","orange"
"847962",40040,"Quincy/Wells","04/23/2009","W",7564,2009-04-23,4,"Apr",2009,23,"Thursday","(41.878723, -87.63374)","orange"
"848148",40040,"Quincy/Wells","06/04/2006","U",986,2006-06-04,6,"Jun",2006,4,"Sunday","(41.878723, -87.63374)","orange"
"848265",40040,"Quincy/Wells","07/16/2014","W",8527,2014-07-16,7,"Jul",2014,16,"Wednesday","(41.878723, -87.63374)","orange"
"848285",40040,"Quincy/Wells","07/22/2003","W",7113,2003-07-22,7,"Jul",2003,22,"Tuesday","(41.878723, -87.63374)","orange"
"848373",40040,"Quincy/Wells","09/16/2015","W",8239,2015-09-16,9,"Sep",2015,16,"Wednesday","(41.878723, -87.63374)","orange"
"848771",40040,"Quincy/Wells","04/01/2003","W",7099,2003-04-01,4,"Apr",2003,1,"Tuesday","(41.878723, -87.63374)","orange"
"848832",40040,"Quincy/Wells","10/29/2009","W",7418,2009-10-29,10,"Oct",2009,29,"Thursday","(41.878723, -87.63374)","orange"
"849166",40040,"Quincy/Wells","10/22/2010","W",7080,2010-10-22,10,"Oct",2010,22,"Friday","(41.878723, -87.63374)","orange"
"849187",40040,"Quincy/Wells","09/03/2009","W",7336,2009-09-03,9,"Sep",2009,3,"Thursday","(41.878723, -87.63374)","orange"
"849225",40040,"Quincy/Wells","09/08/2017","W",7662,2017-09-08,9,"Sep",2017,8,"Friday","(41.878723, -87.63374)","orange"
"849418",40040,"Quincy/Wells","12/05/2001","W",7400,2001-12-05,12,"Dec",2001,5,"Wednesday","(41.878723, -87.63374)","orange"
"849478",40040,"Quincy/Wells","08/11/2011","W",8477,2011-08-11,8,"Aug",2011,11,"Thursday","(41.878723, -87.63374)","orange"
"849524",40040,"Quincy/Wells","08/24/2013","A",1886,2013-08-24,8,"Aug",2013,24,"Saturday","(41.878723, -87.63374)","orange"
"849604",40040,"Quincy/Wells","10/07/2016","W",8071,2016-10-07,10,"Oct",2016,7,"Friday","(41.878723, -87.63374)","orange"
"849664",40040,"Quincy/Wells","05/26/2015","W",8283,2015-05-26,5,"May",2015,26,"Tuesday","(41.878723, -87.63374)","orange"
"849763",40040,"Quincy/Wells","08/12/2009","W",7922,2009-08-12,8,"Aug",2009,12,"Wednesday","(41.878723, -87.63374)","orange"
"849790",40040,"Quincy/Wells","03/07/2002","W",7413,2002-03-07,3,"Mar",2002,7,"Thursday","(41.878723, -87.63374)","orange"
"849904",40040,"Quincy/Wells","10/22/2011","A",2277,2011-10-22,10,"Oct",2011,22,"Saturday","(41.878723, -87.63374)","orange"
"849922",40040,"Quincy/Wells","07/30/2002","W",7975,2002-07-30,7,"Jul",2002,30,"Tuesday","(41.878723, -87.63374)","orange"
"849949",40040,"Quincy/Wells","03/13/2010","A",1954,2010-03-13,3,"Mar",2010,13,"Saturday","(41.878723, -87.63374)","orange"
"850009",40040,"Quincy/Wells","12/30/2007","U",1097,2007-12-30,12,"Dec",2007,30,"Sunday","(41.878723, -87.63374)","orange"
"850065",40040,"Quincy/Wells","10/12/2009","W",6759,2009-10-12,10,"Oct",2009,12,"Monday","(41.878723, -87.63374)","orange"
"850075",40040,"Quincy/Wells","08/27/2016","A",1642,2016-08-27,8,"Aug",2016,27,"Saturday","(41.878723, -87.63374)","orange"
"850139",40040,"Quincy/Wells","09/28/2005","W",7364,2005-09-28,9,"Sep",2005,28,"Wednesday","(41.878723, -87.63374)","orange"
"850363",40040,"Quincy/Wells","06/29/2001","W",7631,2001-06-29,6,"Jun",2001,29,"Friday","(41.878723, -87.63374)","orange"
"850911",40040,"Quincy/Wells","12/10/2006","U",818,2006-12-10,12,"Dec",2006,10,"Sunday","(41.878723, -87.63374)","orange"
"851010",40040,"Quincy/Wells","11/24/2005","U",523,2005-11-24,11,"Nov",2005,24,"Thursday","(41.878723, -87.63374)","orange"
"851129",40040,"Quincy/Wells","05/27/2001","U",768,2001-05-27,5,"May",2001,27,"Sunday","(41.878723, -87.63374)","orange"
"851295",40040,"Quincy/Wells","03/20/2005","U",812,2005-03-20,3,"Mar",2005,20,"Sunday","(41.878723, -87.63374)","orange"
"851381",40040,"Quincy/Wells","06/27/2008","W",7333,2008-06-27,6,"Jun",2008,27,"Friday","(41.878723, -87.63374)","orange"
"851678",40040,"Quincy/Wells","04/13/2009","W",7967,2009-04-13,4,"Apr",2009,13,"Monday","(41.878723, -87.63374)","orange"
"851995",40040,"Quincy/Wells","11/18/2009","W",7147,2009-11-18,11,"Nov",2009,18,"Wednesday","(41.878723, -87.63374)","orange"
"852277",40040,"Quincy/Wells","07/10/2008","W",8214,2008-07-10,7,"Jul",2008,10,"Thursday","(41.878723, -87.63374)","orange"
"852431",40040,"Quincy/Wells","10/24/2008","W",7087,2008-10-24,10,"Oct",2008,24,"Friday","(41.878723, -87.63374)","orange"
"852484",40040,"Quincy/Wells","09/10/2007","W",7300,2007-09-10,9,"Sep",2007,10,"Monday","(41.878723, -87.63374)","orange"
"852600",40040,"Quincy/Wells","01/13/2010","W",7354,2010-01-13,1,"Jan",2010,13,"Wednesday","(41.878723, -87.63374)","orange"
"852763",40040,"Quincy/Wells","11/30/2002","A",910,2002-11-30,11,"Nov",2002,30,"Saturday","(41.878723, -87.63374)","orange"
"852769",40040,"Quincy/Wells","08/18/2006","W",7070,2006-08-18,8,"Aug",2006,18,"Friday","(41.878723, -87.63374)","orange"
"852774",40040,"Quincy/Wells","10/18/2008","A",2412,2008-10-18,10,"Oct",2008,18,"Saturday","(41.878723, -87.63374)","orange"
"853190",40040,"Quincy/Wells","09/14/2012","W",8098,2012-09-14,9,"Sep",2012,14,"Friday","(41.878723, -87.63374)","orange"
"853246",40040,"Quincy/Wells","10/24/2005","W",7086,2005-10-24,10,"Oct",2005,24,"Monday","(41.878723, -87.63374)","orange"
"853357",40040,"Quincy/Wells","08/08/2006","W",7627,2006-08-08,8,"Aug",2006,8,"Tuesday","(41.878723, -87.63374)","orange"
"853417",40040,"Quincy/Wells","11/11/2012","U",1651,2012-11-11,11,"Nov",2012,11,"Sunday","(41.878723, -87.63374)","orange"
"853839",40040,"Quincy/Wells","09/02/2017","A",1746,2017-09-02,9,"Sep",2017,2,"Saturday","(41.878723, -87.63374)","orange"
"854016",40040,"Quincy/Wells","12/21/2014","U",1139,2014-12-21,12,"Dec",2014,21,"Sunday","(41.878723, -87.63374)","orange"
"854065",40040,"Quincy/Wells","12/25/2011","U",596,2011-12-25,12,"Dec",2011,25,"Sunday","(41.878723, -87.63374)","orange"
"854212",40040,"Quincy/Wells","11/28/2014","W",2862,2014-11-28,11,"Nov",2014,28,"Friday","(41.878723, -87.63374)","orange"
"854258",40040,"Quincy/Wells","04/13/2010","W",6964,2010-04-13,4,"Apr",2010,13,"Tuesday","(41.878723, -87.63374)","orange"
"854510",40040,"Quincy/Wells","10/29/2001","W",8090,2001-10-29,10,"Oct",2001,29,"Monday","(41.878723, -87.63374)","orange"
"854542",40040,"Quincy/Wells","08/23/2001","W",7957,2001-08-23,8,"Aug",2001,23,"Thursday","(41.878723, -87.63374)","orange"
"854609",40040,"Quincy/Wells","11/12/2008","W",7394,2008-11-12,11,"Nov",2008,12,"Wednesday","(41.878723, -87.63374)","orange"
"854617",40040,"Quincy/Wells","05/10/2006","W",6903,2006-05-10,5,"May",2006,10,"Wednesday","(41.878723, -87.63374)","orange"
"854698",40040,"Quincy/Wells","02/10/2013","U",1177,2013-02-10,2,"Feb",2013,10,"Sunday","(41.878723, -87.63374)","orange"
"854980",40040,"Quincy/Wells","07/30/2007","W",7105,2007-07-30,7,"Jul",2007,30,"Monday","(41.878723, -87.63374)","orange"
"855036",40040,"Quincy/Wells","12/20/2014","A",1421,2014-12-20,12,"Dec",2014,20,"Saturday","(41.878723, -87.63374)","orange"
"855076",40040,"Quincy/Wells","08/19/2006","A",1751,2006-08-19,8,"Aug",2006,19,"Saturday","(41.878723, -87.63374)","orange"
"855120",40040,"Quincy/Wells","09/28/2017","W",8245,2017-09-28,9,"Sep",2017,28,"Thursday","(41.878723, -87.63374)","orange"
"855150",40040,"Quincy/Wells","04/16/2016","A",1805,2016-04-16,4,"Apr",2016,16,"Saturday","(41.878723, -87.63374)","orange"
"855252",40040,"Quincy/Wells","03/30/2012","W",7532,2012-03-30,3,"Mar",2012,30,"Friday","(41.878723, -87.63374)","orange"
"855318",40040,"Quincy/Wells","09/13/2001","W",8040,2001-09-13,9,"Sep",2001,13,"Thursday","(41.878723, -87.63374)","orange"
"855583",40040,"Quincy/Wells","01/21/2003","W",7292,2003-01-21,1,"Jan",2003,21,"Tuesday","(41.878723, -87.63374)","orange"
"855702",40040,"Quincy/Wells","09/15/2003","W",7317,2003-09-15,9,"Sep",2003,15,"Monday","(41.878723, -87.63374)","orange"
"855762",40040,"Quincy/Wells","10/24/2004","U",944,2004-10-24,10,"Oct",2004,24,"Sunday","(41.878723, -87.63374)","orange"
"855799",40040,"Quincy/Wells","04/12/2005","W",6486,2005-04-12,4,"Apr",2005,12,"Tuesday","(41.878723, -87.63374)","orange"
"855863",40040,"Quincy/Wells","01/19/2006","W",6828,2006-01-19,1,"Jan",2006,19,"Thursday","(41.878723, -87.63374)","orange"
"856285",40040,"Quincy/Wells","08/27/2014","W",8133,2014-08-27,8,"Aug",2014,27,"Wednesday","(41.878723, -87.63374)","orange"
"856295",40040,"Quincy/Wells","09/23/2004","W",6510,2004-09-23,9,"Sep",2004,23,"Thursday","(41.878723, -87.63374)","orange"
"856442",40040,"Quincy/Wells","11/15/2014","A",1735,2014-11-15,11,"Nov",2014,15,"Saturday","(41.878723, -87.63374)","orange"
"856652",40040,"Quincy/Wells","02/13/2008","W",7008,2008-02-13,2,"Feb",2008,13,"Wednesday","(41.878723, -87.63374)","orange"
"857050",40040,"Quincy/Wells","04/20/2004","W",6804,2004-04-20,4,"Apr",2004,20,"Tuesday","(41.878723, -87.63374)","orange"
"857125",40040,"Quincy/Wells","10/21/2006","A",1771,2006-10-21,10,"Oct",2006,21,"Saturday","(41.878723, -87.63374)","orange"
"857347",40040,"Quincy/Wells","09/27/2007","W",7015,2007-09-27,9,"Sep",2007,27,"Thursday","(41.878723, -87.63374)","orange"
"857386",40040,"Quincy/Wells","05/17/2013","W",7759,2013-05-17,5,"May",2013,17,"Friday","(41.878723, -87.63374)","orange"
"857389",40040,"Quincy/Wells","12/09/2011","W",7368,2011-12-09,12,"Dec",2011,9,"Friday","(41.878723, -87.63374)","orange"
"857398",40040,"Quincy/Wells","09/19/2002","W",7614,2002-09-19,9,"Sep",2002,19,"Thursday","(41.878723, -87.63374)","orange"
"857439",40040,"Quincy/Wells","08/03/2011","W",8627,2011-08-03,8,"Aug",2011,3,"Wednesday","(41.878723, -87.63374)","orange"
"857504",40040,"Quincy/Wells","03/16/2005","W",6500,2005-03-16,3,"Mar",2005,16,"Wednesday","(41.878723, -87.63374)","orange"
"857996",40040,"Quincy/Wells","05/07/2006","U",1023,2006-05-07,5,"May",2006,7,"Sunday","(41.878723, -87.63374)","orange"
"858076",40040,"Quincy/Wells","03/30/2014","U",2030,2014-03-30,3,"Mar",2014,30,"Sunday","(41.878723, -87.63374)","orange"
"858114",40040,"Quincy/Wells","08/10/2009","W",7899,2009-08-10,8,"Aug",2009,10,"Monday","(41.878723, -87.63374)","orange"
"858193",40040,"Quincy/Wells","07/16/2005","A",1467,2005-07-16,7,"Jul",2005,16,"Saturday","(41.878723, -87.63374)","orange"
"858335",40040,"Quincy/Wells","05/31/2002","W",7161,2002-05-31,5,"May",2002,31,"Friday","(41.878723, -87.63374)","orange"
"858378",40040,"Quincy/Wells","06/20/2003","W",6524,2003-06-20,6,"Jun",2003,20,"Friday","(41.878723, -87.63374)","orange"
"858429",40040,"Quincy/Wells","11/26/2007","W",7068,2007-11-26,11,"Nov",2007,26,"Monday","(41.878723, -87.63374)","orange"
"858504",40040,"Quincy/Wells","03/15/2003","A",1451,2003-03-15,3,"Mar",2003,15,"Saturday","(41.878723, -87.63374)","orange"
"858566",40040,"Quincy/Wells","10/04/2013","W",8199,2013-10-04,10,"Oct",2013,4,"Friday","(41.878723, -87.63374)","orange"
"858623",40040,"Quincy/Wells","09/15/2004","W",6925,2004-09-15,9,"Sep",2004,15,"Wednesday","(41.878723, -87.63374)","orange"
"859007",40040,"Quincy/Wells","12/03/2007","W",6801,2007-12-03,12,"Dec",2007,3,"Monday","(41.878723, -87.63374)","orange"
"859052",40040,"Quincy/Wells","03/16/2010","W",7189,2010-03-16,3,"Mar",2010,16,"Tuesday","(41.878723, -87.63374)","orange"
"859128",40040,"Quincy/Wells","04/04/2013","W",8044,2013-04-04,4,"Apr",2013,4,"Thursday","(41.878723, -87.63374)","orange"
"859332",40040,"Quincy/Wells","09/18/2006","W",7542,2006-09-18,9,"Sep",2006,18,"Monday","(41.878723, -87.63374)","orange"
"859430",40040,"Quincy/Wells","04/09/2015","W",7770,2015-04-09,4,"Apr",2015,9,"Thursday","(41.878723, -87.63374)","orange"
"859461",40040,"Quincy/Wells","01/09/2004","W",6610,2004-01-09,1,"Jan",2004,9,"Friday","(41.878723, -87.63374)","orange"
"859536",40040,"Quincy/Wells","10/08/2008","W",7536,2008-10-08,10,"Oct",2008,8,"Wednesday","(41.878723, -87.63374)","orange"
"859642",40040,"Quincy/Wells","07/01/2007","U",1424,2007-07-01,7,"Jul",2007,1,"Sunday","(41.878723, -87.63374)","orange"
"859643",40040,"Quincy/Wells","03/26/2017","U",1137,2017-03-26,3,"Mar",2017,26,"Sunday","(41.878723, -87.63374)","orange"
"859662",40040,"Quincy/Wells","11/15/2016","W",8334,2016-11-15,11,"Nov",2016,15,"Tuesday","(41.878723, -87.63374)","orange"
"860024",40040,"Quincy/Wells","10/31/2013","W",8696,2013-10-31,10,"Oct",2013,31,"Thursday","(41.878723, -87.63374)","orange"
"860031",40040,"Quincy/Wells","05/17/2007","W",6618,2007-05-17,5,"May",2007,17,"Thursday","(41.878723, -87.63374)","orange"
"860121",40040,"Quincy/Wells","04/15/2015","W",8114,2015-04-15,4,"Apr",2015,15,"Wednesday","(41.878723, -87.63374)","orange"
"860252",40040,"Quincy/Wells","08/19/2003","W",7012,2003-08-19,8,"Aug",2003,19,"Tuesday","(41.878723, -87.63374)","orange"
"860346",40040,"Quincy/Wells","05/11/2012","W",7295,2012-05-11,5,"May",2012,11,"Friday","(41.878723, -87.63374)","orange"
"860366",40040,"Quincy/Wells","06/30/2003","W",6994,2003-06-30,6,"Jun",2003,30,"Monday","(41.878723, -87.63374)","orange"
"860874",40040,"Quincy/Wells","12/05/2014","W",7642,2014-12-05,12,"Dec",2014,5,"Friday","(41.878723, -87.63374)","orange"
"861002",40040,"Quincy/Wells","04/12/2017","W",8706,2017-04-12,4,"Apr",2017,12,"Wednesday","(41.878723, -87.63374)","orange"
"861061",40040,"Quincy/Wells","05/31/2007","W",6993,2007-05-31,5,"May",2007,31,"Thursday","(41.878723, -87.63374)","orange"
"861219",40040,"Quincy/Wells","04/24/2003","W",7126,2003-04-24,4,"Apr",2003,24,"Thursday","(41.878723, -87.63374)","orange"
"861375",40040,"Quincy/Wells","04/13/2006","W",6650,2006-04-13,4,"Apr",2006,13,"Thursday","(41.878723, -87.63374)","orange"
"861394",40040,"Quincy/Wells","06/24/2001","U",877,2001-06-24,6,"Jun",2001,24,"Sunday","(41.878723, -87.63374)","orange"
"861552",40040,"Quincy/Wells","08/02/2016","W",9079,2016-08-02,8,"Aug",2016,2,"Tuesday","(41.878723, -87.63374)","orange"
"861733",40040,"Quincy/Wells","02/09/2004","W",6773,2004-02-09,2,"Feb",2004,9,"Monday","(41.878723, -87.63374)","orange"
"861758",40040,"Quincy/Wells","03/08/2008","A",1427,2008-03-08,3,"Mar",2008,8,"Saturday","(41.878723, -87.63374)","orange"
"861906",40040,"Quincy/Wells","02/09/2001","W",7617,2001-02-09,2,"Feb",2001,9,"Friday","(41.878723, -87.63374)","orange"
"861987",40040,"Quincy/Wells","05/30/2007","W",6986,2007-05-30,5,"May",2007,30,"Wednesday","(41.878723, -87.63374)","orange"
"862180",40040,"Quincy/Wells","06/09/2004","W",6991,2004-06-09,6,"Jun",2004,9,"Wednesday","(41.878723, -87.63374)","orange"
"862331",40040,"Quincy/Wells","02/02/2015","W",6428,2015-02-02,2,"Feb",2015,2,"Monday","(41.878723, -87.63374)","orange"
"862429",40040,"Quincy/Wells","01/06/2002","U",493,2002-01-06,1,"Jan",2002,6,"Sunday","(41.878723, -87.63374)","orange"
"862768",40040,"Quincy/Wells","02/21/2013","W",8097,2013-02-21,2,"Feb",2013,21,"Thursday","(41.878723, -87.63374)","orange"
"862791",40040,"Quincy/Wells","11/25/2010","U",860,2010-11-25,11,"Nov",2010,25,"Thursday","(41.878723, -87.63374)","orange"
"862836",40040,"Quincy/Wells","12/03/2008","W",7131,2008-12-03,12,"Dec",2008,3,"Wednesday","(41.878723, -87.63374)","orange"
"863020",40040,"Quincy/Wells","05/28/2010","W",6532,2010-05-28,5,"May",2010,28,"Friday","(41.878723, -87.63374)","orange"
"863031",40040,"Quincy/Wells","04/29/2002","W",7651,2002-04-29,4,"Apr",2002,29,"Monday","(41.878723, -87.63374)","orange"
"863103",40040,"Quincy/Wells","03/17/2001","A",22,2001-03-17,3,"Mar",2001,17,"Saturday","(41.878723, -87.63374)","orange"
"863267",40040,"Quincy/Wells","01/31/2012","W",8022,2012-01-31,1,"Jan",2012,31,"Tuesday","(41.878723, -87.63374)","orange"
"863349",40040,"Quincy/Wells","10/15/2016","A",1886,2016-10-15,10,"Oct",2016,15,"Saturday","(41.878723, -87.63374)","orange"
"863661",40040,"Quincy/Wells","02/08/2003","A",809,2003-02-08,2,"Feb",2003,8,"Saturday","(41.878723, -87.63374)","orange"
"863710",40040,"Quincy/Wells","07/17/2013","W",8740,2013-07-17,7,"Jul",2013,17,"Wednesday","(41.878723, -87.63374)","orange"
"863778",40040,"Quincy/Wells","03/12/2015","W",8168,2015-03-12,3,"Mar",2015,12,"Thursday","(41.878723, -87.63374)","orange"
"863810",40040,"Quincy/Wells","05/21/2016","A",1824,2016-05-21,5,"May",2016,21,"Saturday","(41.878723, -87.63374)","orange"
"863818",40040,"Quincy/Wells","07/21/2001","A",1035,2001-07-21,7,"Jul",2001,21,"Saturday","(41.878723, -87.63374)","orange"
"863932",40040,"Quincy/Wells","09/14/2001","W",7282,2001-09-14,9,"Sep",2001,14,"Friday","(41.878723, -87.63374)","orange"
"864542",40040,"Quincy/Wells","10/21/2016","W",7706,2016-10-21,10,"Oct",2016,21,"Friday","(41.878723, -87.63374)","orange"
"864676",40040,"Quincy/Wells","01/30/2004","W",6031,2004-01-30,1,"Jan",2004,30,"Friday","(41.878723, -87.63374)","orange"
"864854",40040,"Quincy/Wells","01/02/2003","W",6548,2003-01-02,1,"Jan",2003,2,"Thursday","(41.878723, -87.63374)","orange"
"865052",40040,"Quincy/Wells","07/07/2005","W",6881,2005-07-07,7,"Jul",2005,7,"Thursday","(41.878723, -87.63374)","orange"
"865303",40040,"Quincy/Wells","10/09/2013","W",8658,2013-10-09,10,"Oct",2013,9,"Wednesday","(41.878723, -87.63374)","orange"
"865563",40040,"Quincy/Wells","11/24/2017","W",2233,2017-11-24,11,"Nov",2017,24,"Friday","(41.878723, -87.63374)","orange"
"865682",40040,"Quincy/Wells","11/25/2011","W",3267,2011-11-25,11,"Nov",2011,25,"Friday","(41.878723, -87.63374)","orange"
"865806",40040,"Quincy/Wells","03/30/2016","W",8102,2016-03-30,3,"Mar",2016,30,"Wednesday","(41.878723, -87.63374)","orange"
"865824",40040,"Quincy/Wells","08/23/2005","W",6876,2005-08-23,8,"Aug",2005,23,"Tuesday","(41.878723, -87.63374)","orange"
"865864",40040,"Quincy/Wells","07/10/2001","W",8361,2001-07-10,7,"Jul",2001,10,"Tuesday","(41.878723, -87.63374)","orange"
"866098",40040,"Quincy/Wells","07/04/2013","U",1793,2013-07-04,7,"Jul",2013,4,"Thursday","(41.878723, -87.63374)","orange"
"866189",40040,"Quincy/Wells","07/12/2004","W",7153,2004-07-12,7,"Jul",2004,12,"Monday","(41.878723, -87.63374)","orange"
"866511",40040,"Quincy/Wells","12/05/2015","A",1689,2015-12-05,12,"Dec",2015,5,"Saturday","(41.878723, -87.63374)","orange"
"866536",40040,"Quincy/Wells","09/29/2012","A",1814,2012-09-29,9,"Sep",2012,29,"Saturday","(41.878723, -87.63374)","orange"
"866658",40040,"Quincy/Wells","08/10/2001","W",7447,2001-08-10,8,"Aug",2001,10,"Friday","(41.878723, -87.63374)","orange"
"866785",40040,"Quincy/Wells","12/31/2015","W",4744,2015-12-31,12,"Dec",2015,31,"Thursday","(41.878723, -87.63374)","orange"
"866964",40040,"Quincy/Wells","01/19/2005","W",6600,2005-01-19,1,"Jan",2005,19,"Wednesday","(41.878723, -87.63374)","orange"
"867313",40040,"Quincy/Wells","05/26/2002","U",804,2002-05-26,5,"May",2002,26,"Sunday","(41.878723, -87.63374)","orange"
"867516",40040,"Quincy/Wells","10/30/2010","A",1642,2010-10-30,10,"Oct",2010,30,"Saturday","(41.878723, -87.63374)","orange"
"867571",40040,"Quincy/Wells","09/09/2010","W",7299,2010-09-09,9,"Sep",2010,9,"Thursday","(41.878723, -87.63374)","orange"
"867626",40040,"Quincy/Wells","07/14/2002","U",874,2002-07-14,7,"Jul",2002,14,"Sunday","(41.878723, -87.63374)","orange"
"867813",40040,"Quincy/Wells","10/26/2001","W",7382,2001-10-26,10,"Oct",2001,26,"Friday","(41.878723, -87.63374)","orange"
"867857",40040,"Quincy/Wells","04/30/2002","W",7729,2002-04-30,4,"Apr",2002,30,"Tuesday","(41.878723, -87.63374)","orange"
"867901",40040,"Quincy/Wells","05/09/2008","W",7076,2008-05-09,5,"May",2008,9,"Friday","(41.878723, -87.63374)","orange"
"867943",40040,"Quincy/Wells","04/21/2009","W",7535,2009-04-21,4,"Apr",2009,21,"Tuesday","(41.878723, -87.63374)","orange"
"868357",40040,"Quincy/Wells","08/05/2006","A",1931,2006-08-05,8,"Aug",2006,5,"Saturday","(41.878723, -87.63374)","orange"
"868699",40040,"Quincy/Wells","01/04/2006","W",6848,2006-01-04,1,"Jan",2006,4,"Wednesday","(41.878723, -87.63374)","orange"
"869157",40040,"Quincy/Wells","06/15/2005","W",7014,2005-06-15,6,"Jun",2005,15,"Wednesday","(41.878723, -87.63374)","orange"
"869268",40040,"Quincy/Wells","04/20/2013","A",1752,2013-04-20,4,"Apr",2013,20,"Saturday","(41.878723, -87.63374)","orange"
"869430",40040,"Quincy/Wells","11/19/2003","W",6883,2003-11-19,11,"Nov",2003,19,"Wednesday","(41.878723, -87.63374)","orange"
"869703",40040,"Quincy/Wells","05/23/2006","W",6594,2006-05-23,5,"May",2006,23,"Tuesday","(41.878723, -87.63374)","orange"
"869739",40040,"Quincy/Wells","04/04/2017","W",8679,2017-04-04,4,"Apr",2017,4,"Tuesday","(41.878723, -87.63374)","orange"
"869857",40040,"Quincy/Wells","07/05/2013","W",5253,2013-07-05,7,"Jul",2013,5,"Friday","(41.878723, -87.63374)","orange"
"870008",40040,"Quincy/Wells","08/29/2003","W",5926,2003-08-29,8,"Aug",2003,29,"Friday","(41.878723, -87.63374)","orange"
"870024",40040,"Quincy/Wells","12/30/2001","U",534,2001-12-30,12,"Dec",2001,30,"Sunday","(41.878723, -87.63374)","orange"
"870116",40040,"Quincy/Wells","03/16/2007","W",7103,2007-03-16,3,"Mar",2007,16,"Friday","(41.878723, -87.63374)","orange"
"870305",40040,"Quincy/Wells","04/27/2009","W",7358,2009-04-27,4,"Apr",2009,27,"Monday","(41.878723, -87.63374)","orange"
"870553",40040,"Quincy/Wells","01/30/2002","W",8256,2002-01-30,1,"Jan",2002,30,"Wednesday","(41.878723, -87.63374)","orange"
"870656",40040,"Quincy/Wells","06/17/2003","W",7192,2003-06-17,6,"Jun",2003,17,"Tuesday","(41.878723, -87.63374)","orange"
"871094",40040,"Quincy/Wells","06/30/2011","W",7973,2011-06-30,6,"Jun",2011,30,"Thursday","(41.878723, -87.63374)","orange"
"871135",40040,"Quincy/Wells","04/13/2012","W",7567,2012-04-13,4,"Apr",2012,13,"Friday","(41.878723, -87.63374)","orange"
"871562",40040,"Quincy/Wells","12/29/2002","U",711,2002-12-29,12,"Dec",2002,29,"Sunday","(41.878723, -87.63374)","orange"
"871675",40040,"Quincy/Wells","09/11/2013","W",8587,2013-09-11,9,"Sep",2013,11,"Wednesday","(41.878723, -87.63374)","orange"
"871739",40040,"Quincy/Wells","04/15/2013","W",8390,2013-04-15,4,"Apr",2013,15,"Monday","(41.878723, -87.63374)","orange"
"871795",40040,"Quincy/Wells","09/30/2006","A",1450,2006-09-30,9,"Sep",2006,30,"Saturday","(41.878723, -87.63374)","orange"
"872151",40040,"Quincy/Wells","04/29/2010","W",7151,2010-04-29,4,"Apr",2010,29,"Thursday","(41.878723, -87.63374)","orange"
"872347",40040,"Quincy/Wells","08/31/2006","W",7262,2006-08-31,8,"Aug",2006,31,"Thursday","(41.878723, -87.63374)","orange"
"872619",40040,"Quincy/Wells","09/13/2016","W",8446,2016-09-13,9,"Sep",2016,13,"Tuesday","(41.878723, -87.63374)","orange"
"872652",40040,"Quincy/Wells","07/05/2011","W",8246,2011-07-05,7,"Jul",2011,5,"Tuesday","(41.878723, -87.63374)","orange"
"872740",40040,"Quincy/Wells","06/25/2015","W",8305,2015-06-25,6,"Jun",2015,25,"Thursday","(41.878723, -87.63374)","orange"
"872767",40040,"Quincy/Wells","11/15/2002","W",7165,2002-11-15,11,"Nov",2002,15,"Friday","(41.878723, -87.63374)","orange"
"872872",40040,"Quincy/Wells","09/06/2001","W",7920,2001-09-06,9,"Sep",2001,6,"Thursday","(41.878723, -87.63374)","orange"
"873034",40040,"Quincy/Wells","02/05/2008","W",7344,2008-02-05,2,"Feb",2008,5,"Tuesday","(41.878723, -87.63374)","orange"
"873480",40040,"Quincy/Wells","01/15/2013","W",8243,2013-01-15,1,"Jan",2013,15,"Tuesday","(41.878723, -87.63374)","orange"
"873495",40040,"Quincy/Wells","11/11/2009","W",6430,2009-11-11,11,"Nov",2009,11,"Wednesday","(41.878723, -87.63374)","orange"
"873506",40040,"Quincy/Wells","01/08/2011","A",1397,2011-01-08,1,"Jan",2011,8,"Saturday","(41.878723, -87.63374)","orange"
"873609",40040,"Quincy/Wells","06/28/2007","W",7075,2007-06-28,6,"Jun",2007,28,"Thursday","(41.878723, -87.63374)","orange"
"873913",40040,"Quincy/Wells","10/19/2012","W",8483,2012-10-19,10,"Oct",2012,19,"Friday","(41.878723, -87.63374)","orange"
"874219",40040,"Quincy/Wells","10/02/2014","W",8257,2014-10-02,10,"Oct",2014,2,"Thursday","(41.878723, -87.63374)","orange"
"874414",40040,"Quincy/Wells","01/13/2002","U",533,2002-01-13,1,"Jan",2002,13,"Sunday","(41.878723, -87.63374)","orange"
"874994",40040,"Quincy/Wells","02/20/2001","W",7888,2001-02-20,2,"Feb",2001,20,"Tuesday","(41.878723, -87.63374)","orange"
"875006",40040,"Quincy/Wells","01/25/2008","W",6598,2008-01-25,1,"Jan",2008,25,"Friday","(41.878723, -87.63374)","orange"
"875036",40040,"Quincy/Wells","12/28/2016","W",5831,2016-12-28,12,"Dec",2016,28,"Wednesday","(41.878723, -87.63374)","orange"
"875096",40040,"Quincy/Wells","06/25/2011","A",2190,2011-06-25,6,"Jun",2011,25,"Saturday","(41.878723, -87.63374)","orange"
"875174",40040,"Quincy/Wells","02/19/2012","U",1673,2012-02-19,2,"Feb",2012,19,"Sunday","(41.878723, -87.63374)","orange"
"875332",40040,"Quincy/Wells","07/18/2003","W",6429,2003-07-18,7,"Jul",2003,18,"Friday","(41.878723, -87.63374)","orange"
"875342",40040,"Quincy/Wells","07/19/2010","W",7740,2010-07-19,7,"Jul",2010,19,"Monday","(41.878723, -87.63374)","orange"
"875532",40040,"Quincy/Wells","02/27/2014","W",8569,2014-02-27,2,"Feb",2014,27,"Thursday","(41.878723, -87.63374)","orange"
"876131",40040,"Quincy/Wells","12/18/2014","W",7570,2014-12-18,12,"Dec",2014,18,"Thursday","(41.878723, -87.63374)","orange"
"876178",40040,"Quincy/Wells","08/26/2009","W",7696,2009-08-26,8,"Aug",2009,26,"Wednesday","(41.878723, -87.63374)","orange"
"876220",40040,"Quincy/Wells","11/23/2014","U",1244,2014-11-23,11,"Nov",2014,23,"Sunday","(41.878723, -87.63374)","orange"
"876366",40040,"Quincy/Wells","09/09/2004","W",6763,2004-09-09,9,"Sep",2004,9,"Thursday","(41.878723, -87.63374)","orange"
"876389",40040,"Quincy/Wells","03/04/2008","W",7133,2008-03-04,3,"Mar",2008,4,"Tuesday","(41.878723, -87.63374)","orange"
"876498",40040,"Quincy/Wells","05/14/2008","W",7350,2008-05-14,5,"May",2008,14,"Wednesday","(41.878723, -87.63374)","orange"
"876652",40040,"Quincy/Wells","02/02/2011","W",1994,2011-02-02,2,"Feb",2011,2,"Wednesday","(41.878723, -87.63374)","orange"
"876815",40040,"Quincy/Wells","04/19/2004","W",6713,2004-04-19,4,"Apr",2004,19,"Monday","(41.878723, -87.63374)","orange"
"876831",40040,"Quincy/Wells","11/16/2001","W",7279,2001-11-16,11,"Nov",2001,16,"Friday","(41.878723, -87.63374)","orange"
"876916",40040,"Quincy/Wells","12/02/2013","W",8592,2013-12-02,12,"Dec",2013,2,"Monday","(41.878723, -87.63374)","orange"
"877157",40040,"Quincy/Wells","02/26/2015","W",8280,2015-02-26,2,"Feb",2015,26,"Thursday","(41.878723, -87.63374)","orange"
"877264",40040,"Quincy/Wells","02/21/2008","W",6916,2008-02-21,2,"Feb",2008,21,"Thursday","(41.878723, -87.63374)","orange"
"877378",40040,"Quincy/Wells","06/26/2017","W",8796,2017-06-26,6,"Jun",2017,26,"Monday","(41.878723, -87.63374)","orange"
"877411",40040,"Quincy/Wells","03/09/2017","W",8350,2017-03-09,3,"Mar",2017,9,"Thursday","(41.878723, -87.63374)","orange"
"877546",40040,"Quincy/Wells","02/19/2011","A",1709,2011-02-19,2,"Feb",2011,19,"Saturday","(41.878723, -87.63374)","orange"
"877638",40040,"Quincy/Wells","08/04/2005","W",6814,2005-08-04,8,"Aug",2005,4,"Thursday","(41.878723, -87.63374)","orange"
"877746",40040,"Quincy/Wells","08/13/2014","W",8599,2014-08-13,8,"Aug",2014,13,"Wednesday","(41.878723, -87.63374)","orange"
"878029",40040,"Quincy/Wells","10/03/2006","W",7522,2006-10-03,10,"Oct",2006,3,"Tuesday","(41.878723, -87.63374)","orange"
"878041",40040,"Quincy/Wells","12/25/2012","U",772,2012-12-25,12,"Dec",2012,25,"Tuesday","(41.878723, -87.63374)","orange"
"878072",40040,"Quincy/Wells","10/14/2014","W",9144,2014-10-14,10,"Oct",2014,14,"Tuesday","(41.878723, -87.63374)","orange"
"878559",40040,"Quincy/Wells","12/31/2004","W",2661,2004-12-31,12,"Dec",2004,31,"Friday","(41.878723, -87.63374)","orange"
"878607",40040,"Quincy/Wells","01/22/2004","W",6493,2004-01-22,1,"Jan",2004,22,"Thursday","(41.878723, -87.63374)","orange"
"878910",40040,"Quincy/Wells","08/07/2004","A",1190,2004-08-07,8,"Aug",2004,7,"Saturday","(41.878723, -87.63374)","orange"
"879002",40040,"Quincy/Wells","04/09/2004","W",4536,2004-04-09,4,"Apr",2004,9,"Friday","(41.878723, -87.63374)","orange"
"879165",40040,"Quincy/Wells","05/24/2015","U",1677,2015-05-24,5,"May",2015,24,"Sunday","(41.878723, -87.63374)","orange"
"879183",40040,"Quincy/Wells","05/14/2015","W",8081,2015-05-14,5,"May",2015,14,"Thursday","(41.878723, -87.63374)","orange"
"879361",40040,"Quincy/Wells","08/22/2006","W",7665,2006-08-22,8,"Aug",2006,22,"Tuesday","(41.878723, -87.63374)","orange"
"879378",40040,"Quincy/Wells","05/10/2004","W",6833,2004-05-10,5,"May",2004,10,"Monday","(41.878723, -87.63374)","orange"
"879466",40040,"Quincy/Wells","06/16/2016","W",8274,2016-06-16,6,"Jun",2016,16,"Thursday","(41.878723, -87.63374)","orange"
"879625",40040,"Quincy/Wells","05/05/2008","W",7182,2008-05-05,5,"May",2008,5,"Monday","(41.878723, -87.63374)","orange"
"879813",40040,"Quincy/Wells","06/07/2011","W",8235,2011-06-07,6,"Jun",2011,7,"Tuesday","(41.878723, -87.63374)","orange"
"879954",40040,"Quincy/Wells","08/08/2016","W",8713,2016-08-08,8,"Aug",2016,8,"Monday","(41.878723, -87.63374)","orange"
"880104",40040,"Quincy/Wells","01/26/2006","W",6934,2006-01-26,1,"Jan",2006,26,"Thursday","(41.878723, -87.63374)","orange"
"880159",40040,"Quincy/Wells","12/15/2003","W",6486,2003-12-15,12,"Dec",2003,15,"Monday","(41.878723, -87.63374)","orange"
"880627",40040,"Quincy/Wells","11/29/2007","W",6902,2007-11-29,11,"Nov",2007,29,"Thursday","(41.878723, -87.63374)","orange"
"880694",40040,"Quincy/Wells","10/25/2014","A",1861,2014-10-25,10,"Oct",2014,25,"Saturday","(41.878723, -87.63374)","orange"
"880748",40040,"Quincy/Wells","03/03/2005","W",6631,2005-03-03,3,"Mar",2005,3,"Thursday","(41.878723, -87.63374)","orange"
"880867",40040,"Quincy/Wells","02/08/2011","W",7942,2011-02-08,2,"Feb",2011,8,"Tuesday","(41.878723, -87.63374)","orange"
"881069",40040,"Quincy/Wells","06/14/2004","W",7018,2004-06-14,6,"Jun",2004,14,"Monday","(41.878723, -87.63374)","orange"
"881073",40040,"Quincy/Wells","01/19/2007","W",6999,2007-01-19,1,"Jan",2007,19,"Friday","(41.878723, -87.63374)","orange"
"881117",40040,"Quincy/Wells","02/10/2004","W",6767,2004-02-10,2,"Feb",2004,10,"Tuesday","(41.878723, -87.63374)","orange"
"881226",40040,"Quincy/Wells","11/22/2014","A",1575,2014-11-22,11,"Nov",2014,22,"Saturday","(41.878723, -87.63374)","orange"
"881491",40040,"Quincy/Wells","04/21/2006","W",6602,2006-04-21,4,"Apr",2006,21,"Friday","(41.878723, -87.63374)","orange"
"881730",40040,"Quincy/Wells","02/03/2003","W",7388,2003-02-03,2,"Feb",2003,3,"Monday","(41.878723, -87.63374)","orange"
"881761",40040,"Quincy/Wells","08/28/2007","W",7141,2007-08-28,8,"Aug",2007,28,"Tuesday","(41.878723, -87.63374)","orange"
"882053",40040,"Quincy/Wells","04/07/2010","W",7359,2010-04-07,4,"Apr",2010,7,"Wednesday","(41.878723, -87.63374)","orange"
"882123",40040,"Quincy/Wells","03/30/2010","W",7183,2010-03-30,3,"Mar",2010,30,"Tuesday","(41.878723, -87.63374)","orange"
"882293",40040,"Quincy/Wells","06/17/2004","W",6798,2004-06-17,6,"Jun",2004,17,"Thursday","(41.878723, -87.63374)","orange"
"882446",40040,"Quincy/Wells","03/07/2011","W",7796,2011-03-07,3,"Mar",2011,7,"Monday","(41.878723, -87.63374)","orange"
"882501",40040,"Quincy/Wells","08/09/2009","U",1923,2009-08-09,8,"Aug",2009,9,"Sunday","(41.878723, -87.63374)","orange"
"882609",40040,"Quincy/Wells","04/20/2002","A",1002,2002-04-20,4,"Apr",2002,20,"Saturday","(41.878723, -87.63374)","orange"
"882759",40040,"Quincy/Wells","11/22/2007","U",763,2007-11-22,11,"Nov",2007,22,"Thursday","(41.878723, -87.63374)","orange"
"882910",40040,"Quincy/Wells","12/23/2002","W",5079,2002-12-23,12,"Dec",2002,23,"Monday","(41.878723, -87.63374)","orange"
"883057",40040,"Quincy/Wells","06/11/2003","W",7116,2003-06-11,6,"Jun",2003,11,"Wednesday","(41.878723, -87.63374)","orange"
"883431",40040,"Quincy/Wells","10/08/2005","A",1360,2005-10-08,10,"Oct",2005,8,"Saturday","(41.878723, -87.63374)","orange"
"883998",40040,"Quincy/Wells","10/25/2005","W",6767,2005-10-25,10,"Oct",2005,25,"Tuesday","(41.878723, -87.63374)","orange"
"884023",40040,"Quincy/Wells","07/18/2012","W",8853,2012-07-18,7,"Jul",2012,18,"Wednesday","(41.878723, -87.63374)","orange"
"884042",40040,"Quincy/Wells","11/03/2017","W",7740,2017-11-03,11,"Nov",2017,3,"Friday","(41.878723, -87.63374)","orange"
"884072",40040,"Quincy/Wells","09/30/2011","W",7878,2011-09-30,9,"Sep",2011,30,"Friday","(41.878723, -87.63374)","orange"
"884157",40040,"Quincy/Wells","06/12/2010","A",1798,2010-06-12,6,"Jun",2010,12,"Saturday","(41.878723, -87.63374)","orange"
"884188",40040,"Quincy/Wells","11/06/2008","W",7601,2008-11-06,11,"Nov",2008,6,"Thursday","(41.878723, -87.63374)","orange"
"884337",40040,"Quincy/Wells","08/10/2013","A",2424,2013-08-10,8,"Aug",2013,10,"Saturday","(41.878723, -87.63374)","orange"
"884679",40040,"Quincy/Wells","03/07/2010","U",1143,2010-03-07,3,"Mar",2010,7,"Sunday","(41.878723, -87.63374)","orange"
"884702",40040,"Quincy/Wells","08/28/2011","U",1666,2011-08-28,8,"Aug",2011,28,"Sunday","(41.878723, -87.63374)","orange"
"885093",40040,"Quincy/Wells","09/04/2012","W",8345,2012-09-04,9,"Sep",2012,4,"Tuesday","(41.878723, -87.63374)","orange"
"885107",40040,"Quincy/Wells","07/29/2011","W",7665,2011-07-29,7,"Jul",2011,29,"Friday","(41.878723, -87.63374)","orange"
"885225",40040,"Quincy/Wells","03/12/2003","W",7221,2003-03-12,3,"Mar",2003,12,"Wednesday","(41.878723, -87.63374)","orange"
"885249",40040,"Quincy/Wells","01/03/2013","W",8157,2013-01-03,1,"Jan",2013,3,"Thursday","(41.878723, -87.63374)","orange"
"885273",40040,"Quincy/Wells","03/26/2003","W",7336,2003-03-26,3,"Mar",2003,26,"Wednesday","(41.878723, -87.63374)","orange"
"885308",40040,"Quincy/Wells","09/11/2014","W",8484,2014-09-11,9,"Sep",2014,11,"Thursday","(41.878723, -87.63374)","orange"
"885490",40040,"Quincy/Wells","11/21/2001","W",6436,2001-11-21,11,"Nov",2001,21,"Wednesday","(41.878723, -87.63374)","orange"
"885492",40040,"Quincy/Wells","01/05/2011","W",7556,2011-01-05,1,"Jan",2011,5,"Wednesday","(41.878723, -87.63374)","orange"
"885662",40040,"Quincy/Wells","02/17/2001","A",1007,2001-02-17,2,"Feb",2001,17,"Saturday","(41.878723, -87.63374)","orange"
"885738",40040,"Quincy/Wells","12/06/2008","A",1485,2008-12-06,12,"Dec",2008,6,"Saturday","(41.878723, -87.63374)","orange"
"885847",40040,"Quincy/Wells","06/12/2003","W",6925,2003-06-12,6,"Jun",2003,12,"Thursday","(41.878723, -87.63374)","orange"
"885889",40040,"Quincy/Wells","06/25/2016","A",2211,2016-06-25,6,"Jun",2016,25,"Saturday","(41.878723, -87.63374)","orange"
"885974",40040,"Quincy/Wells","10/28/2012","U",0,2012-10-28,10,"Oct",2012,28,"Sunday","(41.878723, -87.63374)","orange"
"886339",40040,"Quincy/Wells","09/09/2015","W",8276,2015-09-09,9,"Sep",2015,9,"Wednesday","(41.878723, -87.63374)","orange"
"886475",40040,"Quincy/Wells","10/03/2016","W",8330,2016-10-03,10,"Oct",2016,3,"Monday","(41.878723, -87.63374)","orange"
"886798",40040,"Quincy/Wells","10/01/2003","W",6995,2003-10-01,10,"Oct",2003,1,"Wednesday","(41.878723, -87.63374)","orange"
"886899",40040,"Quincy/Wells","07/29/2009","W",7884,2009-07-29,7,"Jul",2009,29,"Wednesday","(41.878723, -87.63374)","orange"
"887370",40040,"Quincy/Wells","04/14/2017","W",5850,2017-04-14,4,"Apr",2017,14,"Friday","(41.878723, -87.63374)","orange"
"887390",40040,"Quincy/Wells","04/09/2011","A",1912,2011-04-09,4,"Apr",2011,9,"Saturday","(41.878723, -87.63374)","orange"
"887470",40040,"Quincy/Wells","07/16/2001","W",8489,2001-07-16,7,"Jul",2001,16,"Monday","(41.878723, -87.63374)","orange"
"887537",40040,"Quincy/Wells","09/18/2004","A",1095,2004-09-18,9,"Sep",2004,18,"Saturday","(41.878723, -87.63374)","orange"
"887659",40040,"Quincy/Wells","06/24/2008","W",7767,2008-06-24,6,"Jun",2008,24,"Tuesday","(41.878723, -87.63374)","orange"
"887682",40040,"Quincy/Wells","07/17/2007","W",7293,2007-07-17,7,"Jul",2007,17,"Tuesday","(41.878723, -87.63374)","orange"
"887734",40040,"Quincy/Wells","02/03/2013","U",1109,2013-02-03,2,"Feb",2013,3,"Sunday","(41.878723, -87.63374)","orange"
"887735",40040,"Quincy/Wells","03/25/2012","U",1908,2012-03-25,3,"Mar",2012,25,"Sunday","(41.878723, -87.63374)","orange"
"888275",40040,"Quincy/Wells","04/01/2014","W",8793,2014-04-01,4,"Apr",2014,1,"Tuesday","(41.878723, -87.63374)","orange"
"888318",40040,"Quincy/Wells","10/14/2006","A",1500,2006-10-14,10,"Oct",2006,14,"Saturday","(41.878723, -87.63374)","orange"
"888420",40040,"Quincy/Wells","08/21/2001","W",8281,2001-08-21,8,"Aug",2001,21,"Tuesday","(41.878723, -87.63374)","orange"
"888807",40040,"Quincy/Wells","03/24/2008","W",7378,2008-03-24,3,"Mar",2008,24,"Monday","(41.878723, -87.63374)","orange"
"888928",40040,"Quincy/Wells","05/07/2005","A",1204,2005-05-07,5,"May",2005,7,"Saturday","(41.878723, -87.63374)","orange"
"889089",40040,"Quincy/Wells","07/07/2004","W",6954,2004-07-07,7,"Jul",2004,7,"Wednesday","(41.878723, -87.63374)","orange"
"889167",40040,"Quincy/Wells","04/21/2001","A",1023,2001-04-21,4,"Apr",2001,21,"Saturday","(41.878723, -87.63374)","orange"
"889309",40040,"Quincy/Wells","05/17/2014","A",1862,2014-05-17,5,"May",2014,17,"Saturday","(41.878723, -87.63374)","orange"
"889331",40040,"Quincy/Wells","06/15/2015","W",9389,2015-06-15,6,"Jun",2015,15,"Monday","(41.878723, -87.63374)","orange"
"889353",40040,"Quincy/Wells","07/09/2016","A",1902,2016-07-09,7,"Jul",2016,9,"Saturday","(41.878723, -87.63374)","orange"
"889403",40040,"Quincy/Wells","06/16/2014","W",8454,2014-06-16,6,"Jun",2014,16,"Monday","(41.878723, -87.63374)","orange"
"889478",40040,"Quincy/Wells","12/21/2003","U",572,2003-12-21,12,"Dec",2003,21,"Sunday","(41.878723, -87.63374)","orange"
"889611",40040,"Quincy/Wells","02/01/2003","A",911,2003-02-01,2,"Feb",2003,1,"Saturday","(41.878723, -87.63374)","orange"
"889787",40040,"Quincy/Wells","03/28/2002","W",7272,2002-03-28,3,"Mar",2002,28,"Thursday","(41.878723, -87.63374)","orange"
"889847",40040,"Quincy/Wells","03/28/2004","U",840,2004-03-28,3,"Mar",2004,28,"Sunday","(41.878723, -87.63374)","orange"
"889955",40040,"Quincy/Wells","06/09/2001","A",1152,2001-06-09,6,"Jun",2001,9,"Saturday","(41.878723, -87.63374)","orange"
"890216",40040,"Quincy/Wells","11/22/2012","U",1494,2012-11-22,11,"Nov",2012,22,"Thursday","(41.878723, -87.63374)","orange"
"890250",40040,"Quincy/Wells","06/11/2015","W",8080,2015-06-11,6,"Jun",2015,11,"Thursday","(41.878723, -87.63374)","orange"
"890255",40040,"Quincy/Wells","02/20/2016","A",1478,2016-02-20,2,"Feb",2016,20,"Saturday","(41.878723, -87.63374)","orange"
"890404",40040,"Quincy/Wells","08/08/2014","W",7747,2014-08-08,8,"Aug",2014,8,"Friday","(41.878723, -87.63374)","orange"
"890558",40040,"Quincy/Wells","04/28/2012","A",1638,2012-04-28,4,"Apr",2012,28,"Saturday","(41.878723, -87.63374)","orange"
"890574",40040,"Quincy/Wells","08/13/2017","U",1462,2017-08-13,8,"Aug",2017,13,"Sunday","(41.878723, -87.63374)","orange"
"890856",40040,"Quincy/Wells","10/12/2008","U",2705,2008-10-12,10,"Oct",2008,12,"Sunday","(41.878723, -87.63374)","orange"
"891111",40040,"Quincy/Wells","10/26/2017","W",8377,2017-10-26,10,"Oct",2017,26,"Thursday","(41.878723, -87.63374)","orange"
"891180",40040,"Quincy/Wells","01/28/2002","W",7800,2002-01-28,1,"Jan",2002,28,"Monday","(41.878723, -87.63374)","orange"
"891188",40040,"Quincy/Wells","01/03/2001","W",8051,2001-01-03,1,"Jan",2001,3,"Wednesday","(41.878723, -87.63374)","orange"
"891291",40040,"Quincy/Wells","02/16/2007","W",6825,2007-02-16,2,"Feb",2007,16,"Friday","(41.878723, -87.63374)","orange"
"891304",40040,"Quincy/Wells","01/16/2015","W",7683,2015-01-16,1,"Jan",2015,16,"Friday","(41.878723, -87.63374)","orange"
"891483",40040,"Quincy/Wells","12/21/2012","W",6325,2012-12-21,12,"Dec",2012,21,"Friday","(41.878723, -87.63374)","orange"
"891782",40040,"Quincy/Wells","08/07/2010","A",2384,2010-08-07,8,"Aug",2010,7,"Saturday","(41.878723, -87.63374)","orange"
"891789",40040,"Quincy/Wells","08/16/2005","W",6676,2005-08-16,8,"Aug",2005,16,"Tuesday","(41.878723, -87.63374)","orange"
"892000",40040,"Quincy/Wells","09/29/2016","W",8252,2016-09-29,9,"Sep",2016,29,"Thursday","(41.878723, -87.63374)","orange"
"892270",40040,"Quincy/Wells","02/29/2012","W",7925,2012-02-29,2,"Feb",2012,29,"Wednesday","(41.878723, -87.63374)","orange"
"892282",40040,"Quincy/Wells","06/22/2005","W",6924,2005-06-22,6,"Jun",2005,22,"Wednesday","(41.878723, -87.63374)","orange"
"892302",40040,"Quincy/Wells","06/20/2013","W",8449,2013-06-20,6,"Jun",2013,20,"Thursday","(41.878723, -87.63374)","orange"
"892614",40040,"Quincy/Wells","03/06/2013","W",2971,2013-03-06,3,"Mar",2013,6,"Wednesday","(41.878723, -87.63374)","orange"
"892711",40040,"Quincy/Wells","10/27/2015","W",8818,2015-10-27,10,"Oct",2015,27,"Tuesday","(41.878723, -87.63374)","orange"
"892771",40040,"Quincy/Wells","07/01/2011","W",6777,2011-07-01,7,"Jul",2011,1,"Friday","(41.878723, -87.63374)","orange"
"892951",40040,"Quincy/Wells","06/13/2016","W",8741,2016-06-13,6,"Jun",2016,13,"Monday","(41.878723, -87.63374)","orange"
"893058",40040,"Quincy/Wells","05/12/2008","W",7736,2008-05-12,5,"May",2008,12,"Monday","(41.878723, -87.63374)","orange"
"893328",40040,"Quincy/Wells","12/10/2013","W",8548,2013-12-10,12,"Dec",2013,10,"Tuesday","(41.878723, -87.63374)","orange"
"893410",40040,"Quincy/Wells","04/01/2002","W",7659,2002-04-01,4,"Apr",2002,1,"Monday","(41.878723, -87.63374)","orange"
"893501",40040,"Quincy/Wells","01/13/2013","U",1086,2013-01-13,1,"Jan",2013,13,"Sunday","(41.878723, -87.63374)","orange"
"893648",40040,"Quincy/Wells","07/31/2007","W",7432,2007-07-31,7,"Jul",2007,31,"Tuesday","(41.878723, -87.63374)","orange"
"893682",40040,"Quincy/Wells","12/25/2014","U",762,2014-12-25,12,"Dec",2014,25,"Thursday","(41.878723, -87.63374)","orange"
"893769",40040,"Quincy/Wells","11/28/2015","A",1873,2015-11-28,11,"Nov",2015,28,"Saturday","(41.878723, -87.63374)","orange"
"893920",40040,"Quincy/Wells","08/20/2010","W",6941,2010-08-20,8,"Aug",2010,20,"Friday","(41.878723, -87.63374)","orange"
"894125",40040,"Quincy/Wells","11/08/2005","W",7092,2005-11-08,11,"Nov",2005,8,"Tuesday","(41.878723, -87.63374)","orange"
"894237",40040,"Quincy/Wells","07/25/2017","W",8893,2017-07-25,7,"Jul",2017,25,"Tuesday","(41.878723, -87.63374)","orange"
"894634",40040,"Quincy/Wells","11/06/2017","W",8680,2017-11-06,11,"Nov",2017,6,"Monday","(41.878723, -87.63374)","orange"
"894759",40040,"Quincy/Wells","04/16/2010","W",6796,2010-04-16,4,"Apr",2010,16,"Friday","(41.878723, -87.63374)","orange"
"894817",40040,"Quincy/Wells","10/14/2008","W",7398,2008-10-14,10,"Oct",2008,14,"Tuesday","(41.878723, -87.63374)","orange"
"894934",40040,"Quincy/Wells","12/14/2008","U",965,2008-12-14,12,"Dec",2008,14,"Sunday","(41.878723, -87.63374)","orange"
"894937",40040,"Quincy/Wells","09/27/2017","W",8388,2017-09-27,9,"Sep",2017,27,"Wednesday","(41.878723, -87.63374)","orange"
"895368",40040,"Quincy/Wells","09/24/2008","W",7509,2008-09-24,9,"Sep",2008,24,"Wednesday","(41.878723, -87.63374)","orange"
"895423",40040,"Quincy/Wells","07/20/2005","W",6918,2005-07-20,7,"Jul",2005,20,"Wednesday","(41.878723, -87.63374)","orange"
"895459",40040,"Quincy/Wells","12/27/2006","W",5427,2006-12-27,12,"Dec",2006,27,"Wednesday","(41.878723, -87.63374)","orange"
"895598",40040,"Quincy/Wells","08/18/2010","W",7467,2010-08-18,8,"Aug",2010,18,"Wednesday","(41.878723, -87.63374)","orange"
"895636",40040,"Quincy/Wells","07/15/2008","W",7635,2008-07-15,7,"Jul",2008,15,"Tuesday","(41.878723, -87.63374)","orange"
"895684",40040,"Quincy/Wells","06/03/2007","U",1228,2007-06-03,6,"Jun",2007,3,"Sunday","(41.878723, -87.63374)","orange"
"895864",40040,"Quincy/Wells","05/14/2007","W",6703,2007-05-14,5,"May",2007,14,"Monday","(41.878723, -87.63374)","orange"
"895994",40040,"Quincy/Wells","08/25/2002","U",776,2002-08-25,8,"Aug",2002,25,"Sunday","(41.878723, -87.63374)","orange"
"896283",40040,"Quincy/Wells","07/05/2017","W",8433,2017-07-05,7,"Jul",2017,5,"Wednesday","(41.878723, -87.63374)","orange"
"896333",40040,"Quincy/Wells","02/24/2016","W",8110,2016-02-24,2,"Feb",2016,24,"Wednesday","(41.878723, -87.63374)","orange"
"896466",40040,"Quincy/Wells","10/05/2006","W",7597,2006-10-05,10,"Oct",2006,5,"Thursday","(41.878723, -87.63374)","orange"
"896567",40040,"Quincy/Wells","10/11/2001","W",7908,2001-10-11,10,"Oct",2001,11,"Thursday","(41.878723, -87.63374)","orange"
"896593",40040,"Quincy/Wells","06/26/2005","U",1403,2005-06-26,6,"Jun",2005,26,"Sunday","(41.878723, -87.63374)","orange"
"896720",40040,"Quincy/Wells","04/14/2003","W",7280,2003-04-14,4,"Apr",2003,14,"Monday","(41.878723, -87.63374)","orange"
"896854",40040,"Quincy/Wells","06/17/2014","W",8119,2014-06-17,6,"Jun",2014,17,"Tuesday","(41.878723, -87.63374)","orange"
"897031",40040,"Quincy/Wells","06/17/2002","W",7815,2002-06-17,6,"Jun",2002,17,"Monday","(41.878723, -87.63374)","orange"
"897663",40040,"Quincy/Wells","04/09/2012","W",8493,2012-04-09,4,"Apr",2012,9,"Monday","(41.878723, -87.63374)","orange"
"897756",40040,"Quincy/Wells","09/26/2001","W",7932,2001-09-26,9,"Sep",2001,26,"Wednesday","(41.878723, -87.63374)","orange"
"898110",40040,"Quincy/Wells","08/03/2016","W",8768,2016-08-03,8,"Aug",2016,3,"Wednesday","(41.878723, -87.63374)","orange"
"898119",40040,"Quincy/Wells","06/06/2004","U",678,2004-06-06,6,"Jun",2004,6,"Sunday","(41.878723, -87.63374)","orange"
"898264",40040,"Quincy/Wells","08/02/2017","W",9231,2017-08-02,8,"Aug",2017,2,"Wednesday","(41.878723, -87.63374)","orange"
"898721",40040,"Quincy/Wells","08/04/2016","W",8481,2016-08-04,8,"Aug",2016,4,"Thursday","(41.878723, -87.63374)","orange"
"899321",40040,"Quincy/Wells","05/26/2006","W",6428,2006-05-26,5,"May",2006,26,"Friday","(41.878723, -87.63374)","orange"
"899430",40040,"Quincy/Wells","04/30/2010","W",6844,2010-04-30,4,"Apr",2010,30,"Friday","(41.878723, -87.63374)","orange"
"899580",40040,"Quincy/Wells","04/17/2006","W",7451,2006-04-17,4,"Apr",2006,17,"Monday","(41.878723, -87.63374)","orange"
"899605",40040,"Quincy/Wells","12/20/2006","W",6698,2006-12-20,12,"Dec",2006,20,"Wednesday","(41.878723, -87.63374)","orange"
"899706",40040,"Quincy/Wells","05/04/2009","W",7420,2009-05-04,5,"May",2009,4,"Monday","(41.878723, -87.63374)","orange"
"899772",40040,"Quincy/Wells","06/14/2012","W",8216,2012-06-14,6,"Jun",2012,14,"Thursday","(41.878723, -87.63374)","orange"
"899779",40040,"Quincy/Wells","06/01/2013","A",1912,2013-06-01,6,"Jun",2013,1,"Saturday","(41.878723, -87.63374)","orange"
"899861",40040,"Quincy/Wells","05/19/2011","W",7827,2011-05-19,5,"May",2011,19,"Thursday","(41.878723, -87.63374)","orange"
"899926",40040,"Quincy/Wells","07/01/2005","W",5887,2005-07-01,7,"Jul",2005,1,"Friday","(41.878723, -87.63374)","orange"
"900101",40040,"Quincy/Wells","10/08/2003","W",7518,2003-10-08,10,"Oct",2003,8,"Wednesday","(41.878723, -87.63374)","orange"
"900366",40040,"Quincy/Wells","07/17/2002","W",7724,2002-07-17,7,"Jul",2002,17,"Wednesday","(41.878723, -87.63374)","orange"
"900816",40040,"Quincy/Wells","09/05/2007","W",7273,2007-09-05,9,"Sep",2007,5,"Wednesday","(41.878723, -87.63374)","orange"
"900946",40040,"Quincy/Wells","02/22/2007","W",7336,2007-02-22,2,"Feb",2007,22,"Thursday","(41.878723, -87.63374)","orange"
"901078",40040,"Quincy/Wells","01/15/2008","W",7029,2008-01-15,1,"Jan",2008,15,"Tuesday","(41.878723, -87.63374)","orange"
"901297",40040,"Quincy/Wells","01/07/2014","W",6218,2014-01-07,1,"Jan",2014,7,"Tuesday","(41.878723, -87.63374)","orange"
"901337",40040,"Quincy/Wells","03/15/2012","W",7947,2012-03-15,3,"Mar",2012,15,"Thursday","(41.878723, -87.63374)","orange"
"901983",40040,"Quincy/Wells","08/11/2008","W",7759,2008-08-11,8,"Aug",2008,11,"Monday","(41.878723, -87.63374)","orange"
"901998",40040,"Quincy/Wells","01/03/2010","U",932,2010-01-03,1,"Jan",2010,3,"Sunday","(41.878723, -87.63374)","orange"
"902055",40040,"Quincy/Wells","11/04/2003","W",7236,2003-11-04,11,"Nov",2003,4,"Tuesday","(41.878723, -87.63374)","orange"
"902072",40040,"Quincy/Wells","06/08/2014","U",1597,2014-06-08,6,"Jun",2014,8,"Sunday","(41.878723, -87.63374)","orange"
"902107",40040,"Quincy/Wells","05/27/2012","U",1716,2012-05-27,5,"May",2012,27,"Sunday","(41.878723, -87.63374)","orange"
"902246",40040,"Quincy/Wells","05/22/2014","W",8250,2014-05-22,5,"May",2014,22,"Thursday","(41.878723, -87.63374)","orange"
"902264",40040,"Quincy/Wells","07/13/2007","W",6831,2007-07-13,7,"Jul",2007,13,"Friday","(41.878723, -87.63374)","orange"
"902293",40040,"Quincy/Wells","07/04/2008","U",1807,2008-07-04,7,"Jul",2008,4,"Friday","(41.878723, -87.63374)","orange"
"902348",40040,"Quincy/Wells","07/14/2009","W",7748,2009-07-14,7,"Jul",2009,14,"Tuesday","(41.878723, -87.63374)","orange"
"902406",40040,"Quincy/Wells","04/24/2016","U",1370,2016-04-24,4,"Apr",2016,24,"Sunday","(41.878723, -87.63374)","orange"
"902476",40040,"Quincy/Wells","06/05/2009","W",7055,2009-06-05,6,"Jun",2009,5,"Friday","(41.878723, -87.63374)","orange"
"902511",40040,"Quincy/Wells","02/14/2017","W",8220,2017-02-14,2,"Feb",2017,14,"Tuesday","(41.878723, -87.63374)","orange"
"902566",40040,"Quincy/Wells","06/09/2006","W",6689,2006-06-09,6,"Jun",2006,9,"Friday","(41.878723, -87.63374)","orange"
"902962",40040,"Quincy/Wells","05/30/2004","U",613,2004-05-30,5,"May",2004,30,"Sunday","(41.878723, -87.63374)","orange"
"903026",40040,"Quincy/Wells","01/06/2009","W",7680,2009-01-06,1,"Jan",2009,6,"Tuesday","(41.878723, -87.63374)","orange"
"903142",40040,"Quincy/Wells","09/22/2003","W",6972,2003-09-22,9,"Sep",2003,22,"Monday","(41.878723, -87.63374)","orange"
"903151",40040,"Quincy/Wells","05/30/2017","W",8552,2017-05-30,5,"May",2017,30,"Tuesday","(41.878723, -87.63374)","orange"
"903156",40040,"Quincy/Wells","10/14/2001","U",10,2001-10-14,10,"Oct",2001,14,"Sunday","(41.878723, -87.63374)","orange"
"903283",40040,"Quincy/Wells","02/05/2012","U",1080,2012-02-05,2,"Feb",2012,5,"Sunday","(41.878723, -87.63374)","orange"
"903374",40040,"Quincy/Wells","08/14/2010","A",2061,2010-08-14,8,"Aug",2010,14,"Saturday","(41.878723, -87.63374)","orange"
"903621",40040,"Quincy/Wells","06/16/2004","W",6803,2004-06-16,6,"Jun",2004,16,"Wednesday","(41.878723, -87.63374)","orange"
"903671",40040,"Quincy/Wells","04/30/2014","W",8360,2014-04-30,4,"Apr",2014,30,"Wednesday","(41.878723, -87.63374)","orange"
"904051",40040,"Quincy/Wells","01/01/2006","U",589,2006-01-01,1,"Jan",2006,1,"Sunday","(41.878723, -87.63374)","orange"
"904135",40040,"Quincy/Wells","12/28/2001","W",5539,2001-12-28,12,"Dec",2001,28,"Friday","(41.878723, -87.63374)","orange"
"904188",40040,"Quincy/Wells","04/13/2013","A",1817,2013-04-13,4,"Apr",2013,13,"Saturday","(41.878723, -87.63374)","orange"
"904305",40040,"Quincy/Wells","02/20/2013","W",8293,2013-02-20,2,"Feb",2013,20,"Wednesday","(41.878723, -87.63374)","orange"
"904772",40040,"Quincy/Wells","01/04/2013","W",7794,2013-01-04,1,"Jan",2013,4,"Friday","(41.878723, -87.63374)","orange"
"904866",40040,"Quincy/Wells","04/16/2002","W",7559,2002-04-16,4,"Apr",2002,16,"Tuesday","(41.878723, -87.63374)","orange"
"904924",40040,"Quincy/Wells","09/05/2001","W",7976,2001-09-05,9,"Sep",2001,5,"Wednesday","(41.878723, -87.63374)","orange"
"905118",40040,"Quincy/Wells","12/26/2001","W",4731,2001-12-26,12,"Dec",2001,26,"Wednesday","(41.878723, -87.63374)","orange"
"905476",40040,"Quincy/Wells","06/13/2006","W",7416,2006-06-13,6,"Jun",2006,13,"Tuesday","(41.878723, -87.63374)","orange"
"905479",40040,"Quincy/Wells","05/29/2009","W",7522,2009-05-29,5,"May",2009,29,"Friday","(41.878723, -87.63374)","orange"
"905483",40040,"Quincy/Wells","10/13/2001","A",3,2001-10-13,10,"Oct",2001,13,"Saturday","(41.878723, -87.63374)","orange"
"905511",40040,"Quincy/Wells","05/24/2009","U",1484,2009-05-24,5,"May",2009,24,"Sunday","(41.878723, -87.63374)","orange"
"905532",40040,"Quincy/Wells","12/22/2014","W",6812,2014-12-22,12,"Dec",2014,22,"Monday","(41.878723, -87.63374)","orange"
"905569",40040,"Quincy/Wells","01/06/2015","W",8642,2015-01-06,1,"Jan",2015,6,"Tuesday","(41.878723, -87.63374)","orange"
"905699",40040,"Quincy/Wells","08/31/2001","W",6790,2001-08-31,8,"Aug",2001,31,"Friday","(41.878723, -87.63374)","orange"
"905709",40040,"Quincy/Wells","10/07/2001","U",6,2001-10-07,10,"Oct",2001,7,"Sunday","(41.878723, -87.63374)","orange"
"905982",40040,"Quincy/Wells","10/29/2004","W",6140,2004-10-29,10,"Oct",2004,29,"Friday","(41.878723, -87.63374)","orange"
"906026",40040,"Quincy/Wells","04/24/2005","U",818,2005-04-24,4,"Apr",2005,24,"Sunday","(41.878723, -87.63374)","orange"
"906600",40040,"Quincy/Wells","07/25/2003","W",6498,2003-07-25,7,"Jul",2003,25,"Friday","(41.878723, -87.63374)","orange"
"906718",40040,"Quincy/Wells","11/21/2016","W",8334,2016-11-21,11,"Nov",2016,21,"Monday","(41.878723, -87.63374)","orange"
"906729",40040,"Quincy/Wells","03/08/2007","W",7519,2007-03-08,3,"Mar",2007,8,"Thursday","(41.878723, -87.63374)","orange"
"906996",40040,"Quincy/Wells","03/08/2015","U",1334,2015-03-08,3,"Mar",2015,8,"Sunday","(41.878723, -87.63374)","orange"
"907026",40040,"Quincy/Wells","10/05/2003","U",936,2003-10-05,10,"Oct",2003,5,"Sunday","(41.878723, -87.63374)","orange"
"907223",40040,"Quincy/Wells","07/01/2014","W",8391,2014-07-01,7,"Jul",2014,1,"Tuesday","(41.878723, -87.63374)","orange"
"907310",40040,"Quincy/Wells","08/08/2001","W",8193,2001-08-08,8,"Aug",2001,8,"Wednesday","(41.878723, -87.63374)","orange"
"907463",40040,"Quincy/Wells","02/07/2002","W",7646,2002-02-07,2,"Feb",2002,7,"Thursday","(41.878723, -87.63374)","orange"
"907513",40040,"Quincy/Wells","05/16/2007","W",6715,2007-05-16,5,"May",2007,16,"Wednesday","(41.878723, -87.63374)","orange"
"907769",40040,"Quincy/Wells","12/10/2001","W",7562,2001-12-10,12,"Dec",2001,10,"Monday","(41.878723, -87.63374)","orange"
"907894",40040,"Quincy/Wells","02/13/2004","W",6231,2004-02-13,2,"Feb",2004,13,"Friday","(41.878723, -87.63374)","orange"
"907985",40040,"Quincy/Wells","11/01/2016","W",8388,2016-11-01,11,"Nov",2016,1,"Tuesday","(41.878723, -87.63374)","orange"
"908173",40040,"Quincy/Wells","02/26/2014","W",8435,2014-02-26,2,"Feb",2014,26,"Wednesday","(41.878723, -87.63374)","orange"
"908310",40040,"Quincy/Wells","09/02/2007","U",1549,2007-09-02,9,"Sep",2007,2,"Sunday","(41.878723, -87.63374)","orange"
"908459",40040,"Quincy/Wells","12/12/2003","W",6066,2003-12-12,12,"Dec",2003,12,"Friday","(41.878723, -87.63374)","orange"
"908626",40040,"Quincy/Wells","04/24/2006","W",7073,2006-04-24,4,"Apr",2006,24,"Monday","(41.878723, -87.63374)","orange"
"908966",40040,"Quincy/Wells","03/05/2001","W",8351,2001-03-05,3,"Mar",2001,5,"Monday","(41.878723, -87.63374)","orange"
"908978",40040,"Quincy/Wells","09/13/2006","W",7693,2006-09-13,9,"Sep",2006,13,"Wednesday","(41.878723, -87.63374)","orange"
"909358",40040,"Quincy/Wells","01/17/2002","W",7790,2002-01-17,1,"Jan",2002,17,"Thursday","(41.878723, -87.63374)","orange"
"909388",40040,"Quincy/Wells","11/29/2015","U",1599,2015-11-29,11,"Nov",2015,29,"Sunday","(41.878723, -87.63374)","orange"
"909570",40040,"Quincy/Wells","11/01/2015","U",1406,2015-11-01,11,"Nov",2015,1,"Sunday","(41.878723, -87.63374)","orange"
"909684",40040,"Quincy/Wells","06/10/2017","A",2062,2017-06-10,6,"Jun",2017,10,"Saturday","(41.878723, -87.63374)","orange"
"909698",40040,"Quincy/Wells","11/02/2004","W",6852,2004-11-02,11,"Nov",2004,2,"Tuesday","(41.878723, -87.63374)","orange"
"909888",40040,"Quincy/Wells","07/19/2017","W",8533,2017-07-19,7,"Jul",2017,19,"Wednesday","(41.878723, -87.63374)","orange"
"910153",40040,"Quincy/Wells","06/26/2015","W",7905,2015-06-26,6,"Jun",2015,26,"Friday","(41.878723, -87.63374)","orange"
"910162",40040,"Quincy/Wells","09/14/2002","A",1009,2002-09-14,9,"Sep",2002,14,"Saturday","(41.878723, -87.63374)","orange"
"910203",40040,"Quincy/Wells","10/11/2004","W",5808,2004-10-11,10,"Oct",2004,11,"Monday","(41.878723, -87.63374)","orange"
"910425",40040,"Quincy/Wells","01/02/2014","W",7889,2014-01-02,1,"Jan",2014,2,"Thursday","(41.878723, -87.63374)","orange"
"910527",40040,"Quincy/Wells","09/28/2001","W",7381,2001-09-28,9,"Sep",2001,28,"Friday","(41.878723, -87.63374)","orange"
"910810",40040,"Quincy/Wells","09/04/2013","W",8560,2013-09-04,9,"Sep",2013,4,"Wednesday","(41.878723, -87.63374)","orange"
"911052",40040,"Quincy/Wells","08/18/2009","W",7792,2009-08-18,8,"Aug",2009,18,"Tuesday","(41.878723, -87.63374)","orange"
"911134",40040,"Quincy/Wells","03/15/2001","W",30,2001-03-15,3,"Mar",2001,15,"Thursday","(41.878723, -87.63374)","orange"
"911295",40040,"Quincy/Wells","09/03/2015","W",7979,2015-09-03,9,"Sep",2015,3,"Thursday","(41.878723, -87.63374)","orange"
"911642",40040,"Quincy/Wells","09/11/2006","W",7605,2006-09-11,9,"Sep",2006,11,"Monday","(41.878723, -87.63374)","orange"
"911679",40040,"Quincy/Wells","09/15/2008","W",7743,2008-09-15,9,"Sep",2008,15,"Monday","(41.878723, -87.63374)","orange"
"911779",40040,"Quincy/Wells","09/07/2015","U",1799,2015-09-07,9,"Sep",2015,7,"Monday","(41.878723, -87.63374)","orange"
"911900",40040,"Quincy/Wells","04/26/2012","W",8018,2012-04-26,4,"Apr",2012,26,"Thursday","(41.878723, -87.63374)","orange"
"912213",40040,"Quincy/Wells","02/23/2008","A",1561,2008-02-23,2,"Feb",2008,23,"Saturday","(41.878723, -87.63374)","orange"
"912277",40040,"Quincy/Wells","11/15/2011","W",8504,2011-11-15,11,"Nov",2011,15,"Tuesday","(41.878723, -87.63374)","orange"
"912370",40040,"Quincy/Wells","04/30/2007","W",6633,2007-04-30,4,"Apr",2007,30,"Monday","(41.878723, -87.63374)","orange"
"912377",40040,"Quincy/Wells","04/26/2017","W",8121,2017-04-26,4,"Apr",2017,26,"Wednesday","(41.878723, -87.63374)","orange"
"912448",40040,"Quincy/Wells","12/17/2015","W",7654,2015-12-17,12,"Dec",2015,17,"Thursday","(41.878723, -87.63374)","orange"
"912493",40040,"Quincy/Wells","04/17/2015","W",7102,2015-04-17,4,"Apr",2015,17,"Friday","(41.878723, -87.63374)","orange"
"912662",40040,"Quincy/Wells","06/03/2002","W",7932,2002-06-03,6,"Jun",2002,3,"Monday","(41.878723, -87.63374)","orange"
"912700",40040,"Quincy/Wells","08/10/2011","W",8572,2011-08-10,8,"Aug",2011,10,"Wednesday","(41.878723, -87.63374)","orange"
"912885",40040,"Quincy/Wells","04/15/2011","W",7560,2011-04-15,4,"Apr",2011,15,"Friday","(41.878723, -87.63374)","orange"
"912982",40040,"Quincy/Wells","09/15/2016","W",8427,2016-09-15,9,"Sep",2016,15,"Thursday","(41.878723, -87.63374)","orange"
"913289",40040,"Quincy/Wells","03/09/2008","U",1239,2008-03-09,3,"Mar",2008,9,"Sunday","(41.878723, -87.63374)","orange"
"913423",40040,"Quincy/Wells","12/02/2016","W",7442,2016-12-02,12,"Dec",2016,2,"Friday","(41.878723, -87.63374)","orange"
"913556",40040,"Quincy/Wells","01/09/2016","A",1337,2016-01-09,1,"Jan",2016,9,"Saturday","(41.878723, -87.63374)","orange"
"913849",40040,"Quincy/Wells","09/22/2005","W",6974,2005-09-22,9,"Sep",2005,22,"Thursday","(41.878723, -87.63374)","orange"
"913898",40040,"Quincy/Wells","09/19/2013","W",8318,2013-09-19,9,"Sep",2013,19,"Thursday","(41.878723, -87.63374)","orange"
"914048",40040,"Quincy/Wells","06/25/2007","W",7221,2007-06-25,6,"Jun",2007,25,"Monday","(41.878723, -87.63374)","orange"
"914150",40040,"Quincy/Wells","03/06/2008","W",7044,2008-03-06,3,"Mar",2008,6,"Thursday","(41.878723, -87.63374)","orange"
"914466",40040,"Quincy/Wells","06/18/2001","W",8541,2001-06-18,6,"Jun",2001,18,"Monday","(41.878723, -87.63374)","orange"
"914536",40040,"Quincy/Wells","09/17/2016","A",1941,2016-09-17,9,"Sep",2016,17,"Saturday","(41.878723, -87.63374)","orange"
"914544",40040,"Quincy/Wells","03/08/2004","W",6849,2004-03-08,3,"Mar",2004,8,"Monday","(41.878723, -87.63374)","orange"
"914587",40040,"Quincy/Wells","03/29/2003","A",1043,2003-03-29,3,"Mar",2003,29,"Saturday","(41.878723, -87.63374)","orange"
"914840",40040,"Quincy/Wells","05/12/2016","W",8117,2016-05-12,5,"May",2016,12,"Thursday","(41.878723, -87.63374)","orange"
"915126",40040,"Quincy/Wells","07/09/2002","W",7886,2002-07-09,7,"Jul",2002,9,"Tuesday","(41.878723, -87.63374)","orange"
"915143",40040,"Quincy/Wells","06/30/2001","A",1255,2001-06-30,6,"Jun",2001,30,"Saturday","(41.878723, -87.63374)","orange"
"915170",40040,"Quincy/Wells","06/15/2001","W",7649,2001-06-15,6,"Jun",2001,15,"Friday","(41.878723, -87.63374)","orange"
"915473",40040,"Quincy/Wells","06/15/2009","W",7699,2009-06-15,6,"Jun",2009,15,"Monday","(41.878723, -87.63374)","orange"
"915850",40040,"Quincy/Wells","05/15/2004","A",1120,2004-05-15,5,"May",2004,15,"Saturday","(41.878723, -87.63374)","orange"
"916199",40040,"Quincy/Wells","09/20/2001","W",7820,2001-09-20,9,"Sep",2001,20,"Thursday","(41.878723, -87.63374)","orange"
"916411",40040,"Quincy/Wells","08/21/2011","U",2131,2011-08-21,8,"Aug",2011,21,"Sunday","(41.878723, -87.63374)","orange"
"916496",40040,"Quincy/Wells","05/21/2005","A",1251,2005-05-21,5,"May",2005,21,"Saturday","(41.878723, -87.63374)","orange"
"916621",40040,"Quincy/Wells","05/10/2009","U",1333,2009-05-10,5,"May",2009,10,"Sunday","(41.878723, -87.63374)","orange"
"916672",40040,"Quincy/Wells","04/16/2012","W",8112,2012-04-16,4,"Apr",2012,16,"Monday","(41.878723, -87.63374)","orange"
"917210",40040,"Quincy/Wells","05/24/2012","W",7855,2012-05-24,5,"May",2012,24,"Thursday","(41.878723, -87.63374)","orange"
"917296",40040,"Quincy/Wells","02/22/2012","W",7900,2012-02-22,2,"Feb",2012,22,"Wednesday","(41.878723, -87.63374)","orange"
"917372",40040,"Quincy/Wells","12/06/2009","U",1075,2009-12-06,12,"Dec",2009,6,"Sunday","(41.878723, -87.63374)","orange"
"917440",40040,"Quincy/Wells","03/19/2008","W",7141,2008-03-19,3,"Mar",2008,19,"Wednesday","(41.878723, -87.63374)","orange"
"917610",40040,"Quincy/Wells","08/22/2012","W",8364,2012-08-22,8,"Aug",2012,22,"Wednesday","(41.878723, -87.63374)","orange"
"918321",40040,"Quincy/Wells","12/20/2016","W",7727,2016-12-20,12,"Dec",2016,20,"Tuesday","(41.878723, -87.63374)","orange"
"918345",40040,"Quincy/Wells","04/29/2009","W",7333,2009-04-29,4,"Apr",2009,29,"Wednesday","(41.878723, -87.63374)","orange"
"918721",40040,"Quincy/Wells","05/19/2003","W",7042,2003-05-19,5,"May",2003,19,"Monday","(41.878723, -87.63374)","orange"
"918791",40040,"Quincy/Wells","06/12/2004","A",1316,2004-06-12,6,"Jun",2004,12,"Saturday","(41.878723, -87.63374)","orange"
"918814",40040,"Quincy/Wells","05/16/2012","W",7842,2012-05-16,5,"May",2012,16,"Wednesday","(41.878723, -87.63374)","orange"
"919214",40040,"Quincy/Wells","08/25/2016","W",8054,2016-08-25,8,"Aug",2016,25,"Thursday","(41.878723, -87.63374)","orange"
"919473",40040,"Quincy/Wells","01/09/2015","W",7828,2015-01-09,1,"Jan",2015,9,"Friday","(41.878723, -87.63374)","orange"
"919819",40040,"Quincy/Wells","04/25/2007","W",6522,2007-04-25,4,"Apr",2007,25,"Wednesday","(41.878723, -87.63374)","orange"
"919871",40040,"Quincy/Wells","09/30/2004","W",6695,2004-09-30,9,"Sep",2004,30,"Thursday","(41.878723, -87.63374)","orange"
"919923",40040,"Quincy/Wells","10/29/2011","A",1780,2011-10-29,10,"Oct",2011,29,"Saturday","(41.878723, -87.63374)","orange"
"919977",40040,"Quincy/Wells","12/17/2002","W",7043,2002-12-17,12,"Dec",2002,17,"Tuesday","(41.878723, -87.63374)","orange"
"920135",40040,"Quincy/Wells","02/16/2011","W",7474,2011-02-16,2,"Feb",2011,16,"Wednesday","(41.878723, -87.63374)","orange"
"920197",40040,"Quincy/Wells","11/23/2013","A",1868,2013-11-23,11,"Nov",2013,23,"Saturday","(41.878723, -87.63374)","orange"
"920391",40040,"Quincy/Wells","09/07/2006","W",7968,2006-09-07,9,"Sep",2006,7,"Thursday","(41.878723, -87.63374)","orange"
"920657",40040,"Quincy/Wells","06/12/2015","W",7531,2015-06-12,6,"Jun",2015,12,"Friday","(41.878723, -87.63374)","orange"
"920694",40040,"Quincy/Wells","11/06/2006","W",7378,2006-11-06,11,"Nov",2006,6,"Monday","(41.878723, -87.63374)","orange"
"921074",40040,"Quincy/Wells","06/23/2014","W",8559,2014-06-23,6,"Jun",2014,23,"Monday","(41.878723, -87.63374)","orange"
"921194",40040,"Quincy/Wells","07/21/2008","W",7531,2008-07-21,7,"Jul",2008,21,"Monday","(41.878723, -87.63374)","orange"
"921370",40040,"Quincy/Wells","03/28/2015","A",1852,2015-03-28,3,"Mar",2015,28,"Saturday","(41.878723, -87.63374)","orange"
"921419",40040,"Quincy/Wells","09/21/2016","W",8495,2016-09-21,9,"Sep",2016,21,"Wednesday","(41.878723, -87.63374)","orange"
"921562",40040,"Quincy/Wells","12/18/2002","W",6751,2002-12-18,12,"Dec",2002,18,"Wednesday","(41.878723, -87.63374)","orange"
"921754",40040,"Quincy/Wells","02/19/2010","W",6751,2010-02-19,2,"Feb",2010,19,"Friday","(41.878723, -87.63374)","orange"
"922235",40040,"Quincy/Wells","12/08/2002","U",679,2002-12-08,12,"Dec",2002,8,"Sunday","(41.878723, -87.63374)","orange"
"922382",40040,"Quincy/Wells","03/10/2001","A",1066,2001-03-10,3,"Mar",2001,10,"Saturday","(41.878723, -87.63374)","orange"
"922435",40040,"Quincy/Wells","10/06/2010","W",7289,2010-10-06,10,"Oct",2010,6,"Wednesday","(41.878723, -87.63374)","orange"
"922512",40040,"Quincy/Wells","09/29/2006","W",7231,2006-09-29,9,"Sep",2006,29,"Friday","(41.878723, -87.63374)","orange"
"922839",40040,"Quincy/Wells","09/26/2006","W",7505,2006-09-26,9,"Sep",2006,26,"Tuesday","(41.878723, -87.63374)","orange"
"922861",40040,"Quincy/Wells","09/27/2008","A",2148,2008-09-27,9,"Sep",2008,27,"Saturday","(41.878723, -87.63374)","orange"
"922962",40040,"Quincy/Wells","03/21/2015","A",1927,2015-03-21,3,"Mar",2015,21,"Saturday","(41.878723, -87.63374)","orange"
"923027",40040,"Quincy/Wells","11/14/2013","W",8718,2013-11-14,11,"Nov",2013,14,"Thursday","(41.878723, -87.63374)","orange"
"923055",40040,"Quincy/Wells","07/15/2003","W",7170,2003-07-15,7,"Jul",2003,15,"Tuesday","(41.878723, -87.63374)","orange"
"923093",40040,"Quincy/Wells","04/07/2011","W",7493,2011-04-07,4,"Apr",2011,7,"Thursday","(41.878723, -87.63374)","orange"
"923191",40040,"Quincy/Wells","09/23/2008","W",7604,2008-09-23,9,"Sep",2008,23,"Tuesday","(41.878723, -87.63374)","orange"
"923416",40040,"Quincy/Wells","12/26/2007","W",4314,2007-12-26,12,"Dec",2007,26,"Wednesday","(41.878723, -87.63374)","orange"
"924258",40040,"Quincy/Wells","05/17/2010","W",7193,2010-05-17,5,"May",2010,17,"Monday","(41.878723, -87.63374)","orange"
"924459",40040,"Quincy/Wells","11/14/2004","U",901,2004-11-14,11,"Nov",2004,14,"Sunday","(41.878723, -87.63374)","orange"
"924876",40040,"Quincy/Wells","03/06/2003","W",7128,2003-03-06,3,"Mar",2003,6,"Thursday","(41.878723, -87.63374)","orange"
"925084",40040,"Quincy/Wells","01/18/2015","U",1172,2015-01-18,1,"Jan",2015,18,"Sunday","(41.878723, -87.63374)","orange"
"925110",40040,"Quincy/Wells","06/02/2002","U",723,2002-06-02,6,"Jun",2002,2,"Sunday","(41.878723, -87.63374)","orange"
"925149",40040,"Quincy/Wells","12/27/2004","W",4485,2004-12-27,12,"Dec",2004,27,"Monday","(41.878723, -87.63374)","orange"
"925159",40040,"Quincy/Wells","06/28/2015","U",2806,2015-06-28,6,"Jun",2015,28,"Sunday","(41.878723, -87.63374)","orange"
"925381",40040,"Quincy/Wells","10/01/2006","U",1316,2006-10-01,10,"Oct",2006,1,"Sunday","(41.878723, -87.63374)","orange"
"925517",40040,"Quincy/Wells","09/27/2016","W",8431,2016-09-27,9,"Sep",2016,27,"Tuesday","(41.878723, -87.63374)","orange"
"925536",40040,"Quincy/Wells","01/26/2008","A",1280,2008-01-26,1,"Jan",2008,26,"Saturday","(41.878723, -87.63374)","orange"
"925716",40040,"Quincy/Wells","03/29/2006","W",6883,2006-03-29,3,"Mar",2006,29,"Wednesday","(41.878723, -87.63374)","orange"
"925723",40040,"Quincy/Wells","11/05/2016","A",1825,2016-11-05,11,"Nov",2016,5,"Saturday","(41.878723, -87.63374)","orange"
"925793",40040,"Quincy/Wells","12/28/2002","A",862,2002-12-28,12,"Dec",2002,28,"Saturday","(41.878723, -87.63374)","orange"
"926097",40040,"Quincy/Wells","05/04/2005","W",6476,2005-05-04,5,"May",2005,4,"Wednesday","(41.878723, -87.63374)","orange"
"926131",40040,"Quincy/Wells","07/25/2002","W",7574,2002-07-25,7,"Jul",2002,25,"Thursday","(41.878723, -87.63374)","orange"
"926322",40040,"Quincy/Wells","11/15/2009","U",1106,2009-11-15,11,"Nov",2009,15,"Sunday","(41.878723, -87.63374)","orange"
"926410",40040,"Quincy/Wells","12/24/2016","A",647,2016-12-24,12,"Dec",2016,24,"Saturday","(41.878723, -87.63374)","orange"
"926433",40040,"Quincy/Wells","02/01/2008","W",6776,2008-02-01,2,"Feb",2008,1,"Friday","(41.878723, -87.63374)","orange"
"926605",40040,"Quincy/Wells","10/16/2001","W",8018,2001-10-16,10,"Oct",2001,16,"Tuesday","(41.878723, -87.63374)","orange"
"926724",40040,"Quincy/Wells","02/11/2012","A",1614,2012-02-11,2,"Feb",2012,11,"Saturday","(41.878723, -87.63374)","orange"
"926755",40040,"Quincy/Wells","01/24/2010","U",1049,2010-01-24,1,"Jan",2010,24,"Sunday","(41.878723, -87.63374)","orange"
"926798",40040,"Quincy/Wells","12/27/2001","W",5698,2001-12-27,12,"Dec",2001,27,"Thursday","(41.878723, -87.63374)","orange"
"927029",40040,"Quincy/Wells","11/30/2013","A",2079,2013-11-30,11,"Nov",2013,30,"Saturday","(41.878723, -87.63374)","orange"
"927070",40040,"Quincy/Wells","10/30/2006","W",7435,2006-10-30,10,"Oct",2006,30,"Monday","(41.878723, -87.63374)","orange"
"927458",40040,"Quincy/Wells","05/20/2004","W",6716,2004-05-20,5,"May",2004,20,"Thursday","(41.878723, -87.63374)","orange"
"927683",40040,"Quincy/Wells","05/03/2005","W",6590,2005-05-03,5,"May",2005,3,"Tuesday","(41.878723, -87.63374)","orange"
"927719",40040,"Quincy/Wells","09/24/2004","W",6210,2004-09-24,9,"Sep",2004,24,"Friday","(41.878723, -87.63374)","orange"
"927847",40040,"Quincy/Wells","01/07/2007","U",803,2007-01-07,1,"Jan",2007,7,"Sunday","(41.878723, -87.63374)","orange"
"927865",40040,"Quincy/Wells","09/11/2008","W",7639,2008-09-11,9,"Sep",2008,11,"Thursday","(41.878723, -87.63374)","orange"
"928107",40040,"Quincy/Wells","02/11/2017","A",1278,2017-02-11,2,"Feb",2017,11,"Saturday","(41.878723, -87.63374)","orange"
"928224",40040,"Quincy/Wells","10/21/2014","W",8730,2014-10-21,10,"Oct",2014,21,"Tuesday","(41.878723, -87.63374)","orange"
"928360",40040,"Quincy/Wells","09/12/2004","U",998,2004-09-12,9,"Sep",2004,12,"Sunday","(41.878723, -87.63374)","orange"
"928420",40040,"Quincy/Wells","05/30/2003","W",6789,2003-05-30,5,"May",2003,30,"Friday","(41.878723, -87.63374)","orange"
"928445",40040,"Quincy/Wells","10/18/2009","U",1916,2009-10-18,10,"Oct",2009,18,"Sunday","(41.878723, -87.63374)","orange"
"928666",40040,"Quincy/Wells","01/31/2015","A",1390,2015-01-31,1,"Jan",2015,31,"Saturday","(41.878723, -87.63374)","orange"
"928909",40040,"Quincy/Wells","01/12/2015","W",8707,2015-01-12,1,"Jan",2015,12,"Monday","(41.878723, -87.63374)","orange"
"928982",40040,"Quincy/Wells","07/11/2002","W",7831,2002-07-11,7,"Jul",2002,11,"Thursday","(41.878723, -87.63374)","orange"
"929130",40040,"Quincy/Wells","02/05/2006","U",738,2006-02-05,2,"Feb",2006,5,"Sunday","(41.878723, -87.63374)","orange"
"929383",40040,"Quincy/Wells","06/27/2010","U",2523,2010-06-27,6,"Jun",2010,27,"Sunday","(41.878723, -87.63374)","orange"
"929552",40040,"Quincy/Wells","01/29/2014","W",8736,2014-01-29,1,"Jan",2014,29,"Wednesday","(41.878723, -87.63374)","orange"
"929627",40040,"Quincy/Wells","11/27/2001","W",7685,2001-11-27,11,"Nov",2001,27,"Tuesday","(41.878723, -87.63374)","orange"
"929840",40040,"Quincy/Wells","10/28/2015","W",8483,2015-10-28,10,"Oct",2015,28,"Wednesday","(41.878723, -87.63374)","orange"
"929927",40040,"Quincy/Wells","07/12/2013","W",8484,2013-07-12,7,"Jul",2013,12,"Friday","(41.878723, -87.63374)","orange"
"930041",40040,"Quincy/Wells","05/06/2008","W",7152,2008-05-06,5,"May",2008,6,"Tuesday","(41.878723, -87.63374)","orange"
"930209",40040,"Quincy/Wells","04/12/2010","W",7173,2010-04-12,4,"Apr",2010,12,"Monday","(41.878723, -87.63374)","orange"
"930725",40040,"Quincy/Wells","07/11/2013","W",8868,2013-07-11,7,"Jul",2013,11,"Thursday","(41.878723, -87.63374)","orange"
"931084",40040,"Quincy/Wells","10/10/2007","W",7264,2007-10-10,10,"Oct",2007,10,"Wednesday","(41.878723, -87.63374)","orange"
"931092",40040,"Quincy/Wells","11/18/2007","U",1202,2007-11-18,11,"Nov",2007,18,"Sunday","(41.878723, -87.63374)","orange"
"931124",40040,"Quincy/Wells","12/19/2013","W",7787,2013-12-19,12,"Dec",2013,19,"Thursday","(41.878723, -87.63374)","orange"
"931227",40040,"Quincy/Wells","01/07/2012","A",1673,2012-01-07,1,"Jan",2012,7,"Saturday","(41.878723, -87.63374)","orange"
"931362",40040,"Quincy/Wells","10/18/2012","W",9239,2012-10-18,10,"Oct",2012,18,"Thursday","(41.878723, -87.63374)","orange"
"931366",40040,"Quincy/Wells","01/22/2007","W",7331,2007-01-22,1,"Jan",2007,22,"Monday","(41.878723, -87.63374)","orange"
"931385",40040,"Quincy/Wells","10/28/2016","W",8700,2016-10-28,10,"Oct",2016,28,"Friday","(41.878723, -87.63374)","orange"
"931676",40040,"Quincy/Wells","05/05/2003","W",7217,2003-05-05,5,"May",2003,5,"Monday","(41.878723, -87.63374)","orange"
"931743",40040,"Quincy/Wells","07/11/2015","A",2069,2015-07-11,7,"Jul",2015,11,"Saturday","(41.878723, -87.63374)","orange"
"931854",40040,"Quincy/Wells","04/16/2008","W",7160,2008-04-16,4,"Apr",2008,16,"Wednesday","(41.878723, -87.63374)","orange"
"931875",40040,"Quincy/Wells","04/04/2015","A",1878,2015-04-04,4,"Apr",2015,4,"Saturday","(41.878723, -87.63374)","orange"
"931959",40040,"Quincy/Wells","05/11/2005","W",6562,2005-05-11,5,"May",2005,11,"Wednesday","(41.878723, -87.63374)","orange"
"932206",40040,"Quincy/Wells","09/12/2008","W",7701,2008-09-12,9,"Sep",2008,12,"Friday","(41.878723, -87.63374)","orange"
"932263",40040,"Quincy/Wells","12/08/2016","W",7872,2016-12-08,12,"Dec",2016,8,"Thursday","(41.878723, -87.63374)","orange"
"932267",40040,"Quincy/Wells","08/11/2017","W",7567,2017-08-11,8,"Aug",2017,11,"Friday","(41.878723, -87.63374)","orange"
"932468",40040,"Quincy/Wells","03/18/2013","W",7992,2013-03-18,3,"Mar",2013,18,"Monday","(41.878723, -87.63374)","orange"
"932487",40040,"Quincy/Wells","08/04/2010","W",7850,2010-08-04,8,"Aug",2010,4,"Wednesday","(41.878723, -87.63374)","orange"
"932729",40040,"Quincy/Wells","03/23/2012","W",7325,2012-03-23,3,"Mar",2012,23,"Friday","(41.878723, -87.63374)","orange"
"932811",40040,"Quincy/Wells","05/25/2006","W",6695,2006-05-25,5,"May",2006,25,"Thursday","(41.878723, -87.63374)","orange"
"932976",40040,"Quincy/Wells","05/25/2007","W",6212,2007-05-25,5,"May",2007,25,"Friday","(41.878723, -87.63374)","orange"
"933490",40040,"Quincy/Wells","03/20/2015","W",7461,2015-03-20,3,"Mar",2015,20,"Friday","(41.878723, -87.63374)","orange"
"933536",40040,"Quincy/Wells","04/02/2012","W",8213,2012-04-02,4,"Apr",2012,2,"Monday","(41.878723, -87.63374)","orange"
"933901",40040,"Quincy/Wells","02/27/2009","W",7144,2009-02-27,2,"Feb",2009,27,"Friday","(41.878723, -87.63374)","orange"
"933917",40040,"Quincy/Wells","12/06/2014","A",1565,2014-12-06,12,"Dec",2014,6,"Saturday","(41.878723, -87.63374)","orange"
"933960",40040,"Quincy/Wells","12/24/2005","A",403,2005-12-24,12,"Dec",2005,24,"Saturday","(41.878723, -87.63374)","orange"
"933977",40040,"Quincy/Wells","04/08/2009","W",7338,2009-04-08,4,"Apr",2009,8,"Wednesday","(41.878723, -87.63374)","orange"
"934651",40040,"Quincy/Wells","04/10/2015","W",7258,2015-04-10,4,"Apr",2015,10,"Friday","(41.878723, -87.63374)","orange"
"934733",40040,"Quincy/Wells","02/05/2011","A",1389,2011-02-05,2,"Feb",2011,5,"Saturday","(41.878723, -87.63374)","orange"
"934775",40040,"Quincy/Wells","03/11/2017","A",1887,2017-03-11,3,"Mar",2017,11,"Saturday","(41.878723, -87.63374)","orange"
"934783",40040,"Quincy/Wells","03/20/2009","W",7102,2009-03-20,3,"Mar",2009,20,"Friday","(41.878723, -87.63374)","orange"
"935146",40040,"Quincy/Wells","05/30/2008","W",7218,2008-05-30,5,"May",2008,30,"Friday","(41.878723, -87.63374)","orange"
"935182",40040,"Quincy/Wells","01/10/2007","W",7349,2007-01-10,1,"Jan",2007,10,"Wednesday","(41.878723, -87.63374)","orange"
"935236",40040,"Quincy/Wells","12/26/2013","W",4491,2013-12-26,12,"Dec",2013,26,"Thursday","(41.878723, -87.63374)","orange"
"935256",40040,"Quincy/Wells","08/15/2014","W",7538,2014-08-15,8,"Aug",2014,15,"Friday","(41.878723, -87.63374)","orange"
"935267",40040,"Quincy/Wells","10/25/2012","W",8792,2012-10-25,10,"Oct",2012,25,"Thursday","(41.878723, -87.63374)","orange"
"935479",40040,"Quincy/Wells","02/15/2017","W",7975,2017-02-15,2,"Feb",2017,15,"Wednesday","(41.878723, -87.63374)","orange"
"935593",40040,"Quincy/Wells","03/11/2016","W",7821,2016-03-11,3,"Mar",2016,11,"Friday","(41.878723, -87.63374)","orange"
"935844",40040,"Quincy/Wells","11/15/2008","A",1630,2008-11-15,11,"Nov",2008,15,"Saturday","(41.878723, -87.63374)","orange"
"935853",40040,"Quincy/Wells","08/10/2017","W",8318,2017-08-10,8,"Aug",2017,10,"Thursday","(41.878723, -87.63374)","orange"
"936121",40040,"Quincy/Wells","11/27/2011","U",1922,2011-11-27,11,"Nov",2011,27,"Sunday","(41.878723, -87.63374)","orange"
"936333",40040,"Quincy/Wells","02/14/2002","W",7645,2002-02-14,2,"Feb",2002,14,"Thursday","(41.878723, -87.63374)","orange"
"936436",40040,"Quincy/Wells","09/15/2011","W",8430,2011-09-15,9,"Sep",2011,15,"Thursday","(41.878723, -87.63374)","orange"
"936526",40040,"Quincy/Wells","07/29/2016","W",7997,2016-07-29,7,"Jul",2016,29,"Friday","(41.878723, -87.63374)","orange"
"936537",40040,"Quincy/Wells","05/18/2004","W",6879,2004-05-18,5,"May",2004,18,"Tuesday","(41.878723, -87.63374)","orange"
"936551",40040,"Quincy/Wells","03/30/2017","W",8207,2017-03-30,3,"Mar",2017,30,"Thursday","(41.878723, -87.63374)","orange"
"936577",40040,"Quincy/Wells","02/07/2003","W",6741,2003-02-07,2,"Feb",2003,7,"Friday","(41.878723, -87.63374)","orange"
"936692",40040,"Quincy/Wells","01/12/2008","A",1361,2008-01-12,1,"Jan",2008,12,"Saturday","(41.878723, -87.63374)","orange"
"936983",40040,"Quincy/Wells","07/12/2008","A",2057,2008-07-12,7,"Jul",2008,12,"Saturday","(41.878723, -87.63374)","orange"
"937006",40040,"Quincy/Wells","01/28/2011","W",7090,2011-01-28,1,"Jan",2011,28,"Friday","(41.878723, -87.63374)","orange"
"937263",40040,"Quincy/Wells","05/13/2001","U",639,2001-05-13,5,"May",2001,13,"Sunday","(41.878723, -87.63374)","orange"
"937279",40040,"Quincy/Wells","08/26/2002","W",7612,2002-08-26,8,"Aug",2002,26,"Monday","(41.878723, -87.63374)","orange"
"937286",40040,"Quincy/Wells","03/29/2016","W",8173,2016-03-29,3,"Mar",2016,29,"Tuesday","(41.878723, -87.63374)","orange"
"937321",40040,"Quincy/Wells","08/03/2014","U",1747,2014-08-03,8,"Aug",2014,3,"Sunday","(41.878723, -87.63374)","orange"
"937424",40040,"Quincy/Wells","04/16/2004","W",6140,2004-04-16,4,"Apr",2004,16,"Friday","(41.878723, -87.63374)","orange"
"937502",40040,"Quincy/Wells","07/25/2005","W",7068,2005-07-25,7,"Jul",2005,25,"Monday","(41.878723, -87.63374)","orange"
"937567",40040,"Quincy/Wells","07/04/2002","U",672,2002-07-04,7,"Jul",2002,4,"Thursday","(41.878723, -87.63374)","orange"
"937652",40040,"Quincy/Wells","06/02/2003","W",7205,2003-06-02,6,"Jun",2003,2,"Monday","(41.878723, -87.63374)","orange"
"937707",40040,"Quincy/Wells","03/04/2017","A",1397,2017-03-04,3,"Mar",2017,4,"Saturday","(41.878723, -87.63374)","orange"
"937922",40040,"Quincy/Wells","02/14/2012","W",7915,2012-02-14,2,"Feb",2012,14,"Tuesday","(41.878723, -87.63374)","orange"
"938441",40040,"Quincy/Wells","10/24/2010","U",1476,2010-10-24,10,"Oct",2010,24,"Sunday","(41.878723, -87.63374)","orange"
"938493",40040,"Quincy/Wells","01/25/2013","W",8018,2013-01-25,1,"Jan",2013,25,"Friday","(41.878723, -87.63374)","orange"
"938501",40040,"Quincy/Wells","07/27/2002","A",1206,2002-07-27,7,"Jul",2002,27,"Saturday","(41.878723, -87.63374)","orange"
"938654",40040,"Quincy/Wells","04/25/2010","U",1249,2010-04-25,4,"Apr",2010,25,"Sunday","(41.878723, -87.63374)","orange"
"938668",40040,"Quincy/Wells","10/17/2012","W",9180,2012-10-17,10,"Oct",2012,17,"Wednesday","(41.878723, -87.63374)","orange"
"938692",40040,"Quincy/Wells","11/27/2002","W",6131,2002-11-27,11,"Nov",2002,27,"Wednesday","(41.878723, -87.63374)","orange"
"938900",40040,"Quincy/Wells","06/06/2001","W",8419,2001-06-06,6,"Jun",2001,6,"Wednesday","(41.878723, -87.63374)","orange"
"938954",40040,"Quincy/Wells","10/09/2015","W",7832,2015-10-09,10,"Oct",2015,9,"Friday","(41.878723, -87.63374)","orange"
"939129",40040,"Quincy/Wells","07/04/2017","U",1620,2017-07-04,7,"Jul",2017,4,"Tuesday","(41.878723, -87.63374)","orange"
"939169",40040,"Quincy/Wells","10/04/2017","W",8348,2017-10-04,10,"Oct",2017,4,"Wednesday","(41.878723, -87.63374)","orange"
"939222",40040,"Quincy/Wells","05/22/2007","W",6695,2007-05-22,5,"May",2007,22,"Tuesday","(41.878723, -87.63374)","orange"
"939299",40040,"Quincy/Wells","09/28/2006","W",7129,2006-09-28,9,"Sep",2006,28,"Thursday","(41.878723, -87.63374)","orange"
"939353",40040,"Quincy/Wells","10/09/2011","U",3262,2011-10-09,10,"Oct",2011,9,"Sunday","(41.878723, -87.63374)","orange"
"939378",40040,"Quincy/Wells","12/01/2012","A",1436,2012-12-01,12,"Dec",2012,1,"Saturday","(41.878723, -87.63374)","orange"
"939390",40040,"Quincy/Wells","01/30/2009","W",7219,2009-01-30,1,"Jan",2009,30,"Friday","(41.878723, -87.63374)","orange"
"939408",40040,"Quincy/Wells","12/04/2003","W",6857,2003-12-04,12,"Dec",2003,4,"Thursday","(41.878723, -87.63374)","orange"
"939568",40040,"Quincy/Wells","01/28/2010","W",7206,2010-01-28,1,"Jan",2010,28,"Thursday","(41.878723, -87.63374)","orange"
"939725",40040,"Quincy/Wells","07/10/2014","W",8597,2014-07-10,7,"Jul",2014,10,"Thursday","(41.878723, -87.63374)","orange"
"939830",40040,"Quincy/Wells","07/12/2012","W",8564,2012-07-12,7,"Jul",2012,12,"Thursday","(41.878723, -87.63374)","orange"
"939861",40040,"Quincy/Wells","04/12/2006","W",6927,2006-04-12,4,"Apr",2006,12,"Wednesday","(41.878723, -87.63374)","orange"
"940195",40040,"Quincy/Wells","09/15/2006","W",7303,2006-09-15,9,"Sep",2006,15,"Friday","(41.878723, -87.63374)","orange"
"940215",40040,"Quincy/Wells","12/30/2004","W",4799,2004-12-30,12,"Dec",2004,30,"Thursday","(41.878723, -87.63374)","orange"
"940444",40040,"Quincy/Wells","11/03/2008","W",7542,2008-11-03,11,"Nov",2008,3,"Monday","(41.878723, -87.63374)","orange"
"940681",40040,"Quincy/Wells","02/21/2007","W",7161,2007-02-21,2,"Feb",2007,21,"Wednesday","(41.878723, -87.63374)","orange"
"941301",40040,"Quincy/Wells","02/12/2015","W",7945,2015-02-12,2,"Feb",2015,12,"Thursday","(41.878723, -87.63374)","orange"
"941585",40040,"Quincy/Wells","11/24/2003","W",6848,2003-11-24,11,"Nov",2003,24,"Monday","(41.878723, -87.63374)","orange"
"941600",40040,"Quincy/Wells","08/20/2008","W",7651,2008-08-20,8,"Aug",2008,20,"Wednesday","(41.878723, -87.63374)","orange"
"941762",40040,"Quincy/Wells","03/24/2004","W",6524,2004-03-24,3,"Mar",2004,24,"Wednesday","(41.878723, -87.63374)","orange"
"941950",40040,"Quincy/Wells","06/10/2010","W",7465,2010-06-10,6,"Jun",2010,10,"Thursday","(41.878723, -87.63374)","orange"
"942212",40040,"Quincy/Wells","03/15/2016","W",8425,2016-03-15,3,"Mar",2016,15,"Tuesday","(41.878723, -87.63374)","orange"
"942445",40040,"Quincy/Wells","12/01/2009","W",7178,2009-12-01,12,"Dec",2009,1,"Tuesday","(41.878723, -87.63374)","orange"
"942479",40040,"Quincy/Wells","12/11/2014","W",7917,2014-12-11,12,"Dec",2014,11,"Thursday","(41.878723, -87.63374)","orange"
"942594",40040,"Quincy/Wells","07/06/2016","W",8706,2016-07-06,7,"Jul",2016,6,"Wednesday","(41.878723, -87.63374)","orange"
"942806",40040,"Quincy/Wells","08/02/2003","A",1476,2003-08-02,8,"Aug",2003,2,"Saturday","(41.878723, -87.63374)","orange"
"942845",40040,"Quincy/Wells","07/13/2015","W",8405,2015-07-13,7,"Jul",2015,13,"Monday","(41.878723, -87.63374)","orange"
"942912",40040,"Quincy/Wells","07/26/2017","W",8707,2017-07-26,7,"Jul",2017,26,"Wednesday","(41.878723, -87.63374)","orange"
"943300",40040,"Quincy/Wells","10/15/2008","W",7519,2008-10-15,10,"Oct",2008,15,"Wednesday","(41.878723, -87.63374)","orange"
"943451",40040,"Quincy/Wells","09/19/2012","W",8717,2012-09-19,9,"Sep",2012,19,"Wednesday","(41.878723, -87.63374)","orange"
"943793",40040,"Quincy/Wells","10/10/2017","W",9312,2017-10-10,10,"Oct",2017,10,"Tuesday","(41.878723, -87.63374)","orange"
"943878",40040,"Quincy/Wells","06/29/2003","U",1136,2003-06-29,6,"Jun",2003,29,"Sunday","(41.878723, -87.63374)","orange"
"944326",40040,"Quincy/Wells","08/24/2012","W",7510,2012-08-24,8,"Aug",2012,24,"Friday","(41.878723, -87.63374)","orange"
"944960",40040,"Quincy/Wells","05/20/2014","W",8774,2014-05-20,5,"May",2014,20,"Tuesday","(41.878723, -87.63374)","orange"
"945148",40040,"Quincy/Wells","04/02/2009","W",7454,2009-04-02,4,"Apr",2009,2,"Thursday","(41.878723, -87.63374)","orange"
"945204",40040,"Quincy/Wells","03/19/2011","A",1910,2011-03-19,3,"Mar",2011,19,"Saturday","(41.878723, -87.63374)","orange"
"945258",40040,"Quincy/Wells","04/12/2014","A",1893,2014-04-12,4,"Apr",2014,12,"Saturday","(41.878723, -87.63374)","orange"
"945270",40040,"Quincy/Wells","04/27/2003","U",718,2003-04-27,4,"Apr",2003,27,"Sunday","(41.878723, -87.63374)","orange"
"945358",40040,"Quincy/Wells","08/13/2002","W",7759,2002-08-13,8,"Aug",2002,13,"Tuesday","(41.878723, -87.63374)","orange"
"945384",40040,"Quincy/Wells","06/26/2010","A",1859,2010-06-26,6,"Jun",2010,26,"Saturday","(41.878723, -87.63374)","orange"
"945605",40040,"Quincy/Wells","11/02/2006","W",7525,2006-11-02,11,"Nov",2006,2,"Thursday","(41.878723, -87.63374)","orange"
"945663",40040,"Quincy/Wells","12/27/2007","W",5394,2007-12-27,12,"Dec",2007,27,"Thursday","(41.878723, -87.63374)","orange"
"945796",40040,"Quincy/Wells","04/26/2001","W",8041,2001-04-26,4,"Apr",2001,26,"Thursday","(41.878723, -87.63374)","orange"
"946049",40040,"Quincy/Wells","11/01/2012","W",8431,2012-11-01,11,"Nov",2012,1,"Thursday","(41.878723, -87.63374)","orange"
"946152",40040,"Quincy/Wells","02/07/2016","U",941,2016-02-07,2,"Feb",2016,7,"Sunday","(41.878723, -87.63374)","orange"
"946230",40040,"Quincy/Wells","12/21/2016","W",6930,2016-12-21,12,"Dec",2016,21,"Wednesday","(41.878723, -87.63374)","orange"
"946337",40040,"Quincy/Wells","01/03/2017","W",8133,2017-01-03,1,"Jan",2017,3,"Tuesday","(41.878723, -87.63374)","orange"
"946582",40040,"Quincy/Wells","06/13/2011","W",8546,2011-06-13,6,"Jun",2011,13,"Monday","(41.878723, -87.63374)","orange"
"946622",40040,"Quincy/Wells","05/22/2008","W",7191,2008-05-22,5,"May",2008,22,"Thursday","(41.878723, -87.63374)","orange"
"946832",40040,"Quincy/Wells","01/21/2006","A",1106,2006-01-21,1,"Jan",2006,21,"Saturday","(41.878723, -87.63374)","orange"
"947197",40040,"Quincy/Wells","12/17/2001","W",7280,2001-12-17,12,"Dec",2001,17,"Monday","(41.878723, -87.63374)","orange"
"947264",40040,"Quincy/Wells","05/04/2017","W",8513,2017-05-04,5,"May",2017,4,"Thursday","(41.878723, -87.63374)","orange"
"947631",40040,"Quincy/Wells","08/14/2005","U",992,2005-08-14,8,"Aug",2005,14,"Sunday","(41.878723, -87.63374)","orange"
"947721",40040,"Quincy/Wells","07/30/2012","W",8881,2012-07-30,7,"Jul",2012,30,"Monday","(41.878723, -87.63374)","orange"
"947765",40040,"Quincy/Wells","02/26/2011","A",1443,2011-02-26,2,"Feb",2011,26,"Saturday","(41.878723, -87.63374)","orange"
"947870",40040,"Quincy/Wells","03/27/2014","W",8493,2014-03-27,3,"Mar",2014,27,"Thursday","(41.878723, -87.63374)","orange"
"948056",40040,"Quincy/Wells","08/21/2008","W",7547,2008-08-21,8,"Aug",2008,21,"Thursday","(41.878723, -87.63374)","orange"
"948193",40040,"Quincy/Wells","09/15/2013","U",1468,2013-09-15,9,"Sep",2013,15,"Sunday","(41.878723, -87.63374)","orange"
"948262",40040,"Quincy/Wells","03/23/2001","W",7637,2001-03-23,3,"Mar",2001,23,"Friday","(41.878723, -87.63374)","orange"
"948475",40040,"Quincy/Wells","05/17/2005","W",6518,2005-05-17,5,"May",2005,17,"Tuesday","(41.878723, -87.63374)","orange"
"948541",40040,"Quincy/Wells","10/25/2010","W",7514,2010-10-25,10,"Oct",2010,25,"Monday","(41.878723, -87.63374)","orange"
"948761",40040,"Quincy/Wells","01/10/2014","W",9045,2014-01-10,1,"Jan",2014,10,"Friday","(41.878723, -87.63374)","orange"
"948832",40040,"Quincy/Wells","06/21/2002","W",6924,2002-06-21,6,"Jun",2002,21,"Friday","(41.878723, -87.63374)","orange"
"948971",40040,"Quincy/Wells","01/10/2004","A",862,2004-01-10,1,"Jan",2004,10,"Saturday","(41.878723, -87.63374)","orange"
"949140",40040,"Quincy/Wells","08/30/2006","W",7478,2006-08-30,8,"Aug",2006,30,"Wednesday","(41.878723, -87.63374)","orange"
"949150",40040,"Quincy/Wells","10/13/2017","W",7730,2017-10-13,10,"Oct",2017,13,"Friday","(41.878723, -87.63374)","orange"
"949186",40040,"Quincy/Wells","07/29/2013","W",9063,2013-07-29,7,"Jul",2013,29,"Monday","(41.878723, -87.63374)","orange"
"949414",40040,"Quincy/Wells","10/27/2011","W",8671,2011-10-27,10,"Oct",2011,27,"Thursday","(41.878723, -87.63374)","orange"
"949433",40040,"Quincy/Wells","11/25/2006","A",1457,2006-11-25,11,"Nov",2006,25,"Saturday","(41.878723, -87.63374)","orange"
"949769",40040,"Quincy/Wells","09/25/2003","W",7031,2003-09-25,9,"Sep",2003,25,"Thursday","(41.878723, -87.63374)","orange"
"949935",40040,"Quincy/Wells","01/15/2016","W",7562,2016-01-15,1,"Jan",2016,15,"Friday","(41.878723, -87.63374)","orange"
"949948",40040,"Quincy/Wells","03/17/2008","W",7305,2008-03-17,3,"Mar",2008,17,"Monday","(41.878723, -87.63374)","orange"
"950005",40040,"Quincy/Wells","07/03/2004","A",1615,2004-07-03,7,"Jul",2004,3,"Saturday","(41.878723, -87.63374)","orange"
"950266",40040,"Quincy/Wells","10/27/2007","A",1855,2007-10-27,10,"Oct",2007,27,"Saturday","(41.878723, -87.63374)","orange"
"950337",40040,"Quincy/Wells","11/05/2014","W",8537,2014-11-05,11,"Nov",2014,5,"Wednesday","(41.878723, -87.63374)","orange"
"950593",40040,"Quincy/Wells","06/27/2015","A",2061,2015-06-27,6,"Jun",2015,27,"Saturday","(41.878723, -87.63374)","orange"
"950612",40040,"Quincy/Wells","04/26/2005","W",6647,2005-04-26,4,"Apr",2005,26,"Tuesday","(41.878723, -87.63374)","orange"
"950624",40040,"Quincy/Wells","05/02/2017","W",8627,2017-05-02,5,"May",2017,2,"Tuesday","(41.878723, -87.63374)","orange"
"950930",40040,"Quincy/Wells","04/12/2015","U",873,2015-04-12,4,"Apr",2015,12,"Sunday","(41.878723, -87.63374)","orange"
"951383",40040,"Quincy/Wells","10/17/2013","W",8992,2013-10-17,10,"Oct",2013,17,"Thursday","(41.878723, -87.63374)","orange"
"951410",40040,"Quincy/Wells","07/16/2012","W",8718,2012-07-16,7,"Jul",2012,16,"Monday","(41.878723, -87.63374)","orange"
"951622",40040,"Quincy/Wells","03/27/2015","W",7494,2015-03-27,3,"Mar",2015,27,"Friday","(41.878723, -87.63374)","orange"
"951697",40040,"Quincy/Wells","02/06/2004","W",6383,2004-02-06,2,"Feb",2004,6,"Friday","(41.878723, -87.63374)","orange"
"951750",40040,"Quincy/Wells","10/28/2006","A",1260,2006-10-28,10,"Oct",2006,28,"Saturday","(41.878723, -87.63374)","orange"
"952034",40040,"Quincy/Wells","01/04/2012","W",8249,2012-01-04,1,"Jan",2012,4,"Wednesday","(41.878723, -87.63374)","orange"
"952040",40040,"Quincy/Wells","11/09/2016","W",8231,2016-11-09,11,"Nov",2016,9,"Wednesday","(41.878723, -87.63374)","orange"
"952104",40040,"Quincy/Wells","12/01/2010","W",7195,2010-12-01,12,"Dec",2010,1,"Wednesday","(41.878723, -87.63374)","orange"
"952125",40040,"Quincy/Wells","11/14/2010","U",1632,2010-11-14,11,"Nov",2010,14,"Sunday","(41.878723, -87.63374)","orange"
"952432",40040,"Quincy/Wells","07/20/2002","A",1294,2002-07-20,7,"Jul",2002,20,"Saturday","(41.878723, -87.63374)","orange"
"952556",40040,"Quincy/Wells","03/15/2007","W",7441,2007-03-15,3,"Mar",2007,15,"Thursday","(41.878723, -87.63374)","orange"
"953038",40040,"Quincy/Wells","12/18/2013","W",8168,2013-12-18,12,"Dec",2013,18,"Wednesday","(41.878723, -87.63374)","orange"
"953117",40040,"Quincy/Wells","10/31/2006","W",7478,2006-10-31,10,"Oct",2006,31,"Tuesday","(41.878723, -87.63374)","orange"
"953342",40040,"Quincy/Wells","10/01/2010","W",6932,2010-10-01,10,"Oct",2010,1,"Friday","(41.878723, -87.63374)","orange"
"953674",40040,"Quincy/Wells","04/04/2011","W",7792,2011-04-04,4,"Apr",2011,4,"Monday","(41.878723, -87.63374)","orange"
"953681",40040,"Quincy/Wells","09/16/2006","A",1624,2006-09-16,9,"Sep",2006,16,"Saturday","(41.878723, -87.63374)","orange"
"953815",40040,"Quincy/Wells","04/02/2003","W",7296,2003-04-02,4,"Apr",2003,2,"Wednesday","(41.878723, -87.63374)","orange"
"954040",40040,"Quincy/Wells","03/13/2015","W",7652,2015-03-13,3,"Mar",2015,13,"Friday","(41.878723, -87.63374)","orange"
"954123",40040,"Quincy/Wells","07/14/2005","W",7169,2005-07-14,7,"Jul",2005,14,"Thursday","(41.878723, -87.63374)","orange"
"954164",40040,"Quincy/Wells","09/24/2002","W",7711,2002-09-24,9,"Sep",2002,24,"Tuesday","(41.878723, -87.63374)","orange"
"954374",40040,"Quincy/Wells","01/28/2008","W",7101,2008-01-28,1,"Jan",2008,28,"Monday","(41.878723, -87.63374)","orange"
"954528",40040,"Quincy/Wells","03/04/2012","U",1401,2012-03-04,3,"Mar",2012,4,"Sunday","(41.878723, -87.63374)","orange"
"954692",40040,"Quincy/Wells","02/03/2016","W",8401,2016-02-03,2,"Feb",2016,3,"Wednesday","(41.878723, -87.63374)","orange"
"954807",40040,"Quincy/Wells","01/02/2016","A",1644,2016-01-02,1,"Jan",2016,2,"Saturday","(41.878723, -87.63374)","orange"
"954900",40040,"Quincy/Wells","03/29/2002","W",4877,2002-03-29,3,"Mar",2002,29,"Friday","(41.878723, -87.63374)","orange"
"954985",40040,"Quincy/Wells","12/05/2009","A",1647,2009-12-05,12,"Dec",2009,5,"Saturday","(41.878723, -87.63374)","orange"
"955168",40040,"Quincy/Wells","08/06/2001","W",8239,2001-08-06,8,"Aug",2001,6,"Monday","(41.878723, -87.63374)","orange"
"955219",40040,"Quincy/Wells","10/12/2006","W",7640,2006-10-12,10,"Oct",2006,12,"Thursday","(41.878723, -87.63374)","orange"
"955335",40040,"Quincy/Wells","02/26/2013","W",8758,2013-02-26,2,"Feb",2013,26,"Tuesday","(41.878723, -87.63374)","orange"
"955491",40040,"Quincy/Wells","03/18/2010","W",7000,2010-03-18,3,"Mar",2010,18,"Thursday","(41.878723, -87.63374)","orange"
"955742",40040,"Quincy/Wells","12/10/2010","W",6510,2010-12-10,12,"Dec",2010,10,"Friday","(41.878723, -87.63374)","orange"
"955762",40040,"Quincy/Wells","12/10/2008","W",7110,2008-12-10,12,"Dec",2008,10,"Wednesday","(41.878723, -87.63374)","orange"
"955838",40040,"Quincy/Wells","08/01/2014","W",7643,2014-08-01,8,"Aug",2014,1,"Friday","(41.878723, -87.63374)","orange"
"955935",40040,"Quincy/Wells","07/21/2016","W",8436,2016-07-21,7,"Jul",2016,21,"Thursday","(41.878723, -87.63374)","orange"
"956129",40040,"Quincy/Wells","02/25/2006","A",1064,2006-02-25,2,"Feb",2006,25,"Saturday","(41.878723, -87.63374)","orange"
"956222",40040,"Quincy/Wells","08/25/2011","W",8242,2011-08-25,8,"Aug",2011,25,"Thursday","(41.878723, -87.63374)","orange"
"956383",40040,"Quincy/Wells","02/15/2015","U",1319,2015-02-15,2,"Feb",2015,15,"Sunday","(41.878723, -87.63374)","orange"
"956522",40040,"Quincy/Wells","10/17/2009","A",2168,2009-10-17,10,"Oct",2009,17,"Saturday","(41.878723, -87.63374)","orange"
"956599",40040,"Quincy/Wells","09/25/2012","W",8513,2012-09-25,9,"Sep",2012,25,"Tuesday","(41.878723, -87.63374)","orange"
"956701",40040,"Quincy/Wells","07/28/2007","A",1693,2007-07-28,7,"Jul",2007,28,"Saturday","(41.878723, -87.63374)","orange"
"956814",40040,"Quincy/Wells","03/17/2015","W",8496,2015-03-17,3,"Mar",2015,17,"Tuesday","(41.878723, -87.63374)","orange"
"957043",40040,"Quincy/Wells","09/09/2017","A",1661,2017-09-09,9,"Sep",2017,9,"Saturday","(41.878723, -87.63374)","orange"
"957375",40040,"Quincy/Wells","10/25/2008","A",2039,2008-10-25,10,"Oct",2008,25,"Saturday","(41.878723, -87.63374)","orange"
"957385",40040,"Quincy/Wells","10/04/2016","W",8385,2016-10-04,10,"Oct",2016,4,"Tuesday","(41.878723, -87.63374)","orange"
"957487",40040,"Quincy/Wells","07/20/2011","W",8571,2011-07-20,7,"Jul",2011,20,"Wednesday","(41.878723, -87.63374)","orange"
"957512",40040,"Quincy/Wells","10/14/2012","U",1722,2012-10-14,10,"Oct",2012,14,"Sunday","(41.878723, -87.63374)","orange"
"957662",40040,"Quincy/Wells","07/24/2007","W",6863,2007-07-24,7,"Jul",2007,24,"Tuesday","(41.878723, -87.63374)","orange"
"957720",40040,"Quincy/Wells","11/25/2013","W",8882,2013-11-25,11,"Nov",2013,25,"Monday","(41.878723, -87.63374)","orange"
"957739",40040,"Quincy/Wells","01/29/2010","W",6745,2010-01-29,1,"Jan",2010,29,"Friday","(41.878723, -87.63374)","orange"
"958003",40040,"Quincy/Wells","11/14/2007","W",7153,2007-11-14,11,"Nov",2007,14,"Wednesday","(41.878723, -87.63374)","orange"
"958030",40040,"Quincy/Wells","06/24/2015","W",8349,2015-06-24,6,"Jun",2015,24,"Wednesday","(41.878723, -87.63374)","orange"
"958037",40040,"Quincy/Wells","09/15/2007","A",1538,2007-09-15,9,"Sep",2007,15,"Saturday","(41.878723, -87.63374)","orange"
"958127",40040,"Quincy/Wells","03/20/2001","W",8085,2001-03-20,3,"Mar",2001,20,"Tuesday","(41.878723, -87.63374)","orange"
"958413",40040,"Quincy/Wells","01/18/2002","W",7339,2002-01-18,1,"Jan",2002,18,"Friday","(41.878723, -87.63374)","orange"
"958564",40040,"Quincy/Wells","11/02/2002","A",1056,2002-11-02,11,"Nov",2002,2,"Saturday","(41.878723, -87.63374)","orange"
"958850",40040,"Quincy/Wells","03/03/2010","W",7266,2010-03-03,3,"Mar",2010,3,"Wednesday","(41.878723, -87.63374)","orange"
"958862",40040,"Quincy/Wells","04/18/2011","W",7721,2011-04-18,4,"Apr",2011,18,"Monday","(41.878723, -87.63374)","orange"
"958868",40040,"Quincy/Wells","05/05/2009","W",7279,2009-05-05,5,"May",2009,5,"Tuesday","(41.878723, -87.63374)","orange"
"958898",40040,"Quincy/Wells","08/23/2013","W",7657,2013-08-23,8,"Aug",2013,23,"Friday","(41.878723, -87.63374)","orange"
"959515",40040,"Quincy/Wells","08/19/2001","U",867,2001-08-19,8,"Aug",2001,19,"Sunday","(41.878723, -87.63374)","orange"
"959725",40040,"Quincy/Wells","08/24/2008","U",1691,2008-08-24,8,"Aug",2008,24,"Sunday","(41.878723, -87.63374)","orange"
"959732",40040,"Quincy/Wells","01/30/2016","A",1365,2016-01-30,1,"Jan",2016,30,"Saturday","(41.878723, -87.63374)","orange"
"959905",40040,"Quincy/Wells","01/30/2008","W",6841,2008-01-30,1,"Jan",2008,30,"Wednesday","(41.878723, -87.63374)","orange"
"959934",40040,"Quincy/Wells","08/24/2010","W",7297,2010-08-24,8,"Aug",2010,24,"Tuesday","(41.878723, -87.63374)","orange"
"960148",40040,"Quincy/Wells","08/31/2008","U",1888,2008-08-31,8,"Aug",2008,31,"Sunday","(41.878723, -87.63374)","orange"
"960149",40040,"Quincy/Wells","03/24/2005","W",6300,2005-03-24,3,"Mar",2005,24,"Thursday","(41.878723, -87.63374)","orange"
"960269",40040,"Quincy/Wells","03/31/2002","U",621,2002-03-31,3,"Mar",2002,31,"Sunday","(41.878723, -87.63374)","orange"
"960627",40040,"Quincy/Wells","04/19/2001","W",7946,2001-04-19,4,"Apr",2001,19,"Thursday","(41.878723, -87.63374)","orange"
"960673",40040,"Quincy/Wells","12/15/2001","A",886,2001-12-15,12,"Dec",2001,15,"Saturday","(41.878723, -87.63374)","orange"
"960695",40040,"Quincy/Wells","09/21/2013","A",2105,2013-09-21,9,"Sep",2013,21,"Saturday","(41.878723, -87.63374)","orange"
"960899",40040,"Quincy/Wells","11/29/2002","W",2816,2002-11-29,11,"Nov",2002,29,"Friday","(41.878723, -87.63374)","orange"
"960912",40040,"Quincy/Wells","10/06/2011","W",8421,2011-10-06,10,"Oct",2011,6,"Thursday","(41.878723, -87.63374)","orange"
"961093",40040,"Quincy/Wells","07/20/2015","W",8502,2015-07-20,7,"Jul",2015,20,"Monday","(41.878723, -87.63374)","orange"
"961155",40040,"Quincy/Wells","02/18/2007","U",1002,2007-02-18,2,"Feb",2007,18,"Sunday","(41.878723, -87.63374)","orange"
"961285",40040,"Quincy/Wells","08/25/2015","W",8274,2015-08-25,8,"Aug",2015,25,"Tuesday","(41.878723, -87.63374)","orange"
"961549",40040,"Quincy/Wells","07/31/2004","A",1272,2004-07-31,7,"Jul",2004,31,"Saturday","(41.878723, -87.63374)","orange"
"961724",40040,"Quincy/Wells","03/18/2008","W",6999,2008-03-18,3,"Mar",2008,18,"Tuesday","(41.878723, -87.63374)","orange"
"961856",40040,"Quincy/Wells","12/11/2006","W",7226,2006-12-11,12,"Dec",2006,11,"Monday","(41.878723, -87.63374)","orange"
"961906",40040,"Quincy/Wells","04/25/2008","W",6743,2008-04-25,4,"Apr",2008,25,"Friday","(41.878723, -87.63374)","orange"
"961941",40040,"Quincy/Wells","12/08/2005","W",7842,2005-12-08,12,"Dec",2005,8,"Thursday","(41.878723, -87.63374)","orange"
"961984",40040,"Quincy/Wells","05/26/2014","U",1750,2014-05-26,5,"May",2014,26,"Monday","(41.878723, -87.63374)","orange"
"962373",40040,"Quincy/Wells","11/21/2008","W",6954,2008-11-21,11,"Nov",2008,21,"Friday","(41.878723, -87.63374)","orange"
"962573",40040,"Quincy/Wells","04/24/2009","W",6811,2009-04-24,4,"Apr",2009,24,"Friday","(41.878723, -87.63374)","orange"
"962726",40040,"Quincy/Wells","03/23/2008","U",1061,2008-03-23,3,"Mar",2008,23,"Sunday","(41.878723, -87.63374)","orange"
"962771",40040,"Quincy/Wells","01/13/2009","W",7732,2009-01-13,1,"Jan",2009,13,"Tuesday","(41.878723, -87.63374)","orange"
"962809",40040,"Quincy/Wells","02/25/2002","W",7754,2002-02-25,2,"Feb",2002,25,"Monday","(41.878723, -87.63374)","orange"
"962902",40040,"Quincy/Wells","05/18/2003","U",737,2003-05-18,5,"May",2003,18,"Sunday","(41.878723, -87.63374)","orange"
"963002",40040,"Quincy/Wells","01/14/2015","W",8368,2015-01-14,1,"Jan",2015,14,"Wednesday","(41.878723, -87.63374)","orange"
"963070",40040,"Quincy/Wells","08/01/2016","W",8921,2016-08-01,8,"Aug",2016,1,"Monday","(41.878723, -87.63374)","orange"
"963164",40040,"Quincy/Wells","07/19/2009","U",2030,2009-07-19,7,"Jul",2009,19,"Sunday","(41.878723, -87.63374)","orange"
"963200",40040,"Quincy/Wells","07/20/2014","U",1888,2014-07-20,7,"Jul",2014,20,"Sunday","(41.878723, -87.63374)","orange"
"963517",40040,"Quincy/Wells","04/07/2008","W",7268,2008-04-07,4,"Apr",2008,7,"Monday","(41.878723, -87.63374)","orange"
"963651",40040,"Quincy/Wells","07/15/2005","W",6541,2005-07-15,7,"Jul",2005,15,"Friday","(41.878723, -87.63374)","orange"
"963683",40040,"Quincy/Wells","02/19/2009","W",7481,2009-02-19,2,"Feb",2009,19,"Thursday","(41.878723, -87.63374)","orange"
"963717",40040,"Quincy/Wells","04/30/2009","W",7481,2009-04-30,4,"Apr",2009,30,"Thursday","(41.878723, -87.63374)","orange"
"964171",40040,"Quincy/Wells","12/27/2008","A",1174,2008-12-27,12,"Dec",2008,27,"Saturday","(41.878723, -87.63374)","orange"
"964348",40040,"Quincy/Wells","08/14/2011","U",1877,2011-08-14,8,"Aug",2011,14,"Sunday","(41.878723, -87.63374)","orange"
"964471",40040,"Quincy/Wells","01/15/2010","W",6706,2010-01-15,1,"Jan",2010,15,"Friday","(41.878723, -87.63374)","orange"
"964562",40040,"Quincy/Wells","03/03/2007","A",1344,2007-03-03,3,"Mar",2007,3,"Saturday","(41.878723, -87.63374)","orange"
"964587",40040,"Quincy/Wells","02/01/2005","W",6587,2005-02-01,2,"Feb",2005,1,"Tuesday","(41.878723, -87.63374)","orange"
"964595",40040,"Quincy/Wells","05/12/2013","U",1619,2013-05-12,5,"May",2013,12,"Sunday","(41.878723, -87.63374)","orange"
"964656",40040,"Quincy/Wells","11/18/2013","W",8569,2013-11-18,11,"Nov",2013,18,"Monday","(41.878723, -87.63374)","orange"
"964689",40040,"Quincy/Wells","11/19/2004","W",6406,2004-11-19,11,"Nov",2004,19,"Friday","(41.878723, -87.63374)","orange"
"964830",40040,"Quincy/Wells","12/06/2016","W",7983,2016-12-06,12,"Dec",2016,6,"Tuesday","(41.878723, -87.63374)","orange"
"964901",40040,"Quincy/Wells","03/02/2015","W",8264,2015-03-02,3,"Mar",2015,2,"Monday","(41.878723, -87.63374)","orange"
"965026",40040,"Quincy/Wells","06/28/2016","W",8670,2016-06-28,6,"Jun",2016,28,"Tuesday","(41.878723, -87.63374)","orange"
"965147",40040,"Quincy/Wells","02/06/2013","W",8518,2013-02-06,2,"Feb",2013,6,"Wednesday","(41.878723, -87.63374)","orange"
"965226",40040,"Quincy/Wells","09/08/2004","W",6797,2004-09-08,9,"Sep",2004,8,"Wednesday","(41.878723, -87.63374)","orange"
"965228",40040,"Quincy/Wells","11/08/2011","W",8607,2011-11-08,11,"Nov",2011,8,"Tuesday","(41.878723, -87.63374)","orange"
"965418",40040,"Quincy/Wells","07/06/2015","W",8325,2015-07-06,7,"Jul",2015,6,"Monday","(41.878723, -87.63374)","orange"
"965657",40040,"Quincy/Wells","07/24/2017","W",9077,2017-07-24,7,"Jul",2017,24,"Monday","(41.878723, -87.63374)","orange"
"965812",40040,"Quincy/Wells","12/12/2011","W",7902,2011-12-12,12,"Dec",2011,12,"Monday","(41.878723, -87.63374)","orange"
"965855",40040,"Quincy/Wells","02/20/2006","W",4116,2006-02-20,2,"Feb",2006,20,"Monday","(41.878723, -87.63374)","orange"
"965902",40040,"Quincy/Wells","01/14/2014","W",8736,2014-01-14,1,"Jan",2014,14,"Tuesday","(41.878723, -87.63374)","orange"
"966089",40040,"Quincy/Wells","09/17/2009","W",7654,2009-09-17,9,"Sep",2009,17,"Thursday","(41.878723, -87.63374)","orange"
"966114",40040,"Quincy/Wells","10/15/2005","A",1506,2005-10-15,10,"Oct",2005,15,"Saturday","(41.878723, -87.63374)","orange"
"966188",40040,"Quincy/Wells","01/27/2014","W",6057,2014-01-27,1,"Jan",2014,27,"Monday","(41.878723, -87.63374)","orange"
"966412",40040,"Quincy/Wells","10/19/2005","W",7060,2005-10-19,10,"Oct",2005,19,"Wednesday","(41.878723, -87.63374)","orange"
"966677",40040,"Quincy/Wells","12/06/2003","A",945,2003-12-06,12,"Dec",2003,6,"Saturday","(41.878723, -87.63374)","orange"
"966954",40040,"Quincy/Wells","11/28/2012","W",8413,2012-11-28,11,"Nov",2012,28,"Wednesday","(41.878723, -87.63374)","orange"
"966955",40040,"Quincy/Wells","09/17/2017","U",1532,2017-09-17,9,"Sep",2017,17,"Sunday","(41.878723, -87.63374)","orange"
"967002",40040,"Quincy/Wells","01/24/2002","W",7771,2002-01-24,1,"Jan",2002,24,"Thursday","(41.878723, -87.63374)","orange"
"967399",40040,"Quincy/Wells","08/15/2008","W",7060,2008-08-15,8,"Aug",2008,15,"Friday","(41.878723, -87.63374)","orange"
"967413",40040,"Quincy/Wells","06/10/2005","W",6525,2005-06-10,6,"Jun",2005,10,"Friday","(41.878723, -87.63374)","orange"
"967496",40040,"Quincy/Wells","07/26/2012","W",8555,2012-07-26,7,"Jul",2012,26,"Thursday","(41.878723, -87.63374)","orange"
"967961",40040,"Quincy/Wells","01/16/2011","U",1194,2011-01-16,1,"Jan",2011,16,"Sunday","(41.878723, -87.63374)","orange"
"968032",40040,"Quincy/Wells","08/11/2005","W",6692,2005-08-11,8,"Aug",2005,11,"Thursday","(41.878723, -87.63374)","orange"
"968131",40040,"Quincy/Wells","10/26/2015","W",8463,2015-10-26,10,"Oct",2015,26,"Monday","(41.878723, -87.63374)","orange"
"968312",40040,"Quincy/Wells","12/17/2011","A",1594,2011-12-17,12,"Dec",2011,17,"Saturday","(41.878723, -87.63374)","orange"
"968375",40040,"Quincy/Wells","05/09/2009","A",1582,2009-05-09,5,"May",2009,9,"Saturday","(41.878723, -87.63374)","orange"
"968376",40040,"Quincy/Wells","09/12/2011","W",8319,2011-09-12,9,"Sep",2011,12,"Monday","(41.878723, -87.63374)","orange"
"968403",40040,"Quincy/Wells","11/29/2005","W",6884,2005-11-29,11,"Nov",2005,29,"Tuesday","(41.878723, -87.63374)","orange"
"968697",40040,"Quincy/Wells","03/09/2006","W",6781,2006-03-09,3,"Mar",2006,9,"Thursday","(41.878723, -87.63374)","orange"
"968746",40040,"Quincy/Wells","07/07/2015","W",8544,2015-07-07,7,"Jul",2015,7,"Tuesday","(41.878723, -87.63374)","orange"
"968825",40040,"Quincy/Wells","01/22/2014","W",8844,2014-01-22,1,"Jan",2014,22,"Wednesday","(41.878723, -87.63374)","orange"
"968919",40040,"Quincy/Wells","03/08/2005","W",6566,2005-03-08,3,"Mar",2005,8,"Tuesday","(41.878723, -87.63374)","orange"
"968990",40040,"Quincy/Wells","07/15/2016","W",7784,2016-07-15,7,"Jul",2016,15,"Friday","(41.878723, -87.63374)","orange"
"969048",40040,"Quincy/Wells","03/31/2008","W",7078,2008-03-31,3,"Mar",2008,31,"Monday","(41.878723, -87.63374)","orange"
"969115",40040,"Quincy/Wells","10/18/2003","A",1311,2003-10-18,10,"Oct",2003,18,"Saturday","(41.878723, -87.63374)","orange"
"969257",40040,"Quincy/Wells","05/16/2002","W",7685,2002-05-16,5,"May",2002,16,"Thursday","(41.878723, -87.63374)","orange"
"969346",40040,"Quincy/Wells","09/22/2006","W",7178,2006-09-22,9,"Sep",2006,22,"Friday","(41.878723, -87.63374)","orange"
"969827",40040,"Quincy/Wells","12/06/2012","W",8131,2012-12-06,12,"Dec",2012,6,"Thursday","(41.878723, -87.63374)","orange"
"969975",40040,"Quincy/Wells","11/26/2003","W",5707,2003-11-26,11,"Nov",2003,26,"Wednesday","(41.878723, -87.63374)","orange"
"970001",40040,"Quincy/Wells","09/07/2007","W",7137,2007-09-07,9,"Sep",2007,7,"Friday","(41.878723, -87.63374)","orange"
"970059",40040,"Quincy/Wells","04/29/2004","W",6665,2004-04-29,4,"Apr",2004,29,"Thursday","(41.878723, -87.63374)","orange"
"970660",40040,"Quincy/Wells","02/24/2004","W",6556,2004-02-24,2,"Feb",2004,24,"Tuesday","(41.878723, -87.63374)","orange"
"970898",40040,"Quincy/Wells","03/26/2010","W",6950,2010-03-26,3,"Mar",2010,26,"Friday","(41.878723, -87.63374)","orange"
"970907",40040,"Quincy/Wells","04/14/2005","W",6385,2005-04-14,4,"Apr",2005,14,"Thursday","(41.878723, -87.63374)","orange"
"970908",40040,"Quincy/Wells","09/13/2009","U",1779,2009-09-13,9,"Sep",2009,13,"Sunday","(41.878723, -87.63374)","orange"
"970985",40040,"Quincy/Wells","11/20/2017","W",8438,2017-11-20,11,"Nov",2017,20,"Monday","(41.878723, -87.63374)","orange"
"971227",40040,"Quincy/Wells","06/01/2016","W",8580,2016-06-01,6,"Jun",2016,1,"Wednesday","(41.878723, -87.63374)","orange"
"971347",40040,"Quincy/Wells","12/27/2003","A",822,2003-12-27,12,"Dec",2003,27,"Saturday","(41.878723, -87.63374)","orange"
"971493",40040,"Quincy/Wells","06/14/2016","W",9019,2016-06-14,6,"Jun",2016,14,"Tuesday","(41.878723, -87.63374)","orange"
"971595",40040,"Quincy/Wells","07/28/2005","W",6904,2005-07-28,7,"Jul",2005,28,"Thursday","(41.878723, -87.63374)","orange"
"971643",40040,"Quincy/Wells","03/06/2001","W",8198,2001-03-06,3,"Mar",2001,6,"Tuesday","(41.878723, -87.63374)","orange"
"971857",40040,"Quincy/Wells","01/17/2009","A",1311,2009-01-17,1,"Jan",2009,17,"Saturday","(41.878723, -87.63374)","orange"
"971907",40040,"Quincy/Wells","06/17/2009","W",7613,2009-06-17,6,"Jun",2009,17,"Wednesday","(41.878723, -87.63374)","orange"
"972085",40040,"Quincy/Wells","11/08/2001","W",7903,2001-11-08,11,"Nov",2001,8,"Thursday","(41.878723, -87.63374)","orange"
"972172",40040,"Quincy/Wells","08/22/2008","W",7062,2008-08-22,8,"Aug",2008,22,"Friday","(41.878723, -87.63374)","orange"
"972207",40040,"Quincy/Wells","06/26/2014","W",8625,2014-06-26,6,"Jun",2014,26,"Thursday","(41.878723, -87.63374)","orange"
"972525",40040,"Quincy/Wells","01/14/2001","U",414,2001-01-14,1,"Jan",2001,14,"Sunday","(41.878723, -87.63374)","orange"
"972816",40040,"Quincy/Wells","12/26/2015","A",1225,2015-12-26,12,"Dec",2015,26,"Saturday","(41.878723, -87.63374)","orange"
"972968",40040,"Quincy/Wells","05/16/2013","W",7982,2013-05-16,5,"May",2013,16,"Thursday","(41.878723, -87.63374)","orange"
"973059",40040,"Quincy/Wells","11/06/2012","W",8839,2012-11-06,11,"Nov",2012,6,"Tuesday","(41.878723, -87.63374)","orange"
"973189",40040,"Quincy/Wells","10/12/2002","A",1127,2002-10-12,10,"Oct",2002,12,"Saturday","(41.878723, -87.63374)","orange"
"973358",40040,"Quincy/Wells","10/18/2004","W",6585,2004-10-18,10,"Oct",2004,18,"Monday","(41.878723, -87.63374)","orange"
"973444",40040,"Quincy/Wells","07/01/2017","A",1831,2017-07-01,7,"Jul",2017,1,"Saturday","(41.878723, -87.63374)","orange"
"973527",40040,"Quincy/Wells","05/13/2005","W",6179,2005-05-13,5,"May",2005,13,"Friday","(41.878723, -87.63374)","orange"
"973551",40040,"Quincy/Wells","05/30/2001","W",8322,2001-05-30,5,"May",2001,30,"Wednesday","(41.878723, -87.63374)","orange"
"973650",40040,"Quincy/Wells","11/10/2002","U",863,2002-11-10,11,"Nov",2002,10,"Sunday","(41.878723, -87.63374)","orange"
"974220",40040,"Quincy/Wells","03/23/2015","W",8046,2015-03-23,3,"Mar",2015,23,"Monday","(41.878723, -87.63374)","orange"
"974269",40040,"Quincy/Wells","02/10/2017","W",7289,2017-02-10,2,"Feb",2017,10,"Friday","(41.878723, -87.63374)","orange"
"974318",40040,"Quincy/Wells","05/25/2008","U",1359,2008-05-25,5,"May",2008,25,"Sunday","(41.878723, -87.63374)","orange"
"974366",40040,"Quincy/Wells","06/16/2011","W",8094,2011-06-16,6,"Jun",2011,16,"Thursday","(41.878723, -87.63374)","orange"
"974542",40040,"Quincy/Wells","05/09/2017","W",8339,2017-05-09,5,"May",2017,9,"Tuesday","(41.878723, -87.63374)","orange"
"974724",40040,"Quincy/Wells","08/23/2011","W",8312,2011-08-23,8,"Aug",2011,23,"Tuesday","(41.878723, -87.63374)","orange"
"975332",40040,"Quincy/Wells","05/26/2001","A",963,2001-05-26,5,"May",2001,26,"Saturday","(41.878723, -87.63374)","orange"
"975483",40040,"Quincy/Wells","09/22/2011","W",8388,2011-09-22,9,"Sep",2011,22,"Thursday","(41.878723, -87.63374)","orange"
"975497",40040,"Quincy/Wells","11/27/2009","W",2750,2009-11-27,11,"Nov",2009,27,"Friday","(41.878723, -87.63374)","orange"
"975668",40040,"Quincy/Wells","04/26/2008","A",1724,2008-04-26,4,"Apr",2008,26,"Saturday","(41.878723, -87.63374)","orange"
"975807",40040,"Quincy/Wells","02/24/2017","W",7321,2017-02-24,2,"Feb",2017,24,"Friday","(41.878723, -87.63374)","orange"
"975925",40040,"Quincy/Wells","12/28/2014","U",1558,2014-12-28,12,"Dec",2014,28,"Sunday","(41.878723, -87.63374)","orange"
"975948",40040,"Quincy/Wells","08/19/2015","W",8278,2015-08-19,8,"Aug",2015,19,"Wednesday","(41.878723, -87.63374)","orange"
"976293",40040,"Quincy/Wells","04/17/2016","U",1561,2016-04-17,4,"Apr",2016,17,"Sunday","(41.878723, -87.63374)","orange"
"976309",40040,"Quincy/Wells","03/10/2008","W",7047,2008-03-10,3,"Mar",2008,10,"Monday","(41.878723, -87.63374)","orange"
"976405",40040,"Quincy/Wells","06/11/2010","W",8075,2010-06-11,6,"Jun",2010,11,"Friday","(41.878723, -87.63374)","orange"
"976493",40040,"Quincy/Wells","03/18/2012","U",1644,2012-03-18,3,"Mar",2012,18,"Sunday","(41.878723, -87.63374)","orange"
"976696",40040,"Quincy/Wells","01/29/2007","W",7129,2007-01-29,1,"Jan",2007,29,"Monday","(41.878723, -87.63374)","orange"
"976709",40040,"Quincy/Wells","08/11/2003","W",7001,2003-08-11,8,"Aug",2003,11,"Monday","(41.878723, -87.63374)","orange"
"976733",40040,"Quincy/Wells","12/01/2001","A",996,2001-12-01,12,"Dec",2001,1,"Saturday","(41.878723, -87.63374)","orange"
"976982",40040,"Quincy/Wells","04/06/2007","W",5337,2007-04-06,4,"Apr",2007,6,"Friday","(41.878723, -87.63374)","orange"
"977014",40040,"Quincy/Wells","02/29/2008","W",6681,2008-02-29,2,"Feb",2008,29,"Friday","(41.878723, -87.63374)","orange"
"977397",40040,"Quincy/Wells","12/20/2011","W",7564,2011-12-20,12,"Dec",2011,20,"Tuesday","(41.878723, -87.63374)","orange"
"977478",40040,"Quincy/Wells","09/29/2001","A",1013,2001-09-29,9,"Sep",2001,29,"Saturday","(41.878723, -87.63374)","orange"
"977806",40040,"Quincy/Wells","04/21/2002","U",602,2002-04-21,4,"Apr",2002,21,"Sunday","(41.878723, -87.63374)","orange"
"977933",40040,"Quincy/Wells","06/21/2007","W",6946,2007-06-21,6,"Jun",2007,21,"Thursday","(41.878723, -87.63374)","orange"
"977994",40040,"Quincy/Wells","01/04/2001","W",8027,2001-01-04,1,"Jan",2001,4,"Thursday","(41.878723, -87.63374)","orange"
"978054",40040,"Quincy/Wells","03/05/2016","A",1452,2016-03-05,3,"Mar",2016,5,"Saturday","(41.878723, -87.63374)","orange"
"978152",40040,"Quincy/Wells","07/04/2011","U",1917,2011-07-04,7,"Jul",2011,4,"Monday","(41.878723, -87.63374)","orange"
"978200",40040,"Quincy/Wells","06/17/2013","W",8446,2013-06-17,6,"Jun",2013,17,"Monday","(41.878723, -87.63374)","orange"
"978237",40040,"Quincy/Wells","04/19/2005","W",6454,2005-04-19,4,"Apr",2005,19,"Tuesday","(41.878723, -87.63374)","orange"
"978347",40040,"Quincy/Wells","08/31/2015","W",8081,2015-08-31,8,"Aug",2015,31,"Monday","(41.878723, -87.63374)","orange"
"978371",40040,"Quincy/Wells","10/28/2017","A",1725,2017-10-28,10,"Oct",2017,28,"Saturday","(41.878723, -87.63374)","orange"
"978595",40040,"Quincy/Wells","04/07/2013","U",1356,2013-04-07,4,"Apr",2013,7,"Sunday","(41.878723, -87.63374)","orange"
"978624",40040,"Quincy/Wells","12/30/2002","W",5825,2002-12-30,12,"Dec",2002,30,"Monday","(41.878723, -87.63374)","orange"
"978739",40040,"Quincy/Wells","07/14/2001","A",1358,2001-07-14,7,"Jul",2001,14,"Saturday","(41.878723, -87.63374)","orange"
"978779",40040,"Quincy/Wells","01/05/2008","A",1246,2008-01-05,1,"Jan",2008,5,"Saturday","(41.878723, -87.63374)","orange"
"978853",40040,"Quincy/Wells","02/23/2006","W",6841,2006-02-23,2,"Feb",2006,23,"Thursday","(41.878723, -87.63374)","orange"
"978899",40040,"Quincy/Wells","03/18/2017","A",1625,2017-03-18,3,"Mar",2017,18,"Saturday","(41.878723, -87.63374)","orange"
"978943",40040,"Quincy/Wells","05/19/2005","W",6488,2005-05-19,5,"May",2005,19,"Thursday","(41.878723, -87.63374)","orange"
"979419",40040,"Quincy/Wells","09/20/2014","A",1898,2014-09-20,9,"Sep",2014,20,"Saturday","(41.878723, -87.63374)","orange"
"979644",40040,"Quincy/Wells","11/05/2011","A",2002,2011-11-05,11,"Nov",2011,5,"Saturday","(41.878723, -87.63374)","orange"
"979701",40040,"Quincy/Wells","04/20/2017","W",8029,2017-04-20,4,"Apr",2017,20,"Thursday","(41.878723, -87.63374)","orange"
"979983",40040,"Quincy/Wells","04/24/2010","A",1366,2010-04-24,4,"Apr",2010,24,"Saturday","(41.878723, -87.63374)","orange"
"980054",40040,"Quincy/Wells","02/24/2007","A",1296,2007-02-24,2,"Feb",2007,24,"Saturday","(41.878723, -87.63374)","orange"
"980078",40040,"Quincy/Wells","06/08/2008","U",1445,2008-06-08,6,"Jun",2008,8,"Sunday","(41.878723, -87.63374)","orange"
"980177",40040,"Quincy/Wells","05/26/2010","W",7309,2010-05-26,5,"May",2010,26,"Wednesday","(41.878723, -87.63374)","orange"
"980592",40040,"Quincy/Wells","08/02/2004","W",6762,2004-08-02,8,"Aug",2004,2,"Monday","(41.878723, -87.63374)","orange"
"980624",40040,"Quincy/Wells","12/30/2008","W",6243,2008-12-30,12,"Dec",2008,30,"Tuesday","(41.878723, -87.63374)","orange"
"980772",40040,"Quincy/Wells","01/27/2016","W",8359,2016-01-27,1,"Jan",2016,27,"Wednesday","(41.878723, -87.63374)","orange"
"980827",40040,"Quincy/Wells","03/30/2009","W",7586,2009-03-30,3,"Mar",2009,30,"Monday","(41.878723, -87.63374)","orange"
"981165",40040,"Quincy/Wells","01/22/2005","A",943,2005-01-22,1,"Jan",2005,22,"Saturday","(41.878723, -87.63374)","orange"
"981806",40040,"Quincy/Wells","01/10/2013","W",8652,2013-01-10,1,"Jan",2013,10,"Thursday","(41.878723, -87.63374)","orange"
"982317",40040,"Quincy/Wells","03/29/2011","W",7848,2011-03-29,3,"Mar",2011,29,"Tuesday","(41.878723, -87.63374)","orange"
"982465",40040,"Quincy/Wells","09/29/2002","U",979,2002-09-29,9,"Sep",2002,29,"Sunday","(41.878723, -87.63374)","orange"
"982576",40040,"Quincy/Wells","03/13/2012","W",8087,2012-03-13,3,"Mar",2012,13,"Tuesday","(41.878723, -87.63374)","orange"
"982677",40040,"Quincy/Wells","12/29/2014","W",6457,2014-12-29,12,"Dec",2014,29,"Monday","(41.878723, -87.63374)","orange"
"982717",40040,"Quincy/Wells","08/02/2013","W",8105,2013-08-02,8,"Aug",2013,2,"Friday","(41.878723, -87.63374)","orange"
"982850",40040,"Quincy/Wells","12/06/2011","W",8132,2011-12-06,12,"Dec",2011,6,"Tuesday","(41.878723, -87.63374)","orange"
"982995",40040,"Quincy/Wells","01/30/2006","W",6863,2006-01-30,1,"Jan",2006,30,"Monday","(41.878723, -87.63374)","orange"
"983029",40040,"Quincy/Wells","01/02/2005","U",562,2005-01-02,1,"Jan",2005,2,"Sunday","(41.878723, -87.63374)","orange"
"983359",40040,"Quincy/Wells","01/16/2014","W",8954,2014-01-16,1,"Jan",2014,16,"Thursday","(41.878723, -87.63374)","orange"
"983509",40040,"Quincy/Wells","10/10/2006","W",7841,2006-10-10,10,"Oct",2006,10,"Tuesday","(41.878723, -87.63374)","orange"
"983777",40040,"Quincy/Wells","01/31/2017","W",8167,2017-01-31,1,"Jan",2017,31,"Tuesday","(41.878723, -87.63374)","orange"
"983971",40040,"Quincy/Wells","11/22/2011","W",8415,2011-11-22,11,"Nov",2011,22,"Tuesday","(41.878723, -87.63374)","orange"
"984065",40040,"Quincy/Wells","06/08/2016","W",8540,2016-06-08,6,"Jun",2016,8,"Wednesday","(41.878723, -87.63374)","orange"
"984089",40040,"Quincy/Wells","08/02/2002","W",7025,2002-08-02,8,"Aug",2002,2,"Friday","(41.878723, -87.63374)","orange"
"984190",40040,"Quincy/Wells","05/23/2009","A",1703,2009-05-23,5,"May",2009,23,"Saturday","(41.878723, -87.63374)","orange"
"984433",40040,"Quincy/Wells","05/09/2014","W",7816,2014-05-09,5,"May",2014,9,"Friday","(41.878723, -87.63374)","orange"
"984530",40040,"Quincy/Wells","10/11/2017","W",8667,2017-10-11,10,"Oct",2017,11,"Wednesday","(41.878723, -87.63374)","orange"
"984580",40040,"Quincy/Wells","03/05/2011","A",1544,2011-03-05,3,"Mar",2011,5,"Saturday","(41.878723, -87.63374)","orange"
"984622",40040,"Quincy/Wells","04/22/2015","W",8025,2015-04-22,4,"Apr",2015,22,"Wednesday","(41.878723, -87.63374)","orange"
"984683",40040,"Quincy/Wells","07/10/2003","W",7207,2003-07-10,7,"Jul",2003,10,"Thursday","(41.878723, -87.63374)","orange"
"984687",40040,"Quincy/Wells","01/25/2010","W",7424,2010-01-25,1,"Jan",2010,25,"Monday","(41.878723, -87.63374)","orange"
"984691",40040,"Quincy/Wells","02/21/2004","A",1025,2004-02-21,2,"Feb",2004,21,"Saturday","(41.878723, -87.63374)","orange"
"984838",40040,"Quincy/Wells","12/13/2007","W",6640,2007-12-13,12,"Dec",2007,13,"Thursday","(41.878723, -87.63374)","orange"
"984891",40040,"Quincy/Wells","04/02/2005","A",1177,2005-04-02,4,"Apr",2005,2,"Saturday","(41.878723, -87.63374)","orange"
"985011",40040,"Quincy/Wells","08/06/2004","W",6108,2004-08-06,8,"Aug",2004,6,"Friday","(41.878723, -87.63374)","orange"
"985306",40040,"Quincy/Wells","08/30/2001","W",7915,2001-08-30,8,"Aug",2001,30,"Thursday","(41.878723, -87.63374)","orange"
"985332",40040,"Quincy/Wells","01/11/2015","U",910,2015-01-11,1,"Jan",2015,11,"Sunday","(41.878723, -87.63374)","orange"
"985804",40040,"Quincy/Wells","05/12/2017","W",7431,2017-05-12,5,"May",2017,12,"Friday","(41.878723, -87.63374)","orange"
"985985",40040,"Quincy/Wells","06/12/2009","W",7423,2009-06-12,6,"Jun",2009,12,"Friday","(41.878723, -87.63374)","orange"
"986259",40040,"Quincy/Wells","04/09/2013","W",7896,2013-04-09,4,"Apr",2013,9,"Tuesday","(41.878723, -87.63374)","orange"
"986477",40040,"Quincy/Wells","08/30/2005","W",6974,2005-08-30,8,"Aug",2005,30,"Tuesday","(41.878723, -87.63374)","orange"
"986580",40040,"Quincy/Wells","07/27/2013","A",2239,2013-07-27,7,"Jul",2013,27,"Saturday","(41.878723, -87.63374)","orange"
"986597",40040,"Quincy/Wells","04/03/2013","W",8177,2013-04-03,4,"Apr",2013,3,"Wednesday","(41.878723, -87.63374)","orange"
"986607",40040,"Quincy/Wells","06/28/2010","W",7568,2010-06-28,6,"Jun",2010,28,"Monday","(41.878723, -87.63374)","orange"
"986750",40040,"Quincy/Wells","09/04/2017","U",1626,2017-09-04,9,"Sep",2017,4,"Monday","(41.878723, -87.63374)","orange"
"986839",40040,"Quincy/Wells","04/03/2016","U",1434,2016-04-03,4,"Apr",2016,3,"Sunday","(41.878723, -87.63374)","orange"
"987149",40040,"Quincy/Wells","12/13/2010","W",6996,2010-12-13,12,"Dec",2010,13,"Monday","(41.878723, -87.63374)","orange"
"987169",40040,"Quincy/Wells","05/20/2016","W",7386,2016-05-20,5,"May",2016,20,"Friday","(41.878723, -87.63374)","orange"
"987319",40040,"Quincy/Wells","02/15/2007","W",7151,2007-02-15,2,"Feb",2007,15,"Thursday","(41.878723, -87.63374)","orange"
"987504",40040,"Quincy/Wells","10/22/2012","W",8870,2012-10-22,10,"Oct",2012,22,"Monday","(41.878723, -87.63374)","orange"
"987527",40040,"Quincy/Wells","02/14/2016","U",1183,2016-02-14,2,"Feb",2016,14,"Sunday","(41.878723, -87.63374)","orange"
"987640",40040,"Quincy/Wells","03/22/2015","U",1392,2015-03-22,3,"Mar",2015,22,"Sunday","(41.878723, -87.63374)","orange"
"987810",40040,"Quincy/Wells","11/09/2008","U",1843,2008-11-09,11,"Nov",2008,9,"Sunday","(41.878723, -87.63374)","orange"
"987948",40040,"Quincy/Wells","06/04/2013","W",8510,2013-06-04,6,"Jun",2013,4,"Tuesday","(41.878723, -87.63374)","orange"
"988037",40040,"Quincy/Wells","12/09/2009","W",7311,2009-12-09,12,"Dec",2009,9,"Wednesday","(41.878723, -87.63374)","orange"
"988216",40040,"Quincy/Wells","11/29/2017","W",8511,2017-11-29,11,"Nov",2017,29,"Wednesday","(41.878723, -87.63374)","orange"
"988226",40040,"Quincy/Wells","10/18/2007","W",7447,2007-10-18,10,"Oct",2007,18,"Thursday","(41.878723, -87.63374)","orange"
"988285",40040,"Quincy/Wells","05/29/2002","W",7690,2002-05-29,5,"May",2002,29,"Wednesday","(41.878723, -87.63374)","orange"
"988330",40040,"Quincy/Wells","12/07/2013","A",1722,2013-12-07,12,"Dec",2013,7,"Saturday","(41.878723, -87.63374)","orange"
"988345",40040,"Quincy/Wells","12/14/2014","U",1132,2014-12-14,12,"Dec",2014,14,"Sunday","(41.878723, -87.63374)","orange"
"988895",40040,"Quincy/Wells","06/11/2016","A",2103,2016-06-11,6,"Jun",2016,11,"Saturday","(41.878723, -87.63374)","orange"
"988978",40040,"Quincy/Wells","02/17/2015","W",8172,2015-02-17,2,"Feb",2015,17,"Tuesday","(41.878723, -87.63374)","orange"
"989015",40040,"Quincy/Wells","02/04/2010","W",7131,2010-02-04,2,"Feb",2010,4,"Thursday","(41.878723, -87.63374)","orange"
"989235",40040,"Quincy/Wells","09/25/2007","W",7197,2007-09-25,9,"Sep",2007,25,"Tuesday","(41.878723, -87.63374)","orange"
"989236",40040,"Quincy/Wells","05/22/2005","U",839,2005-05-22,5,"May",2005,22,"Sunday","(41.878723, -87.63374)","orange"
"989311",40040,"Quincy/Wells","09/02/2016","W",6285,2016-09-02,9,"Sep",2016,2,"Friday","(41.878723, -87.63374)","orange"
"989852",40040,"Quincy/Wells","10/27/2001","A",770,2001-10-27,10,"Oct",2001,27,"Saturday","(41.878723, -87.63374)","orange"
"989928",40040,"Quincy/Wells","07/02/2008","W",7677,2008-07-02,7,"Jul",2008,2,"Wednesday","(41.878723, -87.63374)","orange"
"989935",40040,"Quincy/Wells","09/16/2004","W",6527,2004-09-16,9,"Sep",2004,16,"Thursday","(41.878723, -87.63374)","orange"
"990078",40040,"Quincy/Wells","09/12/2009","A",2169,2009-09-12,9,"Sep",2009,12,"Saturday","(41.878723, -87.63374)","orange"
"990093",40040,"Quincy/Wells","08/10/2006","W",7275,2006-08-10,8,"Aug",2006,10,"Thursday","(41.878723, -87.63374)","orange"
"990208",40040,"Quincy/Wells","11/13/2017","W",8502,2017-11-13,11,"Nov",2017,13,"Monday","(41.878723, -87.63374)","orange"
"990391",40040,"Quincy/Wells","12/27/2015","U",1326,2015-12-27,12,"Dec",2015,27,"Sunday","(41.878723, -87.63374)","orange"
"990648",40040,"Quincy/Wells","10/07/2014","W",8806,2014-10-07,10,"Oct",2014,7,"Tuesday","(41.878723, -87.63374)","orange"
"990810",40040,"Quincy/Wells","06/22/2003","U",903,2003-06-22,6,"Jun",2003,22,"Sunday","(41.878723, -87.63374)","orange"
"990817",40040,"Quincy/Wells","06/15/2013","A",2021,2013-06-15,6,"Jun",2013,15,"Saturday","(41.878723, -87.63374)","orange"
"991017",40040,"Quincy/Wells","06/27/2016","W",8528,2016-06-27,6,"Jun",2016,27,"Monday","(41.878723, -87.63374)","orange"
"991260",40040,"Quincy/Wells","03/03/2002","U",671,2002-03-03,3,"Mar",2002,3,"Sunday","(41.878723, -87.63374)","orange"
"991376",40040,"Quincy/Wells","12/13/2002","W",6273,2002-12-13,12,"Dec",2002,13,"Friday","(41.878723, -87.63374)","orange"
"991381",40040,"Quincy/Wells","01/08/2009","W",7708,2009-01-08,1,"Jan",2009,8,"Thursday","(41.878723, -87.63374)","orange"
"991817",40040,"Quincy/Wells","10/08/2010","W",6939,2010-10-08,10,"Oct",2010,8,"Friday","(41.878723, -87.63374)","orange"
"991910",40040,"Quincy/Wells","11/14/2017","W",8499,2017-11-14,11,"Nov",2017,14,"Tuesday","(41.878723, -87.63374)","orange"
"991919",40040,"Quincy/Wells","04/21/2010","W",7019,2010-04-21,4,"Apr",2010,21,"Wednesday","(41.878723, -87.63374)","orange"
"991952",40040,"Quincy/Wells","10/17/2003","W",6821,2003-10-17,10,"Oct",2003,17,"Friday","(41.878723, -87.63374)","orange"
"991986",40040,"Quincy/Wells","05/28/2009","W",7824,2009-05-28,5,"May",2009,28,"Thursday","(41.878723, -87.63374)","orange"
"991987",40040,"Quincy/Wells","03/26/2012","W",8187,2012-03-26,3,"Mar",2012,26,"Monday","(41.878723, -87.63374)","orange"
"992149",40040,"Quincy/Wells","07/23/2005","A",1282,2005-07-23,7,"Jul",2005,23,"Saturday","(41.878723, -87.63374)","orange"
"992374",40040,"Quincy/Wells","02/20/2005","U",684,2005-02-20,2,"Feb",2005,20,"Sunday","(41.878723, -87.63374)","orange"
"992443",40040,"Quincy/Wells","01/07/2003","W",7553,2003-01-07,1,"Jan",2003,7,"Tuesday","(41.878723, -87.63374)","orange"
"992467",40040,"Quincy/Wells","03/01/2012","W",8146,2012-03-01,3,"Mar",2012,1,"Thursday","(41.878723, -87.63374)","orange"
"992483",40040,"Quincy/Wells","11/02/2007","W",6978,2007-11-02,11,"Nov",2007,2,"Friday","(41.878723, -87.63374)","orange"
"992521",40040,"Quincy/Wells","10/10/2004","U",1601,2004-10-10,10,"Oct",2004,10,"Sunday","(41.878723, -87.63374)","orange"
"992621",40040,"Quincy/Wells","06/11/2005","A",1347,2005-06-11,6,"Jun",2005,11,"Saturday","(41.878723, -87.63374)","orange"
"992741",40040,"Quincy/Wells","02/08/2015","U",1108,2015-02-08,2,"Feb",2015,8,"Sunday","(41.878723, -87.63374)","orange"
"992881",40040,"Quincy/Wells","10/13/2008","W",6612,2008-10-13,10,"Oct",2008,13,"Monday","(41.878723, -87.63374)","orange"
"992924",40040,"Quincy/Wells","04/03/2014","W",8383,2014-04-03,4,"Apr",2014,3,"Thursday","(41.878723, -87.63374)","orange"
"993480",40040,"Quincy/Wells","10/31/2017","W",8505,2017-10-31,10,"Oct",2017,31,"Tuesday","(41.878723, -87.63374)","orange"
"993906",40040,"Quincy/Wells","07/02/2014","W",8480,2014-07-02,7,"Jul",2014,2,"Wednesday","(41.878723, -87.63374)","orange"
"994061",40040,"Quincy/Wells","03/05/2013","W",2991,2013-03-05,3,"Mar",2013,5,"Tuesday","(41.878723, -87.63374)","orange"
"994302",40040,"Quincy/Wells","02/26/2016","W",7555,2016-02-26,2,"Feb",2016,26,"Friday","(41.878723, -87.63374)","orange"
"994345",40040,"Quincy/Wells","01/21/2016","W",8063,2016-01-21,1,"Jan",2016,21,"Thursday","(41.878723, -87.63374)","orange"
"994359",40040,"Quincy/Wells","08/27/2013","W",8588,2013-08-27,8,"Aug",2013,27,"Tuesday","(41.878723, -87.63374)","orange"
"994409",40040,"Quincy/Wells","01/24/2003","W",6727,2003-01-24,1,"Jan",2003,24,"Friday","(41.878723, -87.63374)","orange"
"994414",40040,"Quincy/Wells","01/08/2007","W",7382,2007-01-08,1,"Jan",2007,8,"Monday","(41.878723, -87.63374)","orange"
"994688",40040,"Quincy/Wells","07/17/2012","W",9014,2012-07-17,7,"Jul",2012,17,"Tuesday","(41.878723, -87.63374)","orange"
"994878",40040,"Quincy/Wells","04/06/2011","W",7887,2011-04-06,4,"Apr",2011,6,"Wednesday","(41.878723, -87.63374)","orange"
"994953",40040,"Quincy/Wells","03/02/2003","U",628,2003-03-02,3,"Mar",2003,2,"Sunday","(41.878723, -87.63374)","orange"
"994971",40040,"Quincy/Wells","10/24/2014","W",7675,2014-10-24,10,"Oct",2014,24,"Friday","(41.878723, -87.63374)","orange"
"995188",40040,"Quincy/Wells","04/05/2005","W",6435,2005-04-05,4,"Apr",2005,5,"Tuesday","(41.878723, -87.63374)","orange"
"995883",40040,"Quincy/Wells","12/07/2016","W",8180,2016-12-07,12,"Dec",2016,7,"Wednesday","(41.878723, -87.63374)","orange"
"995998",40040,"Quincy/Wells","02/24/2015","W",8015,2015-02-24,2,"Feb",2015,24,"Tuesday","(41.878723, -87.63374)","orange"
"996141",40040,"Quincy/Wells","07/06/2008","U",1670,2008-07-06,7,"Jul",2008,6,"Sunday","(41.878723, -87.63374)","orange"
"996206",40040,"Quincy/Wells","01/24/2013","W",8386,2013-01-24,1,"Jan",2013,24,"Thursday","(41.878723, -87.63374)","orange"
"996447",40040,"Quincy/Wells","08/11/2004","W",6858,2004-08-11,8,"Aug",2004,11,"Wednesday","(41.878723, -87.63374)","orange"
"996617",40040,"Quincy/Wells","10/11/2014","A",2334,2014-10-11,10,"Oct",2014,11,"Saturday","(41.878723, -87.63374)","orange"
"996682",40040,"Quincy/Wells","10/22/2007","W",7483,2007-10-22,10,"Oct",2007,22,"Monday","(41.878723, -87.63374)","orange"
"996814",40040,"Quincy/Wells","09/12/2014","W",8105,2014-09-12,9,"Sep",2014,12,"Friday","(41.878723, -87.63374)","orange"
"996874",40040,"Quincy/Wells","12/03/2012","W",8277,2012-12-03,12,"Dec",2012,3,"Monday","(41.878723, -87.63374)","orange"
"996949",40040,"Quincy/Wells","04/09/2008","W",7145,2008-04-09,4,"Apr",2008,9,"Wednesday","(41.878723, -87.63374)","orange"
"997299",40040,"Quincy/Wells","02/18/2014","W",8667,2014-02-18,2,"Feb",2014,18,"Tuesday","(41.878723, -87.63374)","orange"
"997502",40040,"Quincy/Wells","03/13/2011","U",1486,2011-03-13,3,"Mar",2011,13,"Sunday","(41.878723, -87.63374)","orange"
"997519",40040,"Quincy/Wells","08/23/2007","W",7075,2007-08-23,8,"Aug",2007,23,"Thursday","(41.878723, -87.63374)","orange"
"997779",40040,"Quincy/Wells","05/14/2016","A",1723,2016-05-14,5,"May",2016,14,"Saturday","(41.878723, -87.63374)","orange"
"997952",40040,"Quincy/Wells","06/23/2010","W",7378,2010-06-23,6,"Jun",2010,23,"Wednesday","(41.878723, -87.63374)","orange"
"998039",40040,"Quincy/Wells","09/03/2012","U",2217,2012-09-03,9,"Sep",2012,3,"Monday","(41.878723, -87.63374)","orange"
"998163",40040,"Quincy/Wells","01/22/2013","W",8065,2013-01-22,1,"Jan",2013,22,"Tuesday","(41.878723, -87.63374)","orange"
"998610",40040,"Quincy/Wells","02/27/2004","W",6217,2004-02-27,2,"Feb",2004,27,"Friday","(41.878723, -87.63374)","orange"
"998626",40040,"Quincy/Wells","01/01/2003","U",513,2003-01-01,1,"Jan",2003,1,"Wednesday","(41.878723, -87.63374)","orange"
"998845",40040,"Quincy/Wells","10/08/2001","W",6605,2001-10-08,10,"Oct",2001,8,"Monday","(41.878723, -87.63374)","orange"
"998949",40040,"Quincy/Wells","11/29/2009","U",1786,2009-11-29,11,"Nov",2009,29,"Sunday","(41.878723, -87.63374)","orange"
"998952",40040,"Quincy/Wells","07/27/2015","W",8651,2015-07-27,7,"Jul",2015,27,"Monday","(41.878723, -87.63374)","orange"
"998962",40040,"Quincy/Wells","07/09/2010","W",7045,2010-07-09,7,"Jul",2010,9,"Friday","(41.878723, -87.63374)","orange"
"998973",40040,"Quincy/Wells","11/09/2012","W",8237,2012-11-09,11,"Nov",2012,9,"Friday","(41.878723, -87.63374)","orange"
"999091",40040,"Quincy/Wells","01/14/2011","W",7123,2011-01-14,1,"Jan",2011,14,"Friday","(41.878723, -87.63374)","orange"
"999297",40040,"Quincy/Wells","11/29/2014","A",1915,2014-11-29,11,"Nov",2014,29,"Saturday","(41.878723, -87.63374)","orange"
"999318",40040,"Quincy/Wells","05/13/2006","A",1076,2006-05-13,5,"May",2006,13,"Saturday","(41.878723, -87.63374)","orange"
"999603",40040,"Quincy/Wells","02/20/2003","W",7081,2003-02-20,2,"Feb",2003,20,"Thursday","(41.878723, -87.63374)","orange"
"999646",40040,"Quincy/Wells","03/23/2003","U",715,2003-03-23,3,"Mar",2003,23,"Sunday","(41.878723, -87.63374)","orange"
"999782",40040,"Quincy/Wells","07/18/2011","W",8749,2011-07-18,7,"Jul",2011,18,"Monday","(41.878723, -87.63374)","orange"
"999799",40040,"Quincy/Wells","06/11/2009","W",7717,2009-06-11,6,"Jun",2009,11,"Thursday","(41.878723, -87.63374)","orange"
"999837",40040,"Quincy/Wells","01/04/2016","W",8662,2016-01-04,1,"Jan",2016,4,"Monday","(41.878723, -87.63374)","orange"
"1000147",40040,"Quincy/Wells","07/15/2004","W",6961,2004-07-15,7,"Jul",2004,15,"Thursday","(41.878723, -87.63374)","orange"
"1000310",40040,"Quincy/Wells","09/17/2013","W",8607,2013-09-17,9,"Sep",2013,17,"Tuesday","(41.878723, -87.63374)","orange"
"1000433",40040,"Quincy/Wells","10/11/2012","W",8693,2012-10-11,10,"Oct",2012,11,"Thursday","(41.878723, -87.63374)","orange"
"1000530",40040,"Quincy/Wells","03/29/2013","W",6044,2013-03-29,3,"Mar",2013,29,"Friday","(41.878723, -87.63374)","orange"
"1000544",40040,"Quincy/Wells","07/23/2008","W",7588,2008-07-23,7,"Jul",2008,23,"Wednesday","(41.878723, -87.63374)","orange"
"1000567",40040,"Quincy/Wells","12/30/2003","W",5733,2003-12-30,12,"Dec",2003,30,"Tuesday","(41.878723, -87.63374)","orange"
"1000980",40040,"Quincy/Wells","09/09/2001","U",720,2001-09-09,9,"Sep",2001,9,"Sunday","(41.878723, -87.63374)","orange"
"1001183",40040,"Quincy/Wells","07/25/2015","A",1615,2015-07-25,7,"Jul",2015,25,"Saturday","(41.878723, -87.63374)","orange"
"1001219",40040,"Quincy/Wells","06/21/2005","W",6917,2005-06-21,6,"Jun",2005,21,"Tuesday","(41.878723, -87.63374)","orange"
"1001247",40040,"Quincy/Wells","11/26/2006","U",1523,2006-11-26,11,"Nov",2006,26,"Sunday","(41.878723, -87.63374)","orange"
"1001285",40040,"Quincy/Wells","10/17/2008","W",7530,2008-10-17,10,"Oct",2008,17,"Friday","(41.878723, -87.63374)","orange"
"1001419",40040,"Quincy/Wells","08/09/2005","W",7055,2005-08-09,8,"Aug",2005,9,"Tuesday","(41.878723, -87.63374)","orange"
"1001483",40040,"Quincy/Wells","10/11/2011","W",8878,2011-10-11,10,"Oct",2011,11,"Tuesday","(41.878723, -87.63374)","orange"
"1001612",40040,"Quincy/Wells","08/25/2007","A",1693,2007-08-25,8,"Aug",2007,25,"Saturday","(41.878723, -87.63374)","orange"
"1001706",40040,"Quincy/Wells","11/08/2015","U",1652,2015-11-08,11,"Nov",2015,8,"Sunday","(41.878723, -87.63374)","orange"
"1002111",40040,"Quincy/Wells","06/02/2014","W",8631,2014-06-02,6,"Jun",2014,2,"Monday","(41.878723, -87.63374)","orange"
"1002137",40040,"Quincy/Wells","05/14/2012","W",8119,2012-05-14,5,"May",2012,14,"Monday","(41.878723, -87.63374)","orange"
"1002216",40040,"Quincy/Wells","07/08/2010","W",7581,2010-07-08,7,"Jul",2010,8,"Thursday","(41.878723, -87.63374)","orange"
"1002278",40040,"Quincy/Wells","06/18/2005","A",1269,2005-06-18,6,"Jun",2005,18,"Saturday","(41.878723, -87.63374)","orange"
"1002372",40040,"Quincy/Wells","02/12/2005","A",963,2005-02-12,2,"Feb",2005,12,"Saturday","(41.878723, -87.63374)","orange"
"1002449",40040,"Quincy/Wells","10/23/2006","W",7564,2006-10-23,10,"Oct",2006,23,"Monday","(41.878723, -87.63374)","orange"
"1002644",40040,"Quincy/Wells","06/01/2011","W",8018,2011-06-01,6,"Jun",2011,1,"Wednesday","(41.878723, -87.63374)","orange"
"1002893",40040,"Quincy/Wells","04/11/2003","W",6671,2003-04-11,4,"Apr",2003,11,"Friday","(41.878723, -87.63374)","orange"
"1003008",40040,"Quincy/Wells","09/07/2017","W",8442,2017-09-07,9,"Sep",2017,7,"Thursday","(41.878723, -87.63374)","orange"
"1003063",40040,"Quincy/Wells","03/16/2008","U",1450,2008-03-16,3,"Mar",2008,16,"Sunday","(41.878723, -87.63374)","orange"
"1003241",40040,"Quincy/Wells","05/05/2007","A",913,2007-05-05,5,"May",2007,5,"Saturday","(41.878723, -87.63374)","orange"
"1003427",40040,"Quincy/Wells","01/08/2004","W",6762,2004-01-08,1,"Jan",2004,8,"Thursday","(41.878723, -87.63374)","orange"
"1003607",40040,"Quincy/Wells","12/08/2008","W",7176,2008-12-08,12,"Dec",2008,8,"Monday","(41.878723, -87.63374)","orange"
"1003722",40040,"Quincy/Wells","06/18/2003","W",7280,2003-06-18,6,"Jun",2003,18,"Wednesday","(41.878723, -87.63374)","orange"
"1003917",40040,"Quincy/Wells","04/10/2014","W",8491,2014-04-10,4,"Apr",2014,10,"Thursday","(41.878723, -87.63374)","orange"
"1004300",40040,"Quincy/Wells","12/24/2014","W",2566,2014-12-24,12,"Dec",2014,24,"Wednesday","(41.878723, -87.63374)","orange"
"1004320",40040,"Quincy/Wells","03/02/2017","W",8132,2017-03-02,3,"Mar",2017,2,"Thursday","(41.878723, -87.63374)","orange"
"1004461",40040,"Quincy/Wells","07/26/2015","U",1282,2015-07-26,7,"Jul",2015,26,"Sunday","(41.878723, -87.63374)","orange"
"1004723",40040,"Quincy/Wells","10/22/2004","W",6272,2004-10-22,10,"Oct",2004,22,"Friday","(41.878723, -87.63374)","orange"
"1004817",40040,"Quincy/Wells","10/23/2007","W",7339,2007-10-23,10,"Oct",2007,23,"Tuesday","(41.878723, -87.63374)","orange"
"1004832",40040,"Quincy/Wells","07/31/2003","W",6921,2003-07-31,7,"Jul",2003,31,"Thursday","(41.878723, -87.63374)","orange"
"1004910",40040,"Quincy/Wells","02/11/2010","W",7127,2010-02-11,2,"Feb",2010,11,"Thursday","(41.878723, -87.63374)","orange"
"1005583",40040,"Quincy/Wells","11/25/2009","W",5635,2009-11-25,11,"Nov",2009,25,"Wednesday","(41.878723, -87.63374)","orange"
"1005938",40040,"Quincy/Wells","09/24/2013","W",8673,2013-09-24,9,"Sep",2013,24,"Tuesday","(41.878723, -87.63374)","orange"
"1006024",40040,"Quincy/Wells","02/08/2009","U",1127,2009-02-08,2,"Feb",2009,8,"Sunday","(41.878723, -87.63374)","orange"
"1006041",40040,"Quincy/Wells","07/24/2002","W",7802,2002-07-24,7,"Jul",2002,24,"Wednesday","(41.878723, -87.63374)","orange"
"1006212",40040,"Quincy/Wells","09/14/2016","W",8161,2016-09-14,9,"Sep",2016,14,"Wednesday","(41.878723, -87.63374)","orange"
"1006216",40040,"Quincy/Wells","11/29/2004","W",6574,2004-11-29,11,"Nov",2004,29,"Monday","(41.878723, -87.63374)","orange"
"1006345",40040,"Quincy/Wells","10/16/2014","W",8425,2014-10-16,10,"Oct",2014,16,"Thursday","(41.878723, -87.63374)","orange"
"1006535",40040,"Quincy/Wells","06/20/2015","A",1791,2015-06-20,6,"Jun",2015,20,"Saturday","(41.878723, -87.63374)","orange"
"1006770",40040,"Quincy/Wells","09/14/2005","W",7131,2005-09-14,9,"Sep",2005,14,"Wednesday","(41.878723, -87.63374)","orange"
"1006829",40040,"Quincy/Wells","05/02/2001","W",7993,2001-05-02,5,"May",2001,2,"Wednesday","(41.878723, -87.63374)","orange"
"1006964",40040,"Quincy/Wells","02/08/2005","W",6460,2005-02-08,2,"Feb",2005,8,"Tuesday","(41.878723, -87.63374)","orange"
"1007122",40040,"Quincy/Wells","04/25/2001","W",7983,2001-04-25,4,"Apr",2001,25,"Wednesday","(41.878723, -87.63374)","orange"
"1007186",40040,"Quincy/Wells","06/18/2007","W",7177,2007-06-18,6,"Jun",2007,18,"Monday","(41.878723, -87.63374)","orange"
"1007229",40040,"Quincy/Wells","11/15/2017","W",8180,2017-11-15,11,"Nov",2017,15,"Wednesday","(41.878723, -87.63374)","orange"
"1007310",40040,"Quincy/Wells","07/22/2015","W",8300,2015-07-22,7,"Jul",2015,22,"Wednesday","(41.878723, -87.63374)","orange"
"1007730",40040,"Quincy/Wells","09/16/2003","W",7213,2003-09-16,9,"Sep",2003,16,"Tuesday","(41.878723, -87.63374)","orange"
"1007892",40040,"Quincy/Wells","08/25/2005","W",6768,2005-08-25,8,"Aug",2005,25,"Thursday","(41.878723, -87.63374)","orange"
"1007931",40040,"Quincy/Wells","09/04/2006","U",1322,2006-09-04,9,"Sep",2006,4,"Monday","(41.878723, -87.63374)","orange"
"1007934",40040,"Quincy/Wells","02/24/2005","W",6376,2005-02-24,2,"Feb",2005,24,"Thursday","(41.878723, -87.63374)","orange"
"1008017",40040,"Quincy/Wells","05/25/2011","W",7952,2011-05-25,5,"May",2011,25,"Wednesday","(41.878723, -87.63374)","orange"
"1008086",40040,"Quincy/Wells","04/15/2008","W",7326,2008-04-15,4,"Apr",2008,15,"Tuesday","(41.878723, -87.63374)","orange"
"1008173",40040,"Quincy/Wells","02/25/2014","W",8593,2014-02-25,2,"Feb",2014,25,"Tuesday","(41.878723, -87.63374)","orange"
"1008363",40040,"Quincy/Wells","04/02/2004","W",6319,2004-04-02,4,"Apr",2004,2,"Friday","(41.878723, -87.63374)","orange"
"1008382",40040,"Quincy/Wells","09/23/2006","A",1229,2006-09-23,9,"Sep",2006,23,"Saturday","(41.878723, -87.63374)","orange"
"1008413",40040,"Quincy/Wells","05/25/2004","W",6736,2004-05-25,5,"May",2004,25,"Tuesday","(41.878723, -87.63374)","orange"
"1008543",40040,"Quincy/Wells","02/02/2001","W",7529,2001-02-02,2,"Feb",2001,2,"Friday","(41.878723, -87.63374)","orange"
"1008561",40040,"Quincy/Wells","11/07/2011","W",8742,2011-11-07,11,"Nov",2011,7,"Monday","(41.878723, -87.63374)","orange"
"1008582",40040,"Quincy/Wells","07/29/2007","U",1462,2007-07-29,7,"Jul",2007,29,"Sunday","(41.878723, -87.63374)","orange"
"1008689",40040,"Quincy/Wells","03/19/2012","W",8038,2012-03-19,3,"Mar",2012,19,"Monday","(41.878723, -87.63374)","orange"
"1008892",40040,"Quincy/Wells","07/08/2007","U",1429,2007-07-08,7,"Jul",2007,8,"Sunday","(41.878723, -87.63374)","orange"
"1009121",40040,"Quincy/Wells","08/28/2016","U",1302,2016-08-28,8,"Aug",2016,28,"Sunday","(41.878723, -87.63374)","orange"
"1009243",40040,"Quincy/Wells","02/19/2015","W",6750,2015-02-19,2,"Feb",2015,19,"Thursday","(41.878723, -87.63374)","orange"
"1009314",40040,"Quincy/Wells","12/29/2008","W",6125,2008-12-29,12,"Dec",2008,29,"Monday","(41.878723, -87.63374)","orange"
"1009756",40040,"Quincy/Wells","10/13/2010","W",7398,2010-10-13,10,"Oct",2010,13,"Wednesday","(41.878723, -87.63374)","orange"
"1009973",40040,"Quincy/Wells","04/24/2014","W",8681,2014-04-24,4,"Apr",2014,24,"Thursday","(41.878723, -87.63374)","orange"
"1010102",40040,"Quincy/Wells","12/29/2009","W",6122,2009-12-29,12,"Dec",2009,29,"Tuesday","(41.878723, -87.63374)","orange"
"1010170",40040,"Quincy/Wells","02/27/2001","W",8195,2001-02-27,2,"Feb",2001,27,"Tuesday","(41.878723, -87.63374)","orange"
"1010235",40040,"Quincy/Wells","09/27/2002","W",7099,2002-09-27,9,"Sep",2002,27,"Friday","(41.878723, -87.63374)","orange"
"1010237",40040,"Quincy/Wells","06/17/2005","W",6157,2005-06-17,6,"Jun",2005,17,"Friday","(41.878723, -87.63374)","orange"
"1010312",40040,"Quincy/Wells","08/04/2017","W",7891,2017-08-04,8,"Aug",2017,4,"Friday","(41.878723, -87.63374)","orange"
"1010468",40040,"Quincy/Wells","01/25/2017","W",8197,2017-01-25,1,"Jan",2017,25,"Wednesday","(41.878723, -87.63374)","orange"
"1010696",40040,"Quincy/Wells","04/25/2009","A",1412,2009-04-25,4,"Apr",2009,25,"Saturday","(41.878723, -87.63374)","orange"
"1010749",40040,"Quincy/Wells","03/06/2015","W",7596,2015-03-06,3,"Mar",2015,6,"Friday","(41.878723, -87.63374)","orange"
"1011246",40040,"Quincy/Wells","11/17/2016","W",7990,2016-11-17,11,"Nov",2016,17,"Thursday","(41.878723, -87.63374)","orange"
"1011332",40040,"Quincy/Wells","02/16/2017","W",8356,2017-02-16,2,"Feb",2017,16,"Thursday","(41.878723, -87.63374)","orange"
"1011367",40040,"Quincy/Wells","06/26/2002","W",8036,2002-06-26,6,"Jun",2002,26,"Wednesday","(41.878723, -87.63374)","orange"
"1012157",40040,"Quincy/Wells","01/13/2003","W",7356,2003-01-13,1,"Jan",2003,13,"Monday","(41.878723, -87.63374)","orange"
"1012220",40040,"Quincy/Wells","09/02/2002","U",858,2002-09-02,9,"Sep",2002,2,"Monday","(41.878723, -87.63374)","orange"
"1012456",40040,"Quincy/Wells","01/15/2011","A",1580,2011-01-15,1,"Jan",2011,15,"Saturday","(41.878723, -87.63374)","orange"
"1012462",40040,"Quincy/Wells","08/24/2011","W",8323,2011-08-24,8,"Aug",2011,24,"Wednesday","(41.878723, -87.63374)","orange"
"1012631",40040,"Quincy/Wells","01/28/2016","W",8148,2016-01-28,1,"Jan",2016,28,"Thursday","(41.878723, -87.63374)","orange"
"1012646",40040,"Quincy/Wells","12/07/2003","U",675,2003-12-07,12,"Dec",2003,7,"Sunday","(41.878723, -87.63374)","orange"
"1012906",40040,"Quincy/Wells","08/25/2004","W",6739,2004-08-25,8,"Aug",2004,25,"Wednesday","(41.878723, -87.63374)","orange"
"1012980",40040,"Quincy/Wells","06/02/2011","W",7833,2011-06-02,6,"Jun",2011,2,"Thursday","(41.878723, -87.63374)","orange"
"1013225",40040,"Quincy/Wells","11/06/2003","W",6953,2003-11-06,11,"Nov",2003,6,"Thursday","(41.878723, -87.63374)","orange"
"1013420",40040,"Quincy/Wells","05/14/2005","A",1151,2005-05-14,5,"May",2005,14,"Saturday","(41.878723, -87.63374)","orange"
"1013582",40040,"Quincy/Wells","03/08/2014","A",1907,2014-03-08,3,"Mar",2014,8,"Saturday","(41.878723, -87.63374)","orange"
"1013717",40040,"Quincy/Wells","05/08/2005","U",862,2005-05-08,5,"May",2005,8,"Sunday","(41.878723, -87.63374)","orange"
"1013731",40040,"Quincy/Wells","08/25/2006","W",6765,2006-08-25,8,"Aug",2006,25,"Friday","(41.878723, -87.63374)","orange"
"1013827",40040,"Quincy/Wells","06/03/2016","W",7899,2016-06-03,6,"Jun",2016,3,"Friday","(41.878723, -87.63374)","orange"
"1014021",40040,"Quincy/Wells","06/03/2013","W",8516,2013-06-03,6,"Jun",2013,3,"Monday","(41.878723, -87.63374)","orange"
"1014060",40040,"Quincy/Wells","02/13/2006","W",6616,2006-02-13,2,"Feb",2006,13,"Monday","(41.878723, -87.63374)","orange"
"1014351",40040,"Quincy/Wells","06/05/2017","W",8999,2017-06-05,6,"Jun",2017,5,"Monday","(41.878723, -87.63374)","orange"
"1014501",40040,"Quincy/Wells","08/03/2006","W",7610,2006-08-03,8,"Aug",2006,3,"Thursday","(41.878723, -87.63374)","orange"
"1014572",40040,"Quincy/Wells","07/24/2013","W",8623,2013-07-24,7,"Jul",2013,24,"Wednesday","(41.878723, -87.63374)","orange"
"1014749",40040,"Quincy/Wells","06/15/2011","W",8332,2011-06-15,6,"Jun",2011,15,"Wednesday","(41.878723, -87.63374)","orange"
"1014882",40040,"Quincy/Wells","10/26/2007","W",7137,2007-10-26,10,"Oct",2007,26,"Friday","(41.878723, -87.63374)","orange"
"1014921",40040,"Quincy/Wells","02/26/2004","W",6360,2004-02-26,2,"Feb",2004,26,"Thursday","(41.878723, -87.63374)","orange"
"1014987",40040,"Quincy/Wells","06/01/2008","U",1571,2008-06-01,6,"Jun",2008,1,"Sunday","(41.878723, -87.63374)","orange"
"1015050",40040,"Quincy/Wells","12/04/2009","W",6536,2009-12-04,12,"Dec",2009,4,"Friday","(41.878723, -87.63374)","orange"
"1015366",40040,"Quincy/Wells","02/17/2011","W",7447,2011-02-17,2,"Feb",2011,17,"Thursday","(41.878723, -87.63374)","orange"
"1015459",40040,"Quincy/Wells","04/11/2014","W",7723,2014-04-11,4,"Apr",2014,11,"Friday","(41.878723, -87.63374)","orange"
"1015606",40040,"Quincy/Wells","01/23/2017","W",8223,2017-01-23,1,"Jan",2017,23,"Monday","(41.878723, -87.63374)","orange"
"1015668",40040,"Quincy/Wells","03/13/2002","W",7871,2002-03-13,3,"Mar",2002,13,"Wednesday","(41.878723, -87.63374)","orange"
"1016100",40040,"Quincy/Wells","02/06/2001","W",8073,2001-02-06,2,"Feb",2001,6,"Tuesday","(41.878723, -87.63374)","orange"
"1016144",40040,"Quincy/Wells","11/02/2011","W",8451,2011-11-02,11,"Nov",2011,2,"Wednesday","(41.878723, -87.63374)","orange"
"1016195",40040,"Quincy/Wells","04/25/2012","W",8058,2012-04-25,4,"Apr",2012,25,"Wednesday","(41.878723, -87.63374)","orange"
"1016293",40040,"Quincy/Wells","04/17/2010","A",1750,2010-04-17,4,"Apr",2010,17,"Saturday","(41.878723, -87.63374)","orange"
"1016572",40040,"Quincy/Wells","04/04/2008","W",7025,2008-04-04,4,"Apr",2008,4,"Friday","(41.878723, -87.63374)","orange"
"1016715",40040,"Quincy/Wells","02/17/2009","W",7408,2009-02-17,2,"Feb",2009,17,"Tuesday","(41.878723, -87.63374)","orange"
"1016809",40040,"Quincy/Wells","12/28/2009","W",5287,2009-12-28,12,"Dec",2009,28,"Monday","(41.878723, -87.63374)","orange"
"1016817",40040,"Quincy/Wells","07/12/2010","W",7423,2010-07-12,7,"Jul",2010,12,"Monday","(41.878723, -87.63374)","orange"
"1017055",40040,"Quincy/Wells","05/23/2013","W",8258,2013-05-23,5,"May",2013,23,"Thursday","(41.878723, -87.63374)","orange"
"1017190",40040,"Quincy/Wells","07/28/2004","W",6750,2004-07-28,7,"Jul",2004,28,"Wednesday","(41.878723, -87.63374)","orange"
"1017582",40040,"Quincy/Wells","08/22/2011","W",8506,2011-08-22,8,"Aug",2011,22,"Monday","(41.878723, -87.63374)","orange"
"1017607",40040,"Quincy/Wells","02/02/2016","W",8642,2016-02-02,2,"Feb",2016,2,"Tuesday","(41.878723, -87.63374)","orange"
"1017616",40040,"Quincy/Wells","12/22/2008","W",5844,2008-12-22,12,"Dec",2008,22,"Monday","(41.878723, -87.63374)","orange"
"1017625",40040,"Quincy/Wells","06/13/2001","W",8535,2001-06-13,6,"Jun",2001,13,"Wednesday","(41.878723, -87.63374)","orange"
"1017806",40040,"Quincy/Wells","08/17/2002","A",1278,2002-08-17,8,"Aug",2002,17,"Saturday","(41.878723, -87.63374)","orange"
"1017929",40040,"Quincy/Wells","01/30/2011","U",1107,2011-01-30,1,"Jan",2011,30,"Sunday","(41.878723, -87.63374)","orange"
"1018149",40040,"Quincy/Wells","01/31/2003","W",6818,2003-01-31,1,"Jan",2003,31,"Friday","(41.878723, -87.63374)","orange"
"1018167",40040,"Quincy/Wells","04/28/2015","W",8102,2015-04-28,4,"Apr",2015,28,"Tuesday","(41.878723, -87.63374)","orange"
"1018394",40040,"Quincy/Wells","08/29/2007","W",7058,2007-08-29,8,"Aug",2007,29,"Wednesday","(41.878723, -87.63374)","orange"
"1018478",40040,"Quincy/Wells","07/27/2008","U",1770,2008-07-27,7,"Jul",2008,27,"Sunday","(41.878723, -87.63374)","orange"
"1018528",40040,"Quincy/Wells","03/10/2012","A",1950,2012-03-10,3,"Mar",2012,10,"Saturday","(41.878723, -87.63374)","orange"
"1018540",40040,"Quincy/Wells","03/30/2003","U",749,2003-03-30,3,"Mar",2003,30,"Sunday","(41.878723, -87.63374)","orange"
"1018644",40040,"Quincy/Wells","03/11/2011","W",7524,2011-03-11,3,"Mar",2011,11,"Friday","(41.878723, -87.63374)","orange"
"1018698",40040,"Quincy/Wells","07/04/2016","U",1641,2016-07-04,7,"Jul",2016,4,"Monday","(41.878723, -87.63374)","orange"
"1018952",40040,"Quincy/Wells","10/21/2017","A",1655,2017-10-21,10,"Oct",2017,21,"Saturday","(41.878723, -87.63374)","orange"
"1018974",40040,"Quincy/Wells","09/18/2001","W",7910,2001-09-18,9,"Sep",2001,18,"Tuesday","(41.878723, -87.63374)","orange"
"1019148",40040,"Quincy/Wells","11/27/2005","U",1076,2005-11-27,11,"Nov",2005,27,"Sunday","(41.878723, -87.63374)","orange"
"1019389",40040,"Quincy/Wells","11/07/2005","W",7149,2005-11-07,11,"Nov",2005,7,"Monday","(41.878723, -87.63374)","orange"
"1019455",40040,"Quincy/Wells","03/16/2006","W",6874,2006-03-16,3,"Mar",2006,16,"Thursday","(41.878723, -87.63374)","orange"
"1019477",40040,"Quincy/Wells","01/27/2007","A",1228,2007-01-27,1,"Jan",2007,27,"Saturday","(41.878723, -87.63374)","orange"
"1019539",40040,"Quincy/Wells","10/02/2012","W",8472,2012-10-02,10,"Oct",2012,2,"Tuesday","(41.878723, -87.63374)","orange"
"1019619",40040,"Quincy/Wells","12/26/2004","U",560,2004-12-26,12,"Dec",2004,26,"Sunday","(41.878723, -87.63374)","orange"
"1019665",40040,"Quincy/Wells","09/06/2011","W",8292,2011-09-06,9,"Sep",2011,6,"Tuesday","(41.878723, -87.63374)","orange"
"1019776",40040,"Quincy/Wells","12/17/2013","W",8227,2013-12-17,12,"Dec",2013,17,"Tuesday","(41.878723, -87.63374)","orange"
"1020215",40040,"Quincy/Wells","03/30/2011","W",7701,2011-03-30,3,"Mar",2011,30,"Wednesday","(41.878723, -87.63374)","orange"
"1020234",40040,"Quincy/Wells","09/13/2003","A",1196,2003-09-13,9,"Sep",2003,13,"Saturday","(41.878723, -87.63374)","orange"
"1020515",40040,"Quincy/Wells","05/14/2011","A",1657,2011-05-14,5,"May",2011,14,"Saturday","(41.878723, -87.63374)","orange"
"1020542",40040,"Quincy/Wells","05/10/2005","W",6553,2005-05-10,5,"May",2005,10,"Tuesday","(41.878723, -87.63374)","orange"
"1020547",40040,"Quincy/Wells","08/05/2015","W",8338,2015-08-05,8,"Aug",2015,5,"Wednesday","(41.878723, -87.63374)","orange"
"1020742",40040,"Quincy/Wells","06/19/2003","W",5054,2003-06-19,6,"Jun",2003,19,"Thursday","(41.878723, -87.63374)","orange"
"1021024",40040,"Quincy/Wells","08/22/2003","W",6114,2003-08-22,8,"Aug",2003,22,"Friday","(41.878723, -87.63374)","orange"
"1021081",40040,"Quincy/Wells","04/22/2008","W",7173,2008-04-22,4,"Apr",2008,22,"Tuesday","(41.878723, -87.63374)","orange"
"1021135",40040,"Quincy/Wells","09/13/2013","W",8026,2013-09-13,9,"Sep",2013,13,"Friday","(41.878723, -87.63374)","orange"
"1021168",40040,"Quincy/Wells","10/07/2009","W",7651,2009-10-07,10,"Oct",2009,7,"Wednesday","(41.878723, -87.63374)","orange"
"1021174",40040,"Quincy/Wells","10/02/2013","W",8292,2013-10-02,10,"Oct",2013,2,"Wednesday","(41.878723, -87.63374)","orange"
"1021550",40040,"Quincy/Wells","04/06/2008","U",1371,2008-04-06,4,"Apr",2008,6,"Sunday","(41.878723, -87.63374)","orange"
"1021812",40040,"Quincy/Wells","08/12/2001","U",844,2001-08-12,8,"Aug",2001,12,"Sunday","(41.878723, -87.63374)","orange"
"1021834",40040,"Quincy/Wells","09/25/2014","W",7911,2014-09-25,9,"Sep",2014,25,"Thursday","(41.878723, -87.63374)","orange"
"1021975",40040,"Quincy/Wells","04/13/2001","W",5686,2001-04-13,4,"Apr",2001,13,"Friday","(41.878723, -87.63374)","orange"
"1021997",40040,"Quincy/Wells","10/21/2012","U",1841,2012-10-21,10,"Oct",2012,21,"Sunday","(41.878723, -87.63374)","orange"
"1022005",40040,"Quincy/Wells","08/23/2010","W",7469,2010-08-23,8,"Aug",2010,23,"Monday","(41.878723, -87.63374)","orange"
"1022081",40040,"Quincy/Wells","07/31/2017","W",8832,2017-07-31,7,"Jul",2017,31,"Monday","(41.878723, -87.63374)","orange"
"1022164",40040,"Quincy/Wells","05/06/2011","W",7261,2011-05-06,5,"May",2011,6,"Friday","(41.878723, -87.63374)","orange"
"1022191",40040,"Quincy/Wells","04/28/2017","W",7412,2017-04-28,4,"Apr",2017,28,"Friday","(41.878723, -87.63374)","orange"
"1022405",40040,"Quincy/Wells","03/14/2016","W",8620,2016-03-14,3,"Mar",2016,14,"Monday","(41.878723, -87.63374)","orange"
"1022407",40040,"Quincy/Wells","06/15/2008","U",1246,2008-06-15,6,"Jun",2008,15,"Sunday","(41.878723, -87.63374)","orange"
"1022418",40040,"Quincy/Wells","03/09/2003","U",806,2003-03-09,3,"Mar",2003,9,"Sunday","(41.878723, -87.63374)","orange"
"1023396",40040,"Quincy/Wells","08/21/2005","U",1093,2005-08-21,8,"Aug",2005,21,"Sunday","(41.878723, -87.63374)","orange"
"1023527",40040,"Quincy/Wells","06/21/2004","W",6981,2004-06-21,6,"Jun",2004,21,"Monday","(41.878723, -87.63374)","orange"
"1023702",40040,"Quincy/Wells","11/23/2017","U",886,2017-11-23,11,"Nov",2017,23,"Thursday","(41.878723, -87.63374)","orange"
"1023790",40040,"Quincy/Wells","03/27/2016","U",1387,2016-03-27,3,"Mar",2016,27,"Sunday","(41.878723, -87.63374)","orange"
"1023976",40040,"Quincy/Wells","10/21/2005","W",6867,2005-10-21,10,"Oct",2005,21,"Friday","(41.878723, -87.63374)","orange"
"1024055",40040,"Quincy/Wells","09/10/2009","W",7563,2009-09-10,9,"Sep",2009,10,"Thursday","(41.878723, -87.63374)","orange"
"1024093",40040,"Quincy/Wells","01/26/2005","W",6657,2005-01-26,1,"Jan",2005,26,"Wednesday","(41.878723, -87.63374)","orange"
"1024338",40040,"Quincy/Wells","03/05/2012","W",7892,2012-03-05,3,"Mar",2012,5,"Monday","(41.878723, -87.63374)","orange"
"1024344",40040,"Quincy/Wells","12/15/2016","W",7169,2016-12-15,12,"Dec",2016,15,"Thursday","(41.878723, -87.63374)","orange"
"1024514",40040,"Quincy/Wells","02/08/2012","W",8165,2012-02-08,2,"Feb",2012,8,"Wednesday","(41.878723, -87.63374)","orange"
"1024675",40040,"Quincy/Wells","06/30/2002","U",1098,2002-06-30,6,"Jun",2002,30,"Sunday","(41.878723, -87.63374)","orange"
"1024746",40040,"Quincy/Wells","07/04/2006","U",1237,2006-07-04,7,"Jul",2006,4,"Tuesday","(41.878723, -87.63374)","orange"
"1024763",40040,"Quincy/Wells","12/05/2006","W",7316,2006-12-05,12,"Dec",2006,5,"Tuesday","(41.878723, -87.63374)","orange"
"1024799",40040,"Quincy/Wells","01/14/2013","W",8551,2013-01-14,1,"Jan",2013,14,"Monday","(41.878723, -87.63374)","orange"
"1025011",40040,"Quincy/Wells","07/12/2007","W",6921,2007-07-12,7,"Jul",2007,12,"Thursday","(41.878723, -87.63374)","orange"
"1025044",40040,"Quincy/Wells","11/10/2009","W",7165,2009-11-10,11,"Nov",2009,10,"Tuesday","(41.878723, -87.63374)","orange"
"1025086",40040,"Quincy/Wells","11/21/2017","W",7771,2017-11-21,11,"Nov",2017,21,"Tuesday","(41.878723, -87.63374)","orange"
"1025171",40040,"Quincy/Wells","06/30/2008","W",7694,2008-06-30,6,"Jun",2008,30,"Monday","(41.878723, -87.63374)","orange"
"1025424",40040,"Quincy/Wells","08/06/2005","A",1388,2005-08-06,8,"Aug",2005,6,"Saturday","(41.878723, -87.63374)","orange"
"1025581",40040,"Quincy/Wells","01/27/2005","W",6526,2005-01-27,1,"Jan",2005,27,"Thursday","(41.878723, -87.63374)","orange"
"1025690",40040,"Quincy/Wells","06/22/2011","W",8187,2011-06-22,6,"Jun",2011,22,"Wednesday","(41.878723, -87.63374)","orange"
"1025781",40040,"Quincy/Wells","08/13/2008","W",7580,2008-08-13,8,"Aug",2008,13,"Wednesday","(41.878723, -87.63374)","orange"
"1025800",40040,"Quincy/Wells","05/10/2017","W",8620,2017-05-10,5,"May",2017,10,"Wednesday","(41.878723, -87.63374)","orange"
"1025825",40040,"Quincy/Wells","07/13/2012","W",8449,2012-07-13,7,"Jul",2012,13,"Friday","(41.878723, -87.63374)","orange"
"1025846",40040,"Quincy/Wells","11/21/2007","W",6217,2007-11-21,11,"Nov",2007,21,"Wednesday","(41.878723, -87.63374)","orange"
"1025928",40040,"Quincy/Wells","04/10/2012","W",8345,2012-04-10,4,"Apr",2012,10,"Tuesday","(41.878723, -87.63374)","orange"
"1026096",40040,"Quincy/Wells","07/24/2011","U",1692,2011-07-24,7,"Jul",2011,24,"Sunday","(41.878723, -87.63374)","orange"
"1026313",40040,"Quincy/Wells","11/16/2010","W",7554,2010-11-16,11,"Nov",2010,16,"Tuesday","(41.878723, -87.63374)","orange"
"1026444",40040,"Quincy/Wells","10/28/2001","U",616,2001-10-28,10,"Oct",2001,28,"Sunday","(41.878723, -87.63374)","orange"
"1026700",40040,"Quincy/Wells","02/06/2007","W",7022,2007-02-06,2,"Feb",2007,6,"Tuesday","(41.878723, -87.63374)","orange"
"1026794",40040,"Quincy/Wells","10/04/2009","U",1745,2009-10-04,10,"Oct",2009,4,"Sunday","(41.878723, -87.63374)","orange"
"1026859",40040,"Quincy/Wells","01/07/2006","A",995,2006-01-07,1,"Jan",2006,7,"Saturday","(41.878723, -87.63374)","orange"
"1026861",40040,"Quincy/Wells","10/20/2004","W",6484,2004-10-20,10,"Oct",2004,20,"Wednesday","(41.878723, -87.63374)","orange"
"1026865",40040,"Quincy/Wells","11/22/2008","A",1579,2008-11-22,11,"Nov",2008,22,"Saturday","(41.878723, -87.63374)","orange"
"1027102",40040,"Quincy/Wells","09/28/2013","A",2005,2013-09-28,9,"Sep",2013,28,"Saturday","(41.878723, -87.63374)","orange"
"1027131",40040,"Quincy/Wells","12/27/2010","W",4904,2010-12-27,12,"Dec",2010,27,"Monday","(41.878723, -87.63374)","orange"
"1027161",40040,"Quincy/Wells","03/22/2012","W",7829,2012-03-22,3,"Mar",2012,22,"Thursday","(41.878723, -87.63374)","orange"
"1027271",40040,"Quincy/Wells","04/07/2015","W",7935,2015-04-07,4,"Apr",2015,7,"Tuesday","(41.878723, -87.63374)","orange"
"1027397",40040,"Quincy/Wells","07/27/2012","W",8233,2012-07-27,7,"Jul",2012,27,"Friday","(41.878723, -87.63374)","orange"
"1027437",40040,"Quincy/Wells","02/19/2006","U",774,2006-02-19,2,"Feb",2006,19,"Sunday","(41.878723, -87.63374)","orange"
"1027458",40040,"Quincy/Wells","10/05/2013","A",1754,2013-10-05,10,"Oct",2013,5,"Saturday","(41.878723, -87.63374)","orange"
"1027562",40040,"Quincy/Wells","06/22/2002","A",1163,2002-06-22,6,"Jun",2002,22,"Saturday","(41.878723, -87.63374)","orange"
"1027807",40040,"Quincy/Wells","12/18/2007","W",6581,2007-12-18,12,"Dec",2007,18,"Tuesday","(41.878723, -87.63374)","orange"
"1027842",40040,"Quincy/Wells","10/27/2004","W",6685,2004-10-27,10,"Oct",2004,27,"Wednesday","(41.878723, -87.63374)","orange"
"1027849",40040,"Quincy/Wells","03/28/2013","W",8018,2013-03-28,3,"Mar",2013,28,"Thursday","(41.878723, -87.63374)","orange"
"1027995",40040,"Quincy/Wells","05/07/2013","W",7864,2013-05-07,5,"May",2013,7,"Tuesday","(41.878723, -87.63374)","orange"
"1028039",40040,"Quincy/Wells","05/13/2009","W",7269,2009-05-13,5,"May",2009,13,"Wednesday","(41.878723, -87.63374)","orange"
"1028134",40040,"Quincy/Wells","10/01/2020","W",896,2020-10-01,10,"Oct",2020,1,"Thursday","(41.878723, -87.63374)","orange"
"1028135",40040,"Quincy/Wells","10/02/2020","W",899,2020-10-02,10,"Oct",2020,2,"Friday","(41.878723, -87.63374)","orange"
"1028136",40040,"Quincy/Wells","10/03/2020","A",390,2020-10-03,10,"Oct",2020,3,"Saturday","(41.878723, -87.63374)","orange"
"1028137",40040,"Quincy/Wells","10/04/2020","U",337,2020-10-04,10,"Oct",2020,4,"Sunday","(41.878723, -87.63374)","orange"
"1028138",40040,"Quincy/Wells","10/05/2020","W",870,2020-10-05,10,"Oct",2020,5,"Monday","(41.878723, -87.63374)","orange"
"1028139",40040,"Quincy/Wells","10/06/2020","W",903,2020-10-06,10,"Oct",2020,6,"Tuesday","(41.878723, -87.63374)","orange"
"1028140",40040,"Quincy/Wells","10/07/2020","W",883,2020-10-07,10,"Oct",2020,7,"Wednesday","(41.878723, -87.63374)","orange"
"1028141",40040,"Quincy/Wells","10/08/2020","W",952,2020-10-08,10,"Oct",2020,8,"Thursday","(41.878723, -87.63374)","orange"
"1028142",40040,"Quincy/Wells","10/09/2020","W",811,2020-10-09,10,"Oct",2020,9,"Friday","(41.878723, -87.63374)","orange"
"1028143",40040,"Quincy/Wells","10/10/2020","A",420,2020-10-10,10,"Oct",2020,10,"Saturday","(41.878723, -87.63374)","orange"
"1028144",40040,"Quincy/Wells","10/11/2020","U",338,2020-10-11,10,"Oct",2020,11,"Sunday","(41.878723, -87.63374)","orange"
"1028145",40040,"Quincy/Wells","10/12/2020","W",720,2020-10-12,10,"Oct",2020,12,"Monday","(41.878723, -87.63374)","orange"
"1028146",40040,"Quincy/Wells","10/13/2020","W",929,2020-10-13,10,"Oct",2020,13,"Tuesday","(41.878723, -87.63374)","orange"
"1028147",40040,"Quincy/Wells","10/14/2020","W",872,2020-10-14,10,"Oct",2020,14,"Wednesday","(41.878723, -87.63374)","orange"
"1028148",40040,"Quincy/Wells","10/15/2020","W",935,2020-10-15,10,"Oct",2020,15,"Thursday","(41.878723, -87.63374)","orange"
"1028149",40040,"Quincy/Wells","10/16/2020","W",819,2020-10-16,10,"Oct",2020,16,"Friday","(41.878723, -87.63374)","orange"
"1028150",40040,"Quincy/Wells","10/17/2020","A",413,2020-10-17,10,"Oct",2020,17,"Saturday","(41.878723, -87.63374)","orange"
"1028151",40040,"Quincy/Wells","10/18/2020","U",304,2020-10-18,10,"Oct",2020,18,"Sunday","(41.878723, -87.63374)","orange"
"1028152",40040,"Quincy/Wells","10/19/2020","W",852,2020-10-19,10,"Oct",2020,19,"Monday","(41.878723, -87.63374)","orange"
"1028153",40040,"Quincy/Wells","10/20/2020","W",819,2020-10-20,10,"Oct",2020,20,"Tuesday","(41.878723, -87.63374)","orange"
"1028154",40040,"Quincy/Wells","10/21/2020","W",889,2020-10-21,10,"Oct",2020,21,"Wednesday","(41.878723, -87.63374)","orange"
"1028155",40040,"Quincy/Wells","10/22/2020","W",864,2020-10-22,10,"Oct",2020,22,"Thursday","(41.878723, -87.63374)","orange"
"1028156",40040,"Quincy/Wells","10/23/2020","W",830,2020-10-23,10,"Oct",2020,23,"Friday","(41.878723, -87.63374)","orange"
"1028157",40040,"Quincy/Wells","10/24/2020","A",398,2020-10-24,10,"Oct",2020,24,"Saturday","(41.878723, -87.63374)","orange"
"1028158",40040,"Quincy/Wells","10/25/2020","U",317,2020-10-25,10,"Oct",2020,25,"Sunday","(41.878723, -87.63374)","orange"
"1028159",40040,"Quincy/Wells","10/26/2020","W",808,2020-10-26,10,"Oct",2020,26,"Monday","(41.878723, -87.63374)","orange"
"1028160",40040,"Quincy/Wells","10/27/2020","W",855,2020-10-27,10,"Oct",2020,27,"Tuesday","(41.878723, -87.63374)","orange"
"1028161",40040,"Quincy/Wells","10/28/2020","W",872,2020-10-28,10,"Oct",2020,28,"Wednesday","(41.878723, -87.63374)","orange"
"1028162",40040,"Quincy/Wells","10/29/2020","W",908,2020-10-29,10,"Oct",2020,29,"Thursday","(41.878723, -87.63374)","orange"
"1028163",40040,"Quincy/Wells","10/30/2020","W",821,2020-10-30,10,"Oct",2020,30,"Friday","(41.878723, -87.63374)","orange"
"1028164",40040,"Quincy/Wells","10/31/2020","A",325,2020-10-31,10,"Oct",2020,31,"Saturday","(41.878723, -87.63374)","orange"
"1032564",40040,"Quincy/Wells","11/01/2020","U",271,2020-11-01,11,"Nov",2020,1,"Sunday","(41.878723, -87.63374)","orange"
"1032565",40040,"Quincy/Wells","11/02/2020","W",816,2020-11-02,11,"Nov",2020,2,"Monday","(41.878723, -87.63374)","orange"
"1032566",40040,"Quincy/Wells","11/03/2020","W",710,2020-11-03,11,"Nov",2020,3,"Tuesday","(41.878723, -87.63374)","orange"
"1032567",40040,"Quincy/Wells","11/04/2020","W",676,2020-11-04,11,"Nov",2020,4,"Wednesday","(41.878723, -87.63374)","orange"
"1032568",40040,"Quincy/Wells","11/05/2020","W",800,2020-11-05,11,"Nov",2020,5,"Thursday","(41.878723, -87.63374)","orange"
"1032569",40040,"Quincy/Wells","11/06/2020","W",744,2020-11-06,11,"Nov",2020,6,"Friday","(41.878723, -87.63374)","orange"
"1032570",40040,"Quincy/Wells","11/07/2020","A",335,2020-11-07,11,"Nov",2020,7,"Saturday","(41.878723, -87.63374)","orange"
"1032571",40040,"Quincy/Wells","11/08/2020","U",316,2020-11-08,11,"Nov",2020,8,"Sunday","(41.878723, -87.63374)","orange"
"1032572",40040,"Quincy/Wells","11/09/2020","W",798,2020-11-09,11,"Nov",2020,9,"Monday","(41.878723, -87.63374)","orange"
"1032573",40040,"Quincy/Wells","11/10/2020","W",788,2020-11-10,11,"Nov",2020,10,"Tuesday","(41.878723, -87.63374)","orange"
"1032574",40040,"Quincy/Wells","11/11/2020","W",749,2020-11-11,11,"Nov",2020,11,"Wednesday","(41.878723, -87.63374)","orange"
"1032575",40040,"Quincy/Wells","11/12/2020","W",776,2020-11-12,11,"Nov",2020,12,"Thursday","(41.878723, -87.63374)","orange"
"1032576",40040,"Quincy/Wells","11/13/2020","W",724,2020-11-13,11,"Nov",2020,13,"Friday","(41.878723, -87.63374)","orange"
"1032577",40040,"Quincy/Wells","11/14/2020","A",257,2020-11-14,11,"Nov",2020,14,"Saturday","(41.878723, -87.63374)","orange"
"1032578",40040,"Quincy/Wells","11/15/2020","U",249,2020-11-15,11,"Nov",2020,15,"Sunday","(41.878723, -87.63374)","orange"
"1032579",40040,"Quincy/Wells","11/16/2020","W",724,2020-11-16,11,"Nov",2020,16,"Monday","(41.878723, -87.63374)","orange"
"1032580",40040,"Quincy/Wells","11/17/2020","W",689,2020-11-17,11,"Nov",2020,17,"Tuesday","(41.878723, -87.63374)","orange"
"1032581",40040,"Quincy/Wells","11/18/2020","W",717,2020-11-18,11,"Nov",2020,18,"Wednesday","(41.878723, -87.63374)","orange"
"1032582",40040,"Quincy/Wells","11/19/2020","W",711,2020-11-19,11,"Nov",2020,19,"Thursday","(41.878723, -87.63374)","orange"
"1032583",40040,"Quincy/Wells","11/20/2020","W",627,2020-11-20,11,"Nov",2020,20,"Friday","(41.878723, -87.63374)","orange"
"1032584",40040,"Quincy/Wells","11/21/2020","A",235,2020-11-21,11,"Nov",2020,21,"Saturday","(41.878723, -87.63374)","orange"
"1032585",40040,"Quincy/Wells","11/22/2020","U",163,2020-11-22,11,"Nov",2020,22,"Sunday","(41.878723, -87.63374)","orange"
"1032586",40040,"Quincy/Wells","11/23/2020","W",625,2020-11-23,11,"Nov",2020,23,"Monday","(41.878723, -87.63374)","orange"
"1032587",40040,"Quincy/Wells","11/24/2020","W",651,2020-11-24,11,"Nov",2020,24,"Tuesday","(41.878723, -87.63374)","orange"
"1032588",40040,"Quincy/Wells","11/25/2020","W",549,2020-11-25,11,"Nov",2020,25,"Wednesday","(41.878723, -87.63374)","orange"
"1032589",40040,"Quincy/Wells","11/26/2020","U",149,2020-11-26,11,"Nov",2020,26,"Thursday","(41.878723, -87.63374)","orange"
"1032590",40040,"Quincy/Wells","11/27/2020","W",326,2020-11-27,11,"Nov",2020,27,"Friday","(41.878723, -87.63374)","orange"
"1032591",40040,"Quincy/Wells","11/28/2020","A",221,2020-11-28,11,"Nov",2020,28,"Saturday","(41.878723, -87.63374)","orange"
"1032592",40040,"Quincy/Wells","11/29/2020","U",204,2020-11-29,11,"Nov",2020,29,"Sunday","(41.878723, -87.63374)","orange"
"1032593",40040,"Quincy/Wells","11/30/2020","W",649,2020-11-30,11,"Nov",2020,30,"Monday","(41.878723, -87.63374)","orange"
"1036857",40040,"Quincy/Wells","12/01/2020","W",667,2020-12-01,12,"Dec",2020,1,"Tuesday","(41.878723, -87.63374)","orange"
"1036858",40040,"Quincy/Wells","12/02/2020","W",698,2020-12-02,12,"Dec",2020,2,"Wednesday","(41.878723, -87.63374)","orange"
"1036859",40040,"Quincy/Wells","12/03/2020","W",698,2020-12-03,12,"Dec",2020,3,"Thursday","(41.878723, -87.63374)","orange"
"1036860",40040,"Quincy/Wells","12/04/2020","W",654,2020-12-04,12,"Dec",2020,4,"Friday","(41.878723, -87.63374)","orange"
"1036861",40040,"Quincy/Wells","12/05/2020","A",228,2020-12-05,12,"Dec",2020,5,"Saturday","(41.878723, -87.63374)","orange"
"1036862",40040,"Quincy/Wells","12/06/2020","U",148,2020-12-06,12,"Dec",2020,6,"Sunday","(41.878723, -87.63374)","orange"
"1036863",40040,"Quincy/Wells","12/07/2020","W",656,2020-12-07,12,"Dec",2020,7,"Monday","(41.878723, -87.63374)","orange"
"1036864",40040,"Quincy/Wells","12/08/2020","W",638,2020-12-08,12,"Dec",2020,8,"Tuesday","(41.878723, -87.63374)","orange"
"1036865",40040,"Quincy/Wells","12/09/2020","W",672,2020-12-09,12,"Dec",2020,9,"Wednesday","(41.878723, -87.63374)","orange"
"1036866",40040,"Quincy/Wells","12/10/2020","W",682,2020-12-10,12,"Dec",2020,10,"Thursday","(41.878723, -87.63374)","orange"
"1036867",40040,"Quincy/Wells","12/11/2020","W",609,2020-12-11,12,"Dec",2020,11,"Friday","(41.878723, -87.63374)","orange"
"1036868",40040,"Quincy/Wells","12/12/2020","A",238,2020-12-12,12,"Dec",2020,12,"Saturday","(41.878723, -87.63374)","orange"
"1036869",40040,"Quincy/Wells","12/13/2020","U",170,2020-12-13,12,"Dec",2020,13,"Sunday","(41.878723, -87.63374)","orange"
"1036870",40040,"Quincy/Wells","12/14/2020","W",671,2020-12-14,12,"Dec",2020,14,"Monday","(41.878723, -87.63374)","orange"
"1036871",40040,"Quincy/Wells","12/15/2020","W",672,2020-12-15,12,"Dec",2020,15,"Tuesday","(41.878723, -87.63374)","orange"
"1036872",40040,"Quincy/Wells","12/16/2020","W",663,2020-12-16,12,"Dec",2020,16,"Wednesday","(41.878723, -87.63374)","orange"
"1036873",40040,"Quincy/Wells","12/17/2020","W",676,2020-12-17,12,"Dec",2020,17,"Thursday","(41.878723, -87.63374)","orange"
"1036874",40040,"Quincy/Wells","12/18/2020","W",636,2020-12-18,12,"Dec",2020,18,"Friday","(41.878723, -87.63374)","orange"
"1036875",40040,"Quincy/Wells","12/19/2020","A",252,2020-12-19,12,"Dec",2020,19,"Saturday","(41.878723, -87.63374)","orange"
"1036876",40040,"Quincy/Wells","12/20/2020","U",175,2020-12-20,12,"Dec",2020,20,"Sunday","(41.878723, -87.63374)","orange"
"1036877",40040,"Quincy/Wells","12/21/2020","W",615,2020-12-21,12,"Dec",2020,21,"Monday","(41.878723, -87.63374)","orange"
"1036878",40040,"Quincy/Wells","12/22/2020","W",628,2020-12-22,12,"Dec",2020,22,"Tuesday","(41.878723, -87.63374)","orange"
"1036879",40040,"Quincy/Wells","12/23/2020","W",576,2020-12-23,12,"Dec",2020,23,"Wednesday","(41.878723, -87.63374)","orange"
"1036880",40040,"Quincy/Wells","12/24/2020","W",311,2020-12-24,12,"Dec",2020,24,"Thursday","(41.878723, -87.63374)","orange"
"1036881",40040,"Quincy/Wells","12/25/2020","U",90,2020-12-25,12,"Dec",2020,25,"Friday","(41.878723, -87.63374)","orange"
"1036882",40040,"Quincy/Wells","12/26/2020","A",190,2020-12-26,12,"Dec",2020,26,"Saturday","(41.878723, -87.63374)","orange"
"1036883",40040,"Quincy/Wells","12/27/2020","U",171,2020-12-27,12,"Dec",2020,27,"Sunday","(41.878723, -87.63374)","orange"
"1036884",40040,"Quincy/Wells","12/28/2020","W",599,2020-12-28,12,"Dec",2020,28,"Monday","(41.878723, -87.63374)","orange"
"1036885",40040,"Quincy/Wells","12/29/2020","W",644,2020-12-29,12,"Dec",2020,29,"Tuesday","(41.878723, -87.63374)","orange"
"1036886",40040,"Quincy/Wells","12/30/2020","W",593,2020-12-30,12,"Dec",2020,30,"Wednesday","(41.878723, -87.63374)","orange"
"1036887",40040,"Quincy/Wells","12/31/2020","W",509,2020-12-31,12,"Dec",2020,31,"Thursday","(41.878723, -87.63374)","orange"
"1041290",40040,"Quincy/Wells","01/01/2021","U",164,2021-01-01,1,"Jan",2021,1,"Friday","(41.878723, -87.63374)","orange"
"1041291",40040,"Quincy/Wells","01/02/2021","A",224,2021-01-02,1,"Jan",2021,2,"Saturday","(41.878723, -87.63374)","orange"
"1041292",40040,"Quincy/Wells","01/03/2021","U",195,2021-01-03,1,"Jan",2021,3,"Sunday","(41.878723, -87.63374)","orange"
"1041293",40040,"Quincy/Wells","01/04/2021","W",667,2021-01-04,1,"Jan",2021,4,"Monday","(41.878723, -87.63374)","orange"
"1041294",40040,"Quincy/Wells","01/05/2021","W",660,2021-01-05,1,"Jan",2021,5,"Tuesday","(41.878723, -87.63374)","orange"
"1041295",40040,"Quincy/Wells","01/06/2021","W",645,2021-01-06,1,"Jan",2021,6,"Wednesday","(41.878723, -87.63374)","orange"
"1041296",40040,"Quincy/Wells","01/07/2021","W",675,2021-01-07,1,"Jan",2021,7,"Thursday","(41.878723, -87.63374)","orange"
"1041297",40040,"Quincy/Wells","01/08/2021","W",630,2021-01-08,1,"Jan",2021,8,"Friday","(41.878723, -87.63374)","orange"
"1041298",40040,"Quincy/Wells","01/09/2021","A",240,2021-01-09,1,"Jan",2021,9,"Saturday","(41.878723, -87.63374)","orange"
"1041299",40040,"Quincy/Wells","01/10/2021","U",159,2021-01-10,1,"Jan",2021,10,"Sunday","(41.878723, -87.63374)","orange"
"1041300",40040,"Quincy/Wells","01/11/2021","W",671,2021-01-11,1,"Jan",2021,11,"Monday","(41.878723, -87.63374)","orange"
"1041301",40040,"Quincy/Wells","01/12/2021","W",712,2021-01-12,1,"Jan",2021,12,"Tuesday","(41.878723, -87.63374)","orange"
"1041302",40040,"Quincy/Wells","01/13/2021","W",689,2021-01-13,1,"Jan",2021,13,"Wednesday","(41.878723, -87.63374)","orange"
"1041303",40040,"Quincy/Wells","01/14/2021","W",692,2021-01-14,1,"Jan",2021,14,"Thursday","(41.878723, -87.63374)","orange"
"1041304",40040,"Quincy/Wells","01/15/2021","W",686,2021-01-15,1,"Jan",2021,15,"Friday","(41.878723, -87.63374)","orange"
"1041305",40040,"Quincy/Wells","01/16/2021","A",252,2021-01-16,1,"Jan",2021,16,"Saturday","(41.878723, -87.63374)","orange"
"1041306",40040,"Quincy/Wells","01/17/2021","U",183,2021-01-17,1,"Jan",2021,17,"Sunday","(41.878723, -87.63374)","orange"
"1041307",40040,"Quincy/Wells","01/18/2021","W",522,2021-01-18,1,"Jan",2021,18,"Monday","(41.878723, -87.63374)","orange"
"1041308",40040,"Quincy/Wells","01/19/2021","W",773,2021-01-19,1,"Jan",2021,19,"Tuesday","(41.878723, -87.63374)","orange"
"1041309",40040,"Quincy/Wells","01/20/2021","W",717,2021-01-20,1,"Jan",2021,20,"Wednesday","(41.878723, -87.63374)","orange"
"1041310",40040,"Quincy/Wells","01/21/2021","W",705,2021-01-21,1,"Jan",2021,21,"Thursday","(41.878723, -87.63374)","orange"
"1041311",40040,"Quincy/Wells","01/22/2021","W",680,2021-01-22,1,"Jan",2021,22,"Friday","(41.878723, -87.63374)","orange"
"1041312",40040,"Quincy/Wells","01/23/2021","A",265,2021-01-23,1,"Jan",2021,23,"Saturday","(41.878723, -87.63374)","orange"
"1041313",40040,"Quincy/Wells","01/24/2021","U",186,2021-01-24,1,"Jan",2021,24,"Sunday","(41.878723, -87.63374)","orange"
"1041314",40040,"Quincy/Wells","01/25/2021","W",754,2021-01-25,1,"Jan",2021,25,"Monday","(41.878723, -87.63374)","orange"
"1041315",40040,"Quincy/Wells","01/26/2021","W",685,2021-01-26,1,"Jan",2021,26,"Tuesday","(41.878723, -87.63374)","orange"
"1041316",40040,"Quincy/Wells","01/27/2021","W",774,2021-01-27,1,"Jan",2021,27,"Wednesday","(41.878723, -87.63374)","orange"
"1041317",40040,"Quincy/Wells","01/28/2021","W",759,2021-01-28,1,"Jan",2021,28,"Thursday","(41.878723, -87.63374)","orange"
"1041318",40040,"Quincy/Wells","01/29/2021","W",718,2021-01-29,1,"Jan",2021,29,"Friday","(41.878723, -87.63374)","orange"
"1041319",40040,"Quincy/Wells","01/30/2021","A",253,2021-01-30,1,"Jan",2021,30,"Saturday","(41.878723, -87.63374)","orange"
"1041320",40040,"Quincy/Wells","01/31/2021","U",204,2021-01-31,1,"Jan",2021,31,"Sunday","(41.878723, -87.63374)","orange"
"1045646",40040,"Quincy/Wells","02/13/2021","A",298,2021-02-13,2,"Feb",2021,13,"Saturday","(41.878723, -87.63374)","orange"
"1045715",40040,"Quincy/Wells","02/01/2021","W",786,2021-02-01,2,"Feb",2021,1,"Monday","(41.878723, -87.63374)","orange"
"1045716",40040,"Quincy/Wells","02/02/2021","W",857,2021-02-02,2,"Feb",2021,2,"Tuesday","(41.878723, -87.63374)","orange"
"1045717",40040,"Quincy/Wells","02/03/2021","W",836,2021-02-03,2,"Feb",2021,3,"Wednesday","(41.878723, -87.63374)","orange"
"1045718",40040,"Quincy/Wells","02/04/2021","W",837,2021-02-04,2,"Feb",2021,4,"Thursday","(41.878723, -87.63374)","orange"
"1045719",40040,"Quincy/Wells","02/05/2021","W",646,2021-02-05,2,"Feb",2021,5,"Friday","(41.878723, -87.63374)","orange"
"1045720",40040,"Quincy/Wells","02/06/2021","A",250,2021-02-06,2,"Feb",2021,6,"Saturday","(41.878723, -87.63374)","orange"
"1045721",40040,"Quincy/Wells","02/07/2021","U",178,2021-02-07,2,"Feb",2021,7,"Sunday","(41.878723, -87.63374)","orange"
"1045722",40040,"Quincy/Wells","02/08/2021","W",730,2021-02-08,2,"Feb",2021,8,"Monday","(41.878723, -87.63374)","orange"
"1045723",40040,"Quincy/Wells","02/09/2021","W",775,2021-02-09,2,"Feb",2021,9,"Tuesday","(41.878723, -87.63374)","orange"
"1045724",40040,"Quincy/Wells","02/10/2021","W",828,2021-02-10,2,"Feb",2021,10,"Wednesday","(41.878723, -87.63374)","orange"
"1045725",40040,"Quincy/Wells","02/11/2021","W",788,2021-02-11,2,"Feb",2021,11,"Thursday","(41.878723, -87.63374)","orange"
"1045726",40040,"Quincy/Wells","02/12/2021","W",740,2021-02-12,2,"Feb",2021,12,"Friday","(41.878723, -87.63374)","orange"
"1045727",40040,"Quincy/Wells","02/14/2021","U",210,2021-02-14,2,"Feb",2021,14,"Sunday","(41.878723, -87.63374)","orange"
"1045728",40040,"Quincy/Wells","02/15/2021","W",611,2021-02-15,2,"Feb",2021,15,"Monday","(41.878723, -87.63374)","orange"
"1045729",40040,"Quincy/Wells","02/16/2021","W",516,2021-02-16,2,"Feb",2021,16,"Tuesday","(41.878723, -87.63374)","orange"
"1045730",40040,"Quincy/Wells","02/17/2021","W",836,2021-02-17,2,"Feb",2021,17,"Wednesday","(41.878723, -87.63374)","orange"
"1045731",40040,"Quincy/Wells","02/18/2021","W",822,2021-02-18,2,"Feb",2021,18,"Thursday","(41.878723, -87.63374)","orange"
"1045732",40040,"Quincy/Wells","02/19/2021","W",782,2021-02-19,2,"Feb",2021,19,"Friday","(41.878723, -87.63374)","orange"
"1045733",40040,"Quincy/Wells","02/20/2021","A",303,2021-02-20,2,"Feb",2021,20,"Saturday","(41.878723, -87.63374)","orange"
"1045734",40040,"Quincy/Wells","02/21/2021","U",222,2021-02-21,2,"Feb",2021,21,"Sunday","(41.878723, -87.63374)","orange"
"1045735",40040,"Quincy/Wells","02/22/2021","W",825,2021-02-22,2,"Feb",2021,22,"Monday","(41.878723, -87.63374)","orange"
"1045736",40040,"Quincy/Wells","02/23/2021","W",837,2021-02-23,2,"Feb",2021,23,"Tuesday","(41.878723, -87.63374)","orange"
"1045737",40040,"Quincy/Wells","02/24/2021","W",847,2021-02-24,2,"Feb",2021,24,"Wednesday","(41.878723, -87.63374)","orange"
"1045738",40040,"Quincy/Wells","02/25/2021","W",886,2021-02-25,2,"Feb",2021,25,"Thursday","(41.878723, -87.63374)","orange"
"1045739",40040,"Quincy/Wells","02/26/2021","W",773,2021-02-26,2,"Feb",2021,26,"Friday","(41.878723, -87.63374)","orange"
"1045740",40040,"Quincy/Wells","02/27/2021","A",342,2021-02-27,2,"Feb",2021,27,"Saturday","(41.878723, -87.63374)","orange"
"1045741",40040,"Quincy/Wells","02/28/2021","U",239,2021-02-28,2,"Feb",2021,28,"Sunday","(41.878723, -87.63374)","orange"
"1049727",40040,"Quincy/Wells","03/01/2021","W",840,2021-03-01,3,"Mar",2021,1,"Monday","(41.878723, -87.63374)","orange"
"1049728",40040,"Quincy/Wells","03/02/2021","W",902,2021-03-02,3,"Mar",2021,2,"Tuesday","(41.878723, -87.63374)","orange"
"1049729",40040,"Quincy/Wells","03/03/2021","W",860,2021-03-03,3,"Mar",2021,3,"Wednesday","(41.878723, -87.63374)","orange"
"1049730",40040,"Quincy/Wells","03/04/2021","W",896,2021-03-04,3,"Mar",2021,4,"Thursday","(41.878723, -87.63374)","orange"
"1049731",40040,"Quincy/Wells","03/05/2021","W",778,2021-03-05,3,"Mar",2021,5,"Friday","(41.878723, -87.63374)","orange"
"1049732",40040,"Quincy/Wells","03/06/2021","A",311,2021-03-06,3,"Mar",2021,6,"Saturday","(41.878723, -87.63374)","orange"
"1049733",40040,"Quincy/Wells","03/07/2021","U",218,2021-03-07,3,"Mar",2021,7,"Sunday","(41.878723, -87.63374)","orange"
"1049734",40040,"Quincy/Wells","03/08/2021","W",823,2021-03-08,3,"Mar",2021,8,"Monday","(41.878723, -87.63374)","orange"
"1049735",40040,"Quincy/Wells","03/09/2021","W",906,2021-03-09,3,"Mar",2021,9,"Tuesday","(41.878723, -87.63374)","orange"
"1049736",40040,"Quincy/Wells","03/10/2021","W",885,2021-03-10,3,"Mar",2021,10,"Wednesday","(41.878723, -87.63374)","orange"
"1049737",40040,"Quincy/Wells","03/11/2021","W",821,2021-03-11,3,"Mar",2021,11,"Thursday","(41.878723, -87.63374)","orange"
"1049738",40040,"Quincy/Wells","03/12/2021","W",796,2021-03-12,3,"Mar",2021,12,"Friday","(41.878723, -87.63374)","orange"
"1049739",40040,"Quincy/Wells","03/13/2021","A",388,2021-03-13,3,"Mar",2021,13,"Saturday","(41.878723, -87.63374)","orange"
"1049740",40040,"Quincy/Wells","03/14/2021","U",263,2021-03-14,3,"Mar",2021,14,"Sunday","(41.878723, -87.63374)","orange"
"1049741",40040,"Quincy/Wells","03/15/2021","W",830,2021-03-15,3,"Mar",2021,15,"Monday","(41.878723, -87.63374)","orange"
"1049742",40040,"Quincy/Wells","03/16/2021","W",899,2021-03-16,3,"Mar",2021,16,"Tuesday","(41.878723, -87.63374)","orange"
"1049743",40040,"Quincy/Wells","03/17/2021","W",962,2021-03-17,3,"Mar",2021,17,"Wednesday","(41.878723, -87.63374)","orange"
"1049744",40040,"Quincy/Wells","03/18/2021","W",872,2021-03-18,3,"Mar",2021,18,"Thursday","(41.878723, -87.63374)","orange"
"1049745",40040,"Quincy/Wells","03/19/2021","W",837,2021-03-19,3,"Mar",2021,19,"Friday","(41.878723, -87.63374)","orange"
"1049746",40040,"Quincy/Wells","03/20/2021","A",338,2021-03-20,3,"Mar",2021,20,"Saturday","(41.878723, -87.63374)","orange"
"1049747",40040,"Quincy/Wells","03/21/2021","U",265,2021-03-21,3,"Mar",2021,21,"Sunday","(41.878723, -87.63374)","orange"
"1049748",40040,"Quincy/Wells","03/22/2021","W",892,2021-03-22,3,"Mar",2021,22,"Monday","(41.878723, -87.63374)","orange"
"1049749",40040,"Quincy/Wells","03/23/2021","W",903,2021-03-23,3,"Mar",2021,23,"Tuesday","(41.878723, -87.63374)","orange"
"1049750",40040,"Quincy/Wells","03/24/2021","W",910,2021-03-24,3,"Mar",2021,24,"Wednesday","(41.878723, -87.63374)","orange"
"1049751",40040,"Quincy/Wells","03/25/2021","W",884,2021-03-25,3,"Mar",2021,25,"Thursday","(41.878723, -87.63374)","orange"
"1049752",40040,"Quincy/Wells","03/26/2021","W",855,2021-03-26,3,"Mar",2021,26,"Friday","(41.878723, -87.63374)","orange"
"1049753",40040,"Quincy/Wells","03/27/2021","A",326,2021-03-27,3,"Mar",2021,27,"Saturday","(41.878723, -87.63374)","orange"
"1049754",40040,"Quincy/Wells","03/28/2021","U",275,2021-03-28,3,"Mar",2021,28,"Sunday","(41.878723, -87.63374)","orange"
"1049755",40040,"Quincy/Wells","03/29/2021","W",881,2021-03-29,3,"Mar",2021,29,"Monday","(41.878723, -87.63374)","orange"
"1049756",40040,"Quincy/Wells","03/30/2021","W",889,2021-03-30,3,"Mar",2021,30,"Tuesday","(41.878723, -87.63374)","orange"
"1049757",40040,"Quincy/Wells","03/31/2021","W",933,2021-03-31,3,"Mar",2021,31,"Wednesday","(41.878723, -87.63374)","orange"
"1054157",40040,"Quincy/Wells","04/01/2021","W",933,2021-04-01,4,"Apr",2021,1,"Thursday","(41.878723, -87.63374)","orange"
"1054158",40040,"Quincy/Wells","04/02/2021","W",740,2021-04-02,4,"Apr",2021,2,"Friday","(41.878723, -87.63374)","orange"
"1054159",40040,"Quincy/Wells","04/03/2021","A",366,2021-04-03,4,"Apr",2021,3,"Saturday","(41.878723, -87.63374)","orange"
"1054160",40040,"Quincy/Wells","04/04/2021","U",326,2021-04-04,4,"Apr",2021,4,"Sunday","(41.878723, -87.63374)","orange"
"1054161",40040,"Quincy/Wells","04/05/2021","W",930,2021-04-05,4,"Apr",2021,5,"Monday","(41.878723, -87.63374)","orange"
"1054162",40040,"Quincy/Wells","04/06/2021","W",935,2021-04-06,4,"Apr",2021,6,"Tuesday","(41.878723, -87.63374)","orange"
"1054163",40040,"Quincy/Wells","04/07/2021","W",931,2021-04-07,4,"Apr",2021,7,"Wednesday","(41.878723, -87.63374)","orange"
"1054164",40040,"Quincy/Wells","04/08/2021","W",967,2021-04-08,4,"Apr",2021,8,"Thursday","(41.878723, -87.63374)","orange"
"1054165",40040,"Quincy/Wells","04/09/2021","W",793,2021-04-09,4,"Apr",2021,9,"Friday","(41.878723, -87.63374)","orange"
"1054166",40040,"Quincy/Wells","04/10/2021","A",341,2021-04-10,4,"Apr",2021,10,"Saturday","(41.878723, -87.63374)","orange"
"1054167",40040,"Quincy/Wells","04/11/2021","U",301,2021-04-11,4,"Apr",2021,11,"Sunday","(41.878723, -87.63374)","orange"
"1054168",40040,"Quincy/Wells","04/12/2021","W",977,2021-04-12,4,"Apr",2021,12,"Monday","(41.878723, -87.63374)","orange"
"1054169",40040,"Quincy/Wells","04/13/2021","W",941,2021-04-13,4,"Apr",2021,13,"Tuesday","(41.878723, -87.63374)","orange"
"1054170",40040,"Quincy/Wells","04/14/2021","W",997,2021-04-14,4,"Apr",2021,14,"Wednesday","(41.878723, -87.63374)","orange"
"1054171",40040,"Quincy/Wells","04/15/2021","W",1018,2021-04-15,4,"Apr",2021,15,"Thursday","(41.878723, -87.63374)","orange"
"1054172",40040,"Quincy/Wells","04/16/2021","W",932,2021-04-16,4,"Apr",2021,16,"Friday","(41.878723, -87.63374)","orange"
"1054173",40040,"Quincy/Wells","04/17/2021","A",471,2021-04-17,4,"Apr",2021,17,"Saturday","(41.878723, -87.63374)","orange"
"1054174",40040,"Quincy/Wells","04/18/2021","U",362,2021-04-18,4,"Apr",2021,18,"Sunday","(41.878723, -87.63374)","orange"
"1054175",40040,"Quincy/Wells","04/19/2021","W",963,2021-04-19,4,"Apr",2021,19,"Monday","(41.878723, -87.63374)","orange"
"1054176",40040,"Quincy/Wells","04/20/2021","W",1021,2021-04-20,4,"Apr",2021,20,"Tuesday","(41.878723, -87.63374)","orange"
"1054177",40040,"Quincy/Wells","04/21/2021","W",987,2021-04-21,4,"Apr",2021,21,"Wednesday","(41.878723, -87.63374)","orange"
"1054178",40040,"Quincy/Wells","04/22/2021","W",989,2021-04-22,4,"Apr",2021,22,"Thursday","(41.878723, -87.63374)","orange"
"1054179",40040,"Quincy/Wells","04/23/2021","W",972,2021-04-23,4,"Apr",2021,23,"Friday","(41.878723, -87.63374)","orange"
"1054180",40040,"Quincy/Wells","04/24/2021","A",444,2021-04-24,4,"Apr",2021,24,"Saturday","(41.878723, -87.63374)","orange"
"1054181",40040,"Quincy/Wells","04/25/2021","U",381,2021-04-25,4,"Apr",2021,25,"Sunday","(41.878723, -87.63374)","orange"
"1054182",40040,"Quincy/Wells","04/26/2021","W",1036,2021-04-26,4,"Apr",2021,26,"Monday","(41.878723, -87.63374)","orange"
"1054183",40040,"Quincy/Wells","04/27/2021","W",1099,2021-04-27,4,"Apr",2021,27,"Tuesday","(41.878723, -87.63374)","orange"
"1054184",40040,"Quincy/Wells","04/28/2021","W",1092,2021-04-28,4,"Apr",2021,28,"Wednesday","(41.878723, -87.63374)","orange"
"1054185",40040,"Quincy/Wells","04/29/2021","W",1030,2021-04-29,4,"Apr",2021,29,"Thursday","(41.878723, -87.63374)","orange"
"1054186",40040,"Quincy/Wells","04/30/2021","W",1082,2021-04-30,4,"Apr",2021,30,"Friday","(41.878723, -87.63374)","orange"
"1058450",40040,"Quincy/Wells","05/01/2021","A",558,2021-05-01,5,"May",2021,1,"Saturday","(41.878723, -87.63374)","orange"
"1058451",40040,"Quincy/Wells","05/02/2021","U",391,2021-05-02,5,"May",2021,2,"Sunday","(41.878723, -87.63374)","orange"
"1058452",40040,"Quincy/Wells","05/03/2021","W",1120,2021-05-03,5,"May",2021,3,"Monday","(41.878723, -87.63374)","orange"
"1058453",40040,"Quincy/Wells","05/04/2021","W",1214,2021-05-04,5,"May",2021,4,"Tuesday","(41.878723, -87.63374)","orange"
"1058454",40040,"Quincy/Wells","05/05/2021","W",1177,2021-05-05,5,"May",2021,5,"Wednesday","(41.878723, -87.63374)","orange"
"1058455",40040,"Quincy/Wells","05/06/2021","W",1173,2021-05-06,5,"May",2021,6,"Thursday","(41.878723, -87.63374)","orange"
"1058456",40040,"Quincy/Wells","05/07/2021","W",1119,2021-05-07,5,"May",2021,7,"Friday","(41.878723, -87.63374)","orange"
"1058457",40040,"Quincy/Wells","05/08/2021","A",567,2021-05-08,5,"May",2021,8,"Saturday","(41.878723, -87.63374)","orange"
"1058458",40040,"Quincy/Wells","05/09/2021","U",441,2021-05-09,5,"May",2021,9,"Sunday","(41.878723, -87.63374)","orange"
"1058459",40040,"Quincy/Wells","05/10/2021","W",1186,2021-05-10,5,"May",2021,10,"Monday","(41.878723, -87.63374)","orange"
"1058460",40040,"Quincy/Wells","05/11/2021","W",1238,2021-05-11,5,"May",2021,11,"Tuesday","(41.878723, -87.63374)","orange"
"1058461",40040,"Quincy/Wells","05/12/2021","W",1321,2021-05-12,5,"May",2021,12,"Wednesday","(41.878723, -87.63374)","orange"
"1058462",40040,"Quincy/Wells","05/13/2021","W",1246,2021-05-13,5,"May",2021,13,"Thursday","(41.878723, -87.63374)","orange"
"1058463",40040,"Quincy/Wells","05/14/2021","W",1170,2021-05-14,5,"May",2021,14,"Friday","(41.878723, -87.63374)","orange"
"1058464",40040,"Quincy/Wells","05/15/2021","A",681,2021-05-15,5,"May",2021,15,"Saturday","(41.878723, -87.63374)","orange"
"1058465",40040,"Quincy/Wells","05/16/2021","U",548,2021-05-16,5,"May",2021,16,"Sunday","(41.878723, -87.63374)","orange"
"1058466",40040,"Quincy/Wells","05/17/2021","W",1272,2021-05-17,5,"May",2021,17,"Monday","(41.878723, -87.63374)","orange"
"1058467",40040,"Quincy/Wells","05/18/2021","W",1314,2021-05-18,5,"May",2021,18,"Tuesday","(41.878723, -87.63374)","orange"
"1058468",40040,"Quincy/Wells","05/19/2021","W",1273,2021-05-19,5,"May",2021,19,"Wednesday","(41.878723, -87.63374)","orange"
"1058469",40040,"Quincy/Wells","05/20/2021","W",1402,2021-05-20,5,"May",2021,20,"Thursday","(41.878723, -87.63374)","orange"
"1058470",40040,"Quincy/Wells","05/21/2021","W",1308,2021-05-21,5,"May",2021,21,"Friday","(41.878723, -87.63374)","orange"
"1058471",40040,"Quincy/Wells","05/22/2021","A",698,2021-05-22,5,"May",2021,22,"Saturday","(41.878723, -87.63374)","orange"
"1058472",40040,"Quincy/Wells","05/23/2021","U",482,2021-05-23,5,"May",2021,23,"Sunday","(41.878723, -87.63374)","orange"
"1058473",40040,"Quincy/Wells","05/24/2021","W",1321,2021-05-24,5,"May",2021,24,"Monday","(41.878723, -87.63374)","orange"
"1058474",40040,"Quincy/Wells","05/25/2021","W",1330,2021-05-25,5,"May",2021,25,"Tuesday","(41.878723, -87.63374)","orange"
"1058475",40040,"Quincy/Wells","05/26/2021","W",1412,2021-05-26,5,"May",2021,26,"Wednesday","(41.878723, -87.63374)","orange"
"1058476",40040,"Quincy/Wells","05/27/2021","W",1357,2021-05-27,5,"May",2021,27,"Thursday","(41.878723, -87.63374)","orange"
"1058477",40040,"Quincy/Wells","05/28/2021","W",1216,2021-05-28,5,"May",2021,28,"Friday","(41.878723, -87.63374)","orange"
"1058478",40040,"Quincy/Wells","05/29/2021","A",862,2021-05-29,5,"May",2021,29,"Saturday","(41.878723, -87.63374)","orange"
"1058479",40040,"Quincy/Wells","05/30/2021","U",773,2021-05-30,5,"May",2021,30,"Sunday","(41.878723, -87.63374)","orange"
"1058480",40040,"Quincy/Wells","05/31/2021","U",655,2021-05-31,5,"May",2021,31,"Monday","(41.878723, -87.63374)","orange"
"1062880",40040,"Quincy/Wells","06/01/2021","W",1525,2021-06-01,6,"Jun",2021,1,"Tuesday","(41.878723, -87.63374)","orange"
"1062881",40040,"Quincy/Wells","06/02/2021","W",1581,2021-06-02,6,"Jun",2021,2,"Wednesday","(41.878723, -87.63374)","orange"
"1062882",40040,"Quincy/Wells","06/03/2021","W",1592,2021-06-03,6,"Jun",2021,3,"Thursday","(41.878723, -87.63374)","orange"
"1062883",40040,"Quincy/Wells","06/04/2021","W",1480,2021-06-04,6,"Jun",2021,4,"Friday","(41.878723, -87.63374)","orange"
"1062884",40040,"Quincy/Wells","06/05/2021","A",670,2021-06-05,6,"Jun",2021,5,"Saturday","(41.878723, -87.63374)","orange"
"1062885",40040,"Quincy/Wells","06/06/2021","U",497,2021-06-06,6,"Jun",2021,6,"Sunday","(41.878723, -87.63374)","orange"
"1062886",40040,"Quincy/Wells","06/07/2021","W",1559,2021-06-07,6,"Jun",2021,7,"Monday","(41.878723, -87.63374)","orange"
"1062887",40040,"Quincy/Wells","06/08/2021","W",1679,2021-06-08,6,"Jun",2021,8,"Tuesday","(41.878723, -87.63374)","orange"
"1062888",40040,"Quincy/Wells","06/09/2021","W",1674,2021-06-09,6,"Jun",2021,9,"Wednesday","(41.878723, -87.63374)","orange"
"1062889",40040,"Quincy/Wells","06/10/2021","W",1820,2021-06-10,6,"Jun",2021,10,"Thursday","(41.878723, -87.63374)","orange"
"1062890",40040,"Quincy/Wells","06/11/2021","W",1566,2021-06-11,6,"Jun",2021,11,"Friday","(41.878723, -87.63374)","orange"
"1062891",40040,"Quincy/Wells","06/12/2021","A",829,2021-06-12,6,"Jun",2021,12,"Saturday","(41.878723, -87.63374)","orange"
"1062892",40040,"Quincy/Wells","06/13/2021","U",750,2021-06-13,6,"Jun",2021,13,"Sunday","(41.878723, -87.63374)","orange"
"1062893",40040,"Quincy/Wells","06/14/2021","W",1709,2021-06-14,6,"Jun",2021,14,"Monday","(41.878723, -87.63374)","orange"
"1062894",40040,"Quincy/Wells","06/15/2021","W",1927,2021-06-15,6,"Jun",2021,15,"Tuesday","(41.878723, -87.63374)","orange"
"1062895",40040,"Quincy/Wells","06/16/2021","W",1996,2021-06-16,6,"Jun",2021,16,"Wednesday","(41.878723, -87.63374)","orange"
"1062896",40040,"Quincy/Wells","06/17/2021","W",1832,2021-06-17,6,"Jun",2021,17,"Thursday","(41.878723, -87.63374)","orange"
"1062897",40040,"Quincy/Wells","06/18/2021","W",1646,2021-06-18,6,"Jun",2021,18,"Friday","(41.878723, -87.63374)","orange"
"1062898",40040,"Quincy/Wells","06/19/2021","A",948,2021-06-19,6,"Jun",2021,19,"Saturday","(41.878723, -87.63374)","orange"
"1062899",40040,"Quincy/Wells","06/20/2021","U",518,2021-06-20,6,"Jun",2021,20,"Sunday","(41.878723, -87.63374)","orange"
"1062900",40040,"Quincy/Wells","06/21/2021","W",1779,2021-06-21,6,"Jun",2021,21,"Monday","(41.878723, -87.63374)","orange"
"1062901",40040,"Quincy/Wells","06/22/2021","W",2103,2021-06-22,6,"Jun",2021,22,"Tuesday","(41.878723, -87.63374)","orange"
"1062902",40040,"Quincy/Wells","06/23/2021","W",1998,2021-06-23,6,"Jun",2021,23,"Wednesday","(41.878723, -87.63374)","orange"
"1062903",40040,"Quincy/Wells","06/24/2021","W",2031,2021-06-24,6,"Jun",2021,24,"Thursday","(41.878723, -87.63374)","orange"
"1062904",40040,"Quincy/Wells","06/25/2021","W",1679,2021-06-25,6,"Jun",2021,25,"Friday","(41.878723, -87.63374)","orange"
"1062905",40040,"Quincy/Wells","06/26/2021","A",714,2021-06-26,6,"Jun",2021,26,"Saturday","(41.878723, -87.63374)","orange"
"1062906",40040,"Quincy/Wells","06/27/2021","U",750,2021-06-27,6,"Jun",2021,27,"Sunday","(41.878723, -87.63374)","orange"
"1062907",40040,"Quincy/Wells","06/28/2021","W",1974,2021-06-28,6,"Jun",2021,28,"Monday","(41.878723, -87.63374)","orange"
"1062908",40040,"Quincy/Wells","06/29/2021","W",1918,2021-06-29,6,"Jun",2021,29,"Tuesday","(41.878723, -87.63374)","orange"
"1062909",40040,"Quincy/Wells","06/30/2021","W",1932,2021-06-30,6,"Jun",2021,30,"Wednesday","(41.878723, -87.63374)","orange"
"1067173",40040,"Quincy/Wells","07/01/2021","W",1941,2021-07-01,7,"Jul",2021,1,"Thursday","(41.878723, -87.63374)","orange"
"1067174",40040,"Quincy/Wells","07/02/2021","W",1532,2021-07-02,7,"Jul",2021,2,"Friday","(41.878723, -87.63374)","orange"
"1067175",40040,"Quincy/Wells","07/03/2021","A",923,2021-07-03,7,"Jul",2021,3,"Saturday","(41.878723, -87.63374)","orange"
"1067176",40040,"Quincy/Wells","07/04/2021","U",734,2021-07-04,7,"Jul",2021,4,"Sunday","(41.878723, -87.63374)","orange"
"1067177",40040,"Quincy/Wells","07/05/2021","U",916,2021-07-05,7,"Jul",2021,5,"Monday","(41.878723, -87.63374)","orange"
"1067178",40040,"Quincy/Wells","07/06/2021","W",2242,2021-07-06,7,"Jul",2021,6,"Tuesday","(41.878723, -87.63374)","orange"
"1067179",40040,"Quincy/Wells","07/07/2021","W",2341,2021-07-07,7,"Jul",2021,7,"Wednesday","(41.878723, -87.63374)","orange"
"1067180",40040,"Quincy/Wells","07/08/2021","W",2424,2021-07-08,7,"Jul",2021,8,"Thursday","(41.878723, -87.63374)","orange"
"1067181",40040,"Quincy/Wells","07/09/2021","W",1925,2021-07-09,7,"Jul",2021,9,"Friday","(41.878723, -87.63374)","orange"
"1067182",40040,"Quincy/Wells","07/10/2021","A",913,2021-07-10,7,"Jul",2021,10,"Saturday","(41.878723, -87.63374)","orange"
"1067183",40040,"Quincy/Wells","07/11/2021","U",865,2021-07-11,7,"Jul",2021,11,"Sunday","(41.878723, -87.63374)","orange"
"1067184",40040,"Quincy/Wells","07/12/2021","W",2133,2021-07-12,7,"Jul",2021,12,"Monday","(41.878723, -87.63374)","orange"
"1067185",40040,"Quincy/Wells","07/13/2021","W",2555,2021-07-13,7,"Jul",2021,13,"Tuesday","(41.878723, -87.63374)","orange"
"1067186",40040,"Quincy/Wells","07/14/2021","W",2471,2021-07-14,7,"Jul",2021,14,"Wednesday","(41.878723, -87.63374)","orange"
"1067187",40040,"Quincy/Wells","07/15/2021","W",2385,2021-07-15,7,"Jul",2021,15,"Thursday","(41.878723, -87.63374)","orange"
"1067188",40040,"Quincy/Wells","07/16/2021","W",1865,2021-07-16,7,"Jul",2021,16,"Friday","(41.878723, -87.63374)","orange"
"1067189",40040,"Quincy/Wells","07/17/2021","A",1041,2021-07-17,7,"Jul",2021,17,"Saturday","(41.878723, -87.63374)","orange"
"1067190",40040,"Quincy/Wells","07/18/2021","U",968,2021-07-18,7,"Jul",2021,18,"Sunday","(41.878723, -87.63374)","orange"
"1067191",40040,"Quincy/Wells","07/19/2021","W",2231,2021-07-19,7,"Jul",2021,19,"Monday","(41.878723, -87.63374)","orange"
"1067192",40040,"Quincy/Wells","07/20/2021","W",2533,2021-07-20,7,"Jul",2021,20,"Tuesday","(41.878723, -87.63374)","orange"
"1067193",40040,"Quincy/Wells","07/21/2021","W",2466,2021-07-21,7,"Jul",2021,21,"Wednesday","(41.878723, -87.63374)","orange"
"1067194",40040,"Quincy/Wells","07/22/2021","W",2508,2021-07-22,7,"Jul",2021,22,"Thursday","(41.878723, -87.63374)","orange"
"1067195",40040,"Quincy/Wells","07/23/2021","W",2068,2021-07-23,7,"Jul",2021,23,"Friday","(41.878723, -87.63374)","orange"
"1067196",40040,"Quincy/Wells","07/24/2021","A",1085,2021-07-24,7,"Jul",2021,24,"Saturday","(41.878723, -87.63374)","orange"
"1067197",40040,"Quincy/Wells","07/25/2021","U",995,2021-07-25,7,"Jul",2021,25,"Sunday","(41.878723, -87.63374)","orange"
"1067198",40040,"Quincy/Wells","07/26/2021","W",2424,2021-07-26,7,"Jul",2021,26,"Monday","(41.878723, -87.63374)","orange"
"1067199",40040,"Quincy/Wells","07/27/2021","W",2711,2021-07-27,7,"Jul",2021,27,"Tuesday","(41.878723, -87.63374)","orange"
"1067200",40040,"Quincy/Wells","07/28/2021","W",2696,2021-07-28,7,"Jul",2021,28,"Wednesday","(41.878723, -87.63374)","orange"
"1067201",40040,"Quincy/Wells","07/29/2021","W",2740,2021-07-29,7,"Jul",2021,29,"Thursday","(41.878723, -87.63374)","orange"
"1067202",40040,"Quincy/Wells","07/30/2021","W",2096,2021-07-30,7,"Jul",2021,30,"Friday","(41.878723, -87.63374)","orange"
"1067203",40040,"Quincy/Wells","07/31/2021","A",1164,2021-07-31,7,"Jul",2021,31,"Saturday","(41.878723, -87.63374)","orange"
"1071606",40040,"Quincy/Wells","08/01/2021","U",1051,2021-08-01,8,"Aug",2021,1,"Sunday","(41.878723, -87.63374)","orange"
"1071607",40040,"Quincy/Wells","08/02/2021","W",2393,2021-08-02,8,"Aug",2021,2,"Monday","(41.878723, -87.63374)","orange"
"1071608",40040,"Quincy/Wells","08/03/2021","W",2596,2021-08-03,8,"Aug",2021,3,"Tuesday","(41.878723, -87.63374)","orange"
"1071609",40040,"Quincy/Wells","08/04/2021","W",2408,2021-08-04,8,"Aug",2021,4,"Wednesday","(41.878723, -87.63374)","orange"
"1071610",40040,"Quincy/Wells","08/05/2021","W",2443,2021-08-05,8,"Aug",2021,5,"Thursday","(41.878723, -87.63374)","orange"
"1071611",40040,"Quincy/Wells","08/06/2021","W",2136,2021-08-06,8,"Aug",2021,6,"Friday","(41.878723, -87.63374)","orange"
"1071612",40040,"Quincy/Wells","08/07/2021","A",1139,2021-08-07,8,"Aug",2021,7,"Saturday","(41.878723, -87.63374)","orange"
"1071613",40040,"Quincy/Wells","08/08/2021","U",1018,2021-08-08,8,"Aug",2021,8,"Sunday","(41.878723, -87.63374)","orange"
"1071614",40040,"Quincy/Wells","08/09/2021","W",2131,2021-08-09,8,"Aug",2021,9,"Monday","(41.878723, -87.63374)","orange"
"1071615",40040,"Quincy/Wells","08/10/2021","W",2525,2021-08-10,8,"Aug",2021,10,"Tuesday","(41.878723, -87.63374)","orange"
"1071616",40040,"Quincy/Wells","08/11/2021","W",2349,2021-08-11,8,"Aug",2021,11,"Wednesday","(41.878723, -87.63374)","orange"
"1071617",40040,"Quincy/Wells","08/12/2021","W",2345,2021-08-12,8,"Aug",2021,12,"Thursday","(41.878723, -87.63374)","orange"
"1071618",40040,"Quincy/Wells","08/13/2021","W",1892,2021-08-13,8,"Aug",2021,13,"Friday","(41.878723, -87.63374)","orange"
"1071619",40040,"Quincy/Wells","08/14/2021","A",1051,2021-08-14,8,"Aug",2021,14,"Saturday","(41.878723, -87.63374)","orange"
"1071620",40040,"Quincy/Wells","08/15/2021","U",844,2021-08-15,8,"Aug",2021,15,"Sunday","(41.878723, -87.63374)","orange"
"1071621",40040,"Quincy/Wells","08/16/2021","W",2116,2021-08-16,8,"Aug",2021,16,"Monday","(41.878723, -87.63374)","orange"
"1071622",40040,"Quincy/Wells","08/17/2021","W",2386,2021-08-17,8,"Aug",2021,17,"Tuesday","(41.878723, -87.63374)","orange"
"1071623",40040,"Quincy/Wells","08/18/2021","W",2271,2021-08-18,8,"Aug",2021,18,"Wednesday","(41.878723, -87.63374)","orange"
"1071624",40040,"Quincy/Wells","08/19/2021","W",2334,2021-08-19,8,"Aug",2021,19,"Thursday","(41.878723, -87.63374)","orange"
"1071625",40040,"Quincy/Wells","08/20/2021","W",2018,2021-08-20,8,"Aug",2021,20,"Friday","(41.878723, -87.63374)","orange"
"1071626",40040,"Quincy/Wells","08/21/2021","A",1032,2021-08-21,8,"Aug",2021,21,"Saturday","(41.878723, -87.63374)","orange"
"1071627",40040,"Quincy/Wells","08/22/2021","U",1020,2021-08-22,8,"Aug",2021,22,"Sunday","(41.878723, -87.63374)","orange"
"1071628",40040,"Quincy/Wells","08/23/2021","W",2146,2021-08-23,8,"Aug",2021,23,"Monday","(41.878723, -87.63374)","orange"
"1071629",40040,"Quincy/Wells","08/24/2021","W",2329,2021-08-24,8,"Aug",2021,24,"Tuesday","(41.878723, -87.63374)","orange"
"1071630",40040,"Quincy/Wells","08/25/2021","W",2291,2021-08-25,8,"Aug",2021,25,"Wednesday","(41.878723, -87.63374)","orange"
"1071631",40040,"Quincy/Wells","08/26/2021","W",2353,2021-08-26,8,"Aug",2021,26,"Thursday","(41.878723, -87.63374)","orange"
"1071632",40040,"Quincy/Wells","08/27/2021","W",1890,2021-08-27,8,"Aug",2021,27,"Friday","(41.878723, -87.63374)","orange"
"1071633",40040,"Quincy/Wells","08/28/2021","A",937,2021-08-28,8,"Aug",2021,28,"Saturday","(41.878723, -87.63374)","orange"
"1071634",40040,"Quincy/Wells","08/29/2021","U",812,2021-08-29,8,"Aug",2021,29,"Sunday","(41.878723, -87.63374)","orange"
"1071635",40040,"Quincy/Wells","08/30/2021","W",2070,2021-08-30,8,"Aug",2021,30,"Monday","(41.878723, -87.63374)","orange"
"1071636",40040,"Quincy/Wells","08/31/2021","W",2166,2021-08-31,8,"Aug",2021,31,"Tuesday","(41.878723, -87.63374)","orange"
"1075974",40040,"Quincy/Wells","09/20/2021","W",2330,2021-09-20,9,"Sep",2021,20,"Monday","(41.878723, -87.63374)","orange"
"1076037",40040,"Quincy/Wells","09/01/2021","W",2174,2021-09-01,9,"Sep",2021,1,"Wednesday","(41.878723, -87.63374)","orange"
"1076038",40040,"Quincy/Wells","09/02/2021","W",2266,2021-09-02,9,"Sep",2021,2,"Thursday","(41.878723, -87.63374)","orange"
"1076039",40040,"Quincy/Wells","09/03/2021","W",1960,2021-09-03,9,"Sep",2021,3,"Friday","(41.878723, -87.63374)","orange"
"1076040",40040,"Quincy/Wells","09/04/2021","A",1067,2021-09-04,9,"Sep",2021,4,"Saturday","(41.878723, -87.63374)","orange"
"1076041",40040,"Quincy/Wells","09/05/2021","U",1234,2021-09-05,9,"Sep",2021,5,"Sunday","(41.878723, -87.63374)","orange"
"1076042",40040,"Quincy/Wells","09/06/2021","U",1112,2021-09-06,9,"Sep",2021,6,"Monday","(41.878723, -87.63374)","orange"
"1076043",40040,"Quincy/Wells","09/07/2021","W",2206,2021-09-07,9,"Sep",2021,7,"Tuesday","(41.878723, -87.63374)","orange"
"1076044",40040,"Quincy/Wells","09/08/2021","W",2403,2021-09-08,9,"Sep",2021,8,"Wednesday","(41.878723, -87.63374)","orange"
"1076045",40040,"Quincy/Wells","09/09/2021","W",2361,2021-09-09,9,"Sep",2021,9,"Thursday","(41.878723, -87.63374)","orange"
"1076046",40040,"Quincy/Wells","09/10/2021","W",2031,2021-09-10,9,"Sep",2021,10,"Friday","(41.878723, -87.63374)","orange"
"1076047",40040,"Quincy/Wells","09/11/2021","A",924,2021-09-11,9,"Sep",2021,11,"Saturday","(41.878723, -87.63374)","orange"
"1076048",40040,"Quincy/Wells","09/12/2021","U",786,2021-09-12,9,"Sep",2021,12,"Sunday","(41.878723, -87.63374)","orange"
"1076049",40040,"Quincy/Wells","09/13/2021","W",2207,2021-09-13,9,"Sep",2021,13,"Monday","(41.878723, -87.63374)","orange"
"1076050",40040,"Quincy/Wells","09/14/2021","W",2498,2021-09-14,9,"Sep",2021,14,"Tuesday","(41.878723, -87.63374)","orange"
"1076051",40040,"Quincy/Wells","09/15/2021","W",2535,2021-09-15,9,"Sep",2021,15,"Wednesday","(41.878723, -87.63374)","orange"
"1076052",40040,"Quincy/Wells","09/16/2021","W",2579,2021-09-16,9,"Sep",2021,16,"Thursday","(41.878723, -87.63374)","orange"
"1076053",40040,"Quincy/Wells","09/17/2021","W",2342,2021-09-17,9,"Sep",2021,17,"Friday","(41.878723, -87.63374)","orange"
"1076054",40040,"Quincy/Wells","09/18/2021","A",1244,2021-09-18,9,"Sep",2021,18,"Saturday","(41.878723, -87.63374)","orange"
"1076055",40040,"Quincy/Wells","09/19/2021","U",1170,2021-09-19,9,"Sep",2021,19,"Sunday","(41.878723, -87.63374)","orange"
"1076056",40040,"Quincy/Wells","09/21/2021","W",2567,2021-09-21,9,"Sep",2021,21,"Tuesday","(41.878723, -87.63374)","orange"
"1076057",40040,"Quincy/Wells","09/22/2021","W",2465,2021-09-22,9,"Sep",2021,22,"Wednesday","(41.878723, -87.63374)","orange"
"1076058",40040,"Quincy/Wells","09/23/2021","W",2465,2021-09-23,9,"Sep",2021,23,"Thursday","(41.878723, -87.63374)","orange"
"1076059",40040,"Quincy/Wells","09/24/2021","W",2159,2021-09-24,9,"Sep",2021,24,"Friday","(41.878723, -87.63374)","orange"
"1076060",40040,"Quincy/Wells","09/25/2021","A",1151,2021-09-25,9,"Sep",2021,25,"Saturday","(41.878723, -87.63374)","orange"
"1076061",40040,"Quincy/Wells","09/26/2021","U",993,2021-09-26,9,"Sep",2021,26,"Sunday","(41.878723, -87.63374)","orange"
"1076062",40040,"Quincy/Wells","09/27/2021","W",2379,2021-09-27,9,"Sep",2021,27,"Monday","(41.878723, -87.63374)","orange"
"1076063",40040,"Quincy/Wells","09/28/2021","W",2615,2021-09-28,9,"Sep",2021,28,"Tuesday","(41.878723, -87.63374)","orange"
"1076064",40040,"Quincy/Wells","09/29/2021","W",2528,2021-09-29,9,"Sep",2021,29,"Wednesday","(41.878723, -87.63374)","orange"
"1076065",40040,"Quincy/Wells","09/30/2021","W",2636,2021-09-30,9,"Sep",2021,30,"Thursday","(41.878723, -87.63374)","orange"
"1080329",40040,"Quincy/Wells","10/01/2021","W",2021,2021-10-01,10,"Oct",2021,1,"Friday","(41.878723, -87.63374)","orange"
"1080330",40040,"Quincy/Wells","10/02/2021","A",1001,2021-10-02,10,"Oct",2021,2,"Saturday","(41.878723, -87.63374)","orange"
"1080331",40040,"Quincy/Wells","10/03/2021","U",891,2021-10-03,10,"Oct",2021,3,"Sunday","(41.878723, -87.63374)","orange"
"1080332",40040,"Quincy/Wells","10/04/2021","W",2318,2021-10-04,10,"Oct",2021,4,"Monday","(41.878723, -87.63374)","orange"
"1080333",40040,"Quincy/Wells","10/05/2021","W",2612,2021-10-05,10,"Oct",2021,5,"Tuesday","(41.878723, -87.63374)","orange"
"1080334",40040,"Quincy/Wells","10/06/2021","W",2497,2021-10-06,10,"Oct",2021,6,"Wednesday","(41.878723, -87.63374)","orange"
"1080335",40040,"Quincy/Wells","10/07/2021","W",2557,2021-10-07,10,"Oct",2021,7,"Thursday","(41.878723, -87.63374)","orange"
"1080336",40040,"Quincy/Wells","10/08/2021","W",2119,2021-10-08,10,"Oct",2021,8,"Friday","(41.878723, -87.63374)","orange"
"1080337",40040,"Quincy/Wells","10/09/2021","A",1371,2021-10-09,10,"Oct",2021,9,"Saturday","(41.878723, -87.63374)","orange"
"1080338",40040,"Quincy/Wells","10/10/2021","U",1761,2021-10-10,10,"Oct",2021,10,"Sunday","(41.878723, -87.63374)","orange"
"1080339",40040,"Quincy/Wells","10/11/2021","W",2433,2021-10-11,10,"Oct",2021,11,"Monday","(41.878723, -87.63374)","orange"
"1080340",40040,"Quincy/Wells","10/12/2021","W",3003,2021-10-12,10,"Oct",2021,12,"Tuesday","(41.878723, -87.63374)","orange"
"1080341",40040,"Quincy/Wells","10/13/2021","W",2788,2021-10-13,10,"Oct",2021,13,"Wednesday","(41.878723, -87.63374)","orange"
"1080342",40040,"Quincy/Wells","10/14/2021","W",2887,2021-10-14,10,"Oct",2021,14,"Thursday","(41.878723, -87.63374)","orange"
"1080343",40040,"Quincy/Wells","10/15/2021","W",2161,2021-10-15,10,"Oct",2021,15,"Friday","(41.878723, -87.63374)","orange"
"1080344",40040,"Quincy/Wells","10/16/2021","A",1156,2021-10-16,10,"Oct",2021,16,"Saturday","(41.878723, -87.63374)","orange"
"1080345",40040,"Quincy/Wells","10/17/2021","U",1132,2021-10-17,10,"Oct",2021,17,"Sunday","(41.878723, -87.63374)","orange"
"1080346",40040,"Quincy/Wells","10/18/2021","W",2599,2021-10-18,10,"Oct",2021,18,"Monday","(41.878723, -87.63374)","orange"
"1080347",40040,"Quincy/Wells","10/19/2021","W",2933,2021-10-19,10,"Oct",2021,19,"Tuesday","(41.878723, -87.63374)","orange"
"1080348",40040,"Quincy/Wells","10/20/2021","W",2744,2021-10-20,10,"Oct",2021,20,"Wednesday","(41.878723, -87.63374)","orange"
"1080349",40040,"Quincy/Wells","10/21/2021","W",2836,2021-10-21,10,"Oct",2021,21,"Thursday","(41.878723, -87.63374)","orange"
"1080350",40040,"Quincy/Wells","10/22/2021","W",2223,2021-10-22,10,"Oct",2021,22,"Friday","(41.878723, -87.63374)","orange"
"1080351",40040,"Quincy/Wells","10/23/2021","A",1036,2021-10-23,10,"Oct",2021,23,"Saturday","(41.878723, -87.63374)","orange"
"1080352",40040,"Quincy/Wells","10/24/2021","U",732,2021-10-24,10,"Oct",2021,24,"Sunday","(41.878723, -87.63374)","orange"
"1080353",40040,"Quincy/Wells","10/25/2021","W",2261,2021-10-25,10,"Oct",2021,25,"Monday","(41.878723, -87.63374)","orange"
"1080354",40040,"Quincy/Wells","10/26/2021","W",2934,2021-10-26,10,"Oct",2021,26,"Tuesday","(41.878723, -87.63374)","orange"
"1080355",40040,"Quincy/Wells","10/27/2021","W",2736,2021-10-27,10,"Oct",2021,27,"Wednesday","(41.878723, -87.63374)","orange"
"1080356",40040,"Quincy/Wells","10/28/2021","W",2953,2021-10-28,10,"Oct",2021,28,"Thursday","(41.878723, -87.63374)","orange"
"1080357",40040,"Quincy/Wells","10/29/2021","W",2123,2021-10-29,10,"Oct",2021,29,"Friday","(41.878723, -87.63374)","orange"
"1080358",40040,"Quincy/Wells","10/30/2021","A",1017,2021-10-30,10,"Oct",2021,30,"Saturday","(41.878723, -87.63374)","orange"
"1080359",40040,"Quincy/Wells","10/31/2021","U",973,2021-10-31,10,"Oct",2021,31,"Sunday","(41.878723, -87.63374)","orange"
"1084759",40040,"Quincy/Wells","11/01/2021","W",2627,2021-11-01,11,"Nov",2021,1,"Monday","(41.878723, -87.63374)","orange"
"1084760",40040,"Quincy/Wells","11/02/2021","W",2963,2021-11-02,11,"Nov",2021,2,"Tuesday","(41.878723, -87.63374)","orange"
"1084761",40040,"Quincy/Wells","11/03/2021","W",2924,2021-11-03,11,"Nov",2021,3,"Wednesday","(41.878723, -87.63374)","orange"
"1084762",40040,"Quincy/Wells","11/04/2021","W",2949,2021-11-04,11,"Nov",2021,4,"Thursday","(41.878723, -87.63374)","orange"
"1084763",40040,"Quincy/Wells","11/05/2021","W",2212,2021-11-05,11,"Nov",2021,5,"Friday","(41.878723, -87.63374)","orange"
"1084764",40040,"Quincy/Wells","11/06/2021","A",979,2021-11-06,11,"Nov",2021,6,"Saturday","(41.878723, -87.63374)","orange"
"1084765",40040,"Quincy/Wells","11/07/2021","U",852,2021-11-07,11,"Nov",2021,7,"Sunday","(41.878723, -87.63374)","orange"
"1084766",40040,"Quincy/Wells","11/08/2021","W",2693,2021-11-08,11,"Nov",2021,8,"Monday","(41.878723, -87.63374)","orange"
"1084767",40040,"Quincy/Wells","11/09/2021","W",3091,2021-11-09,11,"Nov",2021,9,"Tuesday","(41.878723, -87.63374)","orange"
"1084768",40040,"Quincy/Wells","11/10/2021","W",2872,2021-11-10,11,"Nov",2021,10,"Wednesday","(41.878723, -87.63374)","orange"
"1084769",40040,"Quincy/Wells","11/11/2021","W",2529,2021-11-11,11,"Nov",2021,11,"Thursday","(41.878723, -87.63374)","orange"
"1084770",40040,"Quincy/Wells","11/12/2021","W",2269,2021-11-12,11,"Nov",2021,12,"Friday","(41.878723, -87.63374)","orange"
"1084771",40040,"Quincy/Wells","11/13/2021","A",979,2021-11-13,11,"Nov",2021,13,"Saturday","(41.878723, -87.63374)","orange"
"1084772",40040,"Quincy/Wells","11/14/2021","U",767,2021-11-14,11,"Nov",2021,14,"Sunday","(41.878723, -87.63374)","orange"
"1084773",40040,"Quincy/Wells","11/15/2021","W",2616,2021-11-15,11,"Nov",2021,15,"Monday","(41.878723, -87.63374)","orange"
"1084774",40040,"Quincy/Wells","11/16/2021","W",3043,2021-11-16,11,"Nov",2021,16,"Tuesday","(41.878723, -87.63374)","orange"
"1084775",40040,"Quincy/Wells","11/17/2021","W",2777,2021-11-17,11,"Nov",2021,17,"Wednesday","(41.878723, -87.63374)","orange"
"1084776",40040,"Quincy/Wells","11/18/2021","W",2900,2021-11-18,11,"Nov",2021,18,"Thursday","(41.878723, -87.63374)","orange"
"1084777",40040,"Quincy/Wells","11/19/2021","W",2223,2021-11-19,11,"Nov",2021,19,"Friday","(41.878723, -87.63374)","orange"
"1084778",40040,"Quincy/Wells","11/20/2021","A",933,2021-11-20,11,"Nov",2021,20,"Saturday","(41.878723, -87.63374)","orange"
"1084779",40040,"Quincy/Wells","11/21/2021","U",697,2021-11-21,11,"Nov",2021,21,"Sunday","(41.878723, -87.63374)","orange"
"1084780",40040,"Quincy/Wells","11/22/2021","W",2374,2021-11-22,11,"Nov",2021,22,"Monday","(41.878723, -87.63374)","orange"
"1084781",40040,"Quincy/Wells","11/23/2021","W",2457,2021-11-23,11,"Nov",2021,23,"Tuesday","(41.878723, -87.63374)","orange"
"1084782",40040,"Quincy/Wells","11/24/2021","W",1579,2021-11-24,11,"Nov",2021,24,"Wednesday","(41.878723, -87.63374)","orange"
"1084783",40040,"Quincy/Wells","11/25/2021","U",619,2021-11-25,11,"Nov",2021,25,"Thursday","(41.878723, -87.63374)","orange"
"1084784",40040,"Quincy/Wells","11/26/2021","W",1114,2021-11-26,11,"Nov",2021,26,"Friday","(41.878723, -87.63374)","orange"
"1084785",40040,"Quincy/Wells","11/27/2021","A",975,2021-11-27,11,"Nov",2021,27,"Saturday","(41.878723, -87.63374)","orange"
"1084786",40040,"Quincy/Wells","11/28/2021","U",1043,2021-11-28,11,"Nov",2021,28,"Sunday","(41.878723, -87.63374)","orange"
"1084787",40040,"Quincy/Wells","11/29/2021","W",2402,2021-11-29,11,"Nov",2021,29,"Monday","(41.878723, -87.63374)","orange"
"1084788",40040,"Quincy/Wells","11/30/2021","W",2752,2021-11-30,11,"Nov",2021,30,"Tuesday","(41.878723, -87.63374)","orange"
